#	time(s)	count A	count B	count C	count D
1	0.0100	-4	34		
2	0.0200	-4	30		
3	0.0300	-5	26		
4	0.0400	-5	21		
5	0.0500	-5	17		
6	0.0600	-6	12		
7	0.0700	-6	8		
8	0.0800	-6	3		
9	0.0900	-6	-2		
10	0.1000	-7	-6		
11	0.1100	-7	-11		
12	0.1200	-7	-16		
13	0.1300	-8	-20		
14	0.1400	-8	-24		
15	0.1500	-8	-29		
16	0.1600	-8	-33		
17	0.1700	-8	-37		
18	0.1800	-8	-41		
19	0.1900	-8	-45		
20	0.2000	-8	-48		
21	0.2100	-9	-52		
22	0.2200	-9	-55		
23	0.2300	-9	-58		
24	0.2400	-9	-60		
25	0.2500	-9	-63		
26	0.2600	-9	-65		
27	0.2700	-9	-67		
28	0.2800	-9	-69		
29	0.2900	-9	-70		
30	0.3000	-8	-71		
31	0.3100	-8	-72		
32	0.3200	-8	-73		
33	0.3300	-8	-73		
34	0.3400	-8	-73		
35	0.3500	-8	-72		
36	0.3600	-8	-72		
37	0.3700	-7	-71		
38	0.3800	-7	-70		
39	0.3900	-7	-68		
40	0.4000	-7	-66		
41	0.4100	-6	-64		
42	0.4200	-6	-62		
43	0.4300	-6	-60		
44	0.4400	-6	-57		
45	0.4500	-5	-54		
46	0.4600	-5	-50		
47	0.4700	-5	-47		
48	0.4800	-4	-44		
49	0.4900	-4	-40		
50	0.5000	-4	-36		
51	0.5100	-3	-32		
52	0.5200	-3	-27		
53	0.5300	-3	-23		
54	0.5400	-2	-18		
55	0.5500	-2	-14		
56	0.5600	-2	-9		
57	0.5700	-2	-5		
58	0.5800	-1	0		
59	0.5900	-1	4		
60	0.6000	-1	9		
61	0.6100	-1	14		
62	0.6200	0	18		
63	0.6300	0	23		
64	0.6400	0	27		
65	0.6500	0	31		
66	0.6600	0	35		
67	0.6700	0	39		
68	0.6800	1	43		
69	0.6900	1	47		
70	0.7000	1	50		
71	0.7100	1	54		
72	0.7200	1	56		
73	0.7300	1	59		
74	0.7400	1	62		
75	0.7500	1	64		
76	0.7600	1	66		
77	0.7700	1	68		
78	0.7800	1	70		
79	0.7900	1	71		
80	0.8000	1	72		
81	0.8100	1	72		
82	0.8200	0	73		
83	0.8300	0	73		
84	0.8400	0	72		
85	0.8500	0	72		
86	0.8600	0	71		
87	0.8700	0	70		
88	0.8800	-1	69		
89	0.8900	-1	67		
90	0.9000	-1	65		
91	0.9100	-2	63		
92	0.9200	-2	60		
93	0.9300	-2	58		
94	0.9400	-2	55		
95	0.9500	-3	52		
96	0.9600	-3	48		
97	0.9700	-3	45		
98	0.9800	-4	41		
99	0.9900	-4	37		
100	1.0000	-4	33		
101	1.0100	-4	29		
102	1.0200	-5	25		
103	1.0300	-5	20		
104	1.0400	-5	16		
105	1.0500	-6	11		
106	1.0600	-6	7		
107	1.0700	-6	2		
108	1.0800	-6	-2		
109	1.0900	-7	-7		
110	1.1000	-7	-12		
111	1.1100	-7	-16		
112	1.1200	-8	-21		
113	1.1300	-8	-25		
114	1.1400	-8	-29		
115	1.1500	-8	-34		
116	1.1600	-8	-38		
117	1.1700	-8	-41		
118	1.1800	-8	-45		
119	1.1900	-8	-49		
120	1.2000	-9	-52		
121	1.2100	-9	-55		
122	1.2200	-9	-58		
123	1.2300	-9	-61		
124	1.2400	-9	-63		
125	1.2500	-9	-65		
126	1.2600	-9	-67		
127	1.2700	-9	-69		
128	1.2800	-9	-70		
129	1.2900	-8	-71		
130	1.3000	-8	-72		
131	1.3100	-8	-72		
132	1.3200	-8	-72		
133	1.3300	-8	-72		
134	1.3400	-8	-72		
135	1.3500	-8	-71		
136	1.3600	-7	-70		
137	1.3700	-7	-69		
138	1.3800	-7	-68		
139	1.3900	-7	-66		
140	1.4000	-6	-64		
141	1.4100	-6	-61		
142	1.4200	-6	-59		
143	1.4300	-6	-56		
144	1.4400	-5	-53		
145	1.4500	-5	-50		
146	1.4600	-5	-46		
147	1.4700	-4	-43		
148	1.4800	-4	-39		
149	1.4900	-4	-35		
150	1.5000	-3	-31		
151	1.5100	-3	-26		
152	1.5200	-3	-22		
153	1.5300	-2	-18		
154	1.5400	-2	-13		
155	1.5500	-2	-8		
156	1.5600	-2	-4		
157	1.5700	-1	0		
158	1.5800	-1	5		
159	1.5900	-1	10		
160	1.6000	-1	14		
161	1.6100	0	19		
162	1.6200	0	23		
163	1.6300	0	28		
164	1.6400	0	32		
165	1.6500	0	36		
166	1.6600	0	40		
167	1.6700	1	44		
168	1.6800	1	47		
169	1.6900	1	50		
170	1.7000	1	54		
171	1.7100	1	57		
172	1.7200	1	59		
173	1.7300	1	62		
174	1.7400	1	64		
175	1.7500	1	66		
176	1.7600	1	68		
177	1.7700	1	69		
178	1.7800	1	70		
179	1.7900	1	71		
180	1.8000	1	72		
181	1.8100	0	72		
182	1.8200	0	72		
183	1.8300	0	72		
184	1.8400	0	72		
185	1.8500	0	71		
186	1.8600	0	70		
187	1.8700	-1	68		
188	1.8800	-1	66		
189	1.8900	-1	64		
190	1.9000	-2	62		
191	1.9100	-2	60		
192	1.9200	-2	57		
193	1.9300	-2	54		
194	1.9400	-3	51		
195	1.9500	-3	48		
196	1.9600	-3	44		
197	1.9700	-4	40		
198	1.9800	-4	36		
199	1.9900	-4	32		
200	2.0000	-4	28		
201	2.0100	-5	24		
202	2.0200	-5	20		
203	2.0300	-6	15		
204	2.0400	-6	10		
205	2.0500	-6	6		
206	2.0600	-6	1		
207	2.0700	-6	-3		
208	2.0800	-7	-8		
209	2.0900	-7	-12		
210	2.1000	-7	-17		
211	2.1100	-8	-21		
212	2.1200	-8	-26		
213	2.1300	-8	-30		
214	2.1400	-8	-34		
215	2.1500	-8	-38		
216	2.1600	-8	-42		
217	2.1700	-8	-46		
218	2.1800	-8	-49		
219	2.1900	-9	-52		
220	2.2000	-9	-55		
221	2.2100	-9	-58		
222	2.2200	-9	-61		
223	2.2300	-9	-63		
224	2.2400	-9	-65		
225	2.2500	-9	-67		
226	2.2600	-9	-69		
227	2.2700	-9	-70		
228	2.2800	-8	-71		
229	2.2900	-8	-72		
230	2.3000	-8	-72		
231	2.3100	-8	-72		
232	2.3200	-8	-72		
233	2.3300	-8	-72		
234	2.3400	-8	-71		
235	2.3500	-7	-70		
236	2.3600	-7	-69		
237	2.3700	-7	-67		
238	2.3800	-7	-65		
239	2.3900	-6	-63		
240	2.4000	-6	-61		
241	2.4100	-6	-58		
242	2.4200	-6	-55		
243	2.4300	-5	-52		
244	2.4400	-5	-49		
245	2.4500	-5	-46		
246	2.4600	-4	-42		
247	2.4700	-4	-38		
248	2.4800	-4	-34		
249	2.4900	-3	-30		
250	2.5000	-3	-26		
251	2.5100	-3	-21		
252	2.5200	-2	-17		
253	2.5300	-2	-12		
254	2.5400	-2	-8		
255	2.5500	-2	-3		
256	2.5600	-1	1		
257	2.5700	-1	6		
258	2.5800	-1	10		
259	2.5900	-1	15		
260	2.6000	0	20		
261	2.6100	0	24		
262	2.6200	0	28		
263	2.6300	0	32		
264	2.6400	0	36		
265	2.6500	0	40		
266	2.6600	1	44		
267	2.6700	1	48		
268	2.6800	1	51		
269	2.6900	1	54		
270	2.7000	1	57		
271	2.7100	1	60		
272	2.7200	1	62		
273	2.7300	1	64		
274	2.7400	1	66		
275	2.7500	1	68		
276	2.7600	1	69		
277	2.7700	1	70		
278	2.7800	1	71		
279	2.7900	1	72		
280	2.8000	0	72		
281	2.8100	0	72		
282	2.8200	0	72		
283	2.8300	0	71		
284	2.8400	0	70		
285	2.8500	0	69		
286	2.8600	-1	68		
287	2.8700	-1	66		
288	2.8800	-1	64		
289	2.8900	-2	62		
290	2.9000	-2	59		
291	2.9100	-2	56		
292	2.9200	-2	53		
293	2.9300	-3	50		
294	2.9400	-3	47		
295	2.9500	-3	43		
296	2.9600	-4	40		
297	2.9700	-4	36		
298	2.9800	-4	32		
299	2.9900	-4	28		
300	3.0000	-5	23		
301	3.0100	-5	19		
302	3.0200	-6	14		
303	3.0300	-6	10		
304	3.0400	-6	5		
305	3.0500	-6	1		
306	3.0600	-7	-4		
307	3.0700	-7	-8		
308	3.0800	-7	-13		
309	3.0900	-7	-18		
310	3.1000	-8	-22		
311	3.1100	-8	-26		
312	3.1200	-8	-30		
313	3.1300	-8	-34		
314	3.1400	-8	-38		
315	3.1500	-8	-42		
316	3.1600	-8	-46		
317	3.1700	-8	-49		
318	3.1800	-9	-52		
319	3.1900	-9	-56		
320	3.2000	-9	-58		
321	3.2100	-9	-61		
322	3.2200	-9	-63		
323	3.2300	-9	-65		
324	3.2400	-9	-67		
325	3.2500	-9	-69		
326	3.2600	-9	-70		
327	3.2700	-8	-71		
328	3.2800	-8	-72		
329	3.2900	-8	-72		
330	3.3000	-8	-72		
331	3.3100	-8	-72		
332	3.3200	-8	-71		
333	3.3300	-8	-70		
334	3.3400	-7	-70		
335	3.3500	-7	-68		
336	3.3600	-7	-66		
337	3.3700	-7	-65		
338	3.3800	-6	-62		
339	3.3900	-6	-60		
340	3.4000	-6	-58		
341	3.4100	-6	-55		
342	3.4200	-5	-52		
343	3.4300	-5	-48		
344	3.4400	-5	-45		
345	3.4500	-4	-41		
346	3.4600	-4	-37		
347	3.4700	-4	-33		
348	3.4800	-3	-29		
349	3.4900	-3	-25		
350	3.5000	-3	-21		
351	3.5100	-2	-16		
352	3.5200	-2	-12		
353	3.5300	-2	-7		
354	3.5400	-2	-3		
355	3.5500	-1	2		
356	3.5600	-1	6		
357	3.5700	-1	11		
358	3.5800	-1	16		
359	3.5900	0	20		
360	3.6000	0	24		
361	3.6100	0	28		
362	3.6200	0	33		
363	3.6300	0	37		
364	3.6400	0	40		
365	3.6500	1	44		
366	3.6600	1	48		
367	3.6700	1	51		
368	3.6800	1	54		
369	3.6900	1	57		
370	3.7000	1	60		
371	3.7100	1	62		
372	3.7200	1	64		
373	3.7300	1	66		
374	3.7400	1	68		
375	3.7500	1	69		
376	3.7600	1	70		
377	3.7700	1	71		
378	3.7800	1	72		
379	3.7900	0	72		
380	3.8000	0	72		
381	3.8100	0	71		
382	3.8200	0	71		
383	3.8300	0	70		
384	3.8400	0	68		
385	3.8500	-1	67		
386	3.8600	-1	65		
387	3.8700	-1	63		
388	3.8800	-2	61		
389	3.8900	-2	58		
390	3.9000	-2	56		
391	3.9100	-2	53		
392	3.9200	-3	50		
393	3.9300	-3	46		
394	3.9400	-3	43		
395	3.9500	-4	39		
396	3.9600	-4	35		
397	3.9700	-4	31		
398	3.9800	-5	27		
399	3.9900	-5	22		
400	4.0000	-5	18		
401	4.0100	-6	14		
402	4.0200	-6	9		
403	4.0300	-6	4		
404	4.0400	-6	0		
405	4.0500	-7	-4		
406	4.0600	-7	-9		
407	4.0700	-7	-14		
408	4.0800	-7	-18		
409	4.0900	-8	-22		
410	4.1000	-8	-26		
411	4.1100	-8	-31		
412	4.1200	-8	-35		
413	4.1300	-8	-39		
414	4.1400	-8	-42		
415	4.1500	-8	-46		
416	4.1600	-8	-50		
417	4.1700	-9	-53		
418	4.1800	-9	-56		
419	4.1900	-9	-58		
420	4.2000	-9	-61		
421	4.2100	-9	-63		
422	4.2200	-9	-65		
423	4.2300	-9	-67		
424	4.2400	-9	-68		
425	4.2500	-9	-70		
426	4.2600	-8	-71		
427	4.2700	-8	-71		
428	4.2800	-8	-72		
429	4.2900	-8	-72		
430	4.3000	-8	-72		
431	4.3100	-8	-71		
432	4.3200	-8	-70		
433	4.3300	-7	-69		
434	4.3400	-7	-68		
435	4.3500	-7	-66		
436	4.3600	-7	-64		
437	4.3700	-6	-62		
438	4.3800	-6	-60		
439	4.3900	-6	-57		
440	4.4000	-6	-54		
441	4.4100	-5	-51		
442	4.4200	-5	-48		
443	4.4300	-5	-44		
444	4.4400	-4	-40		
445	4.4500	-4	-37		
446	4.4600	-4	-33		
447	4.4700	-3	-29		
448	4.4800	-3	-24		
449	4.4900	-3	-20		
450	4.5000	-2	-16		
451	4.5100	-2	-11		
452	4.5200	-2	-7		
453	4.5300	-2	-2		
454	4.5400	-1	2		
455	4.5500	-1	7		
456	4.5600	-1	11		
457	4.5700	0	16		
458	4.5800	0	20		
459	4.5900	0	25		
460	4.6000	0	29		
461	4.6100	0	33		
462	4.6200	0	37		
463	4.6300	0	41		
464	4.6400	1	44		
465	4.6500	1	48		
466	4.6600	1	51		
467	4.6700	1	54		
468	4.6800	1	57		
469	4.6900	1	60		
470	4.7000	1	62		
471	4.7100	1	64		
472	4.7200	1	66		
473	4.7300	1	68		
474	4.7400	1	69		
475	4.7500	1	70		
476	4.7600	1	71		
477	4.7700	0	71		
478	4.7800	0	72		
479	4.7900	0	71		
480	4.8000	0	71		
481	4.8100	0	70		
482	4.8200	0	69		
483	4.8300	0	68		
484	4.8400	-1	67		
485	4.8500	-1	65		
486	4.8600	-1	63		
487	4.8700	-2	60		
488	4.8800	-2	58		
489	4.8900	-2	55		
490	4.9000	-2	52		
491	4.9100	-3	49		
492	4.9200	-3	46		
493	4.9300	-3	42		
494	4.9400	-4	38		
495	4.9500	-4	34		
496	4.9600	-4	30		
497	4.9700	-5	26		
498	4.9800	-5	22		
499	4.9900	-5	18		
500	5.0000	-6	13		
501	5.0100	-6	8		
502	5.0200	-6	4		
503	5.0300	-6	0		
504	5.0400	-7	-5		
505	5.0500	-7	-10		
506	5.0600	-7	-14		
507	5.0700	-7	-18		
508	5.0800	-8	-23		
509	5.0900	-8	-27		
510	5.1000	-8	-31		
511	5.1100	-8	-35		
512	5.1200	-8	-39		
513	5.1300	-8	-43		
514	5.1400	-8	-46		
515	5.1500	-9	-50		
516	5.1600	-9	-53		
517	5.1700	-9	-56		
518	5.1800	-9	-58		
519	5.1900	-9	-61		
520	5.2000	-9	-63		
521	5.2100	-9	-65		
522	5.2200	-9	-67		
523	5.2300	-9	-68		
524	5.2400	-9	-70		
525	5.2500	-8	-70		
526	5.2600	-8	-71		
527	5.2700	-8	-71		
528	5.2800	-8	-71		
529	5.2900	-8	-71		
530	5.3000	-8	-71		
531	5.3100	-8	-70		
532	5.3200	-7	-69		
533	5.3300	-7	-67		
534	5.3400	-7	-66		
535	5.3500	-7	-64		
536	5.3600	-6	-62		
537	5.3700	-6	-59		
538	5.3800	-6	-56		
539	5.3900	-6	-54		
540	5.4000	-5	-50		
541	5.4100	-5	-47		
542	5.4200	-4	-44		
543	5.4300	-4	-40		
544	5.4400	-4	-36		
545	5.4500	-4	-32		
546	5.4600	-3	-28		
547	5.4700	-3	-24		
548	5.4800	-3	-20		
549	5.4900	-2	-15		
550	5.5000	-2	-11		
551	5.5100	-2	-6		
552	5.5200	-2	-2		
553	5.5300	-1	3		
554	5.5400	-1	8		
555	5.5500	-1	12		
556	5.5600	0	16		
557	5.5700	0	21		
558	5.5800	0	25		
559	5.5900	0	29		
560	5.6000	0	33		
561	5.6100	0	37		
562	5.6200	1	41		
563	5.6300	1	45		
564	5.6400	1	48		
565	5.6500	1	51		
566	5.6600	1	54		
567	5.6700	1	57		
568	5.6800	1	60		
569	5.6900	1	62		
570	5.7000	1	64		
571	5.7100	1	66		
572	5.7200	1	68		
573	5.7300	1	69		
574	5.7400	1	70		
575	5.7500	1	70		
576	5.7600	0	71		
577	5.7700	0	71		
578	5.7800	0	71		
579	5.7900	0	71		
580	5.8000	0	70		
581	5.8100	0	69		
582	5.8200	0	68		
583	5.8300	-1	66		
584	5.8400	-1	64		
585	5.8500	-1	62		
586	5.8600	-2	60		
587	5.8700	-2	58		
588	5.8800	-2	55		
589	5.8900	-2	52		
590	5.9000	-3	48		
591	5.9100	-3	45		
592	5.9200	-3	42		
593	5.9300	-4	38		
594	5.9400	-4	34		
595	5.9500	-4	30		
596	5.9600	-5	26		
597	5.9700	-5	21		
598	5.9800	-5	17		
599	5.9900	-6	13		
600	6.0000	-6	8		
601	6.0100	-6	4		
602	6.0200	-6	-1		
603	6.0300	-7	-6		
604	6.0400	-7	-10		
605	6.0500	-7	-14		
606	6.0600	-7	-19		
607	6.0700	-8	-23		
608	6.0800	-8	-27		
609	6.0900	-8	-31		
610	6.1000	-8	-36		
611	6.1100	-8	-39		
612	6.1200	-8	-43		
613	6.1300	-8	-46		
614	6.1400	-9	-50		
615	6.1500	-9	-53		
616	6.1600	-9	-56		
617	6.1700	-9	-58		
618	6.1800	-9	-61		
619	6.1900	-9	-63		
620	6.2000	-9	-65		
621	6.2100	-9	-67		
622	6.2200	-9	-68		
623	6.2300	-9	-69		
624	6.2400	-8	-70		
625	6.2500	-8	-71		
626	6.2600	-8	-71		
627	6.2700	-8	-71		
628	6.2800	-8	-71		
629	6.2900	-8	-70		
630	6.3000	-8	-70		
631	6.3100	-7	-68		
632	6.3200	-7	-67		
633	6.3300	-7	-65		
634	6.3400	-7	-63		
635	6.3500	-6	-61		
636	6.3600	-6	-59		
637	6.3700	-6	-56		
638	6.3800	-5	-53		
639	6.3900	-5	-50		
640	6.4000	-5	-47		
641	6.4100	-4	-43		
642	6.4200	-4	-40		
643	6.4300	-4	-36		
644	6.4400	-4	-32		
645	6.4500	-3	-28		
646	6.4600	-3	-23		
647	6.4700	-3	-19		
648	6.4800	-2	-15		
649	6.4900	-2	-10		
650	6.5000	-2	-6		
651	6.5100	-2	-1		
652	6.5200	-1	3		
653	6.5300	-1	8		
654	6.5400	-1	12		
655	6.5500	0	17		
656	6.5600	0	21		
657	6.5700	0	25		
658	6.5800	0	30		
659	6.5900	0	34		
660	6.6000	0	37		
661	6.6100	1	41		
662	6.6200	1	45		
663	6.6300	1	48		
664	6.6400	1	51		
665	6.6500	1	54		
666	6.6600	1	57		
667	6.6700	1	60		
668	6.6800	1	62		
669	6.6900	1	64		
670	6.7000	1	66		
671	6.7100	1	68		
672	6.7200	1	69		
673	6.7300	1	70		
674	6.7400	1	70		
675	6.7500	0	71		
676	6.7600	0	71		
677	6.7700	0	71		
678	6.7800	0	70		
679	6.7900	0	70		
680	6.8000	0	69		
681	6.8100	-1	67		
682	6.8200	-1	66		
683	6.8300	-1	64		
684	6.8400	-1	62		
685	6.8500	-2	60		
686	6.8600	-2	57		
687	6.8700	-2	54		
688	6.8800	-2	51		
689	6.8900	-3	48		
690	6.9000	-3	45		
691	6.9100	-3	41		
692	6.9200	-4	37		
693	6.9300	-4	34		
694	6.9400	-4	29		
695	6.9500	-5	25		
696	6.9600	-5	21		
697	6.9700	-5	17		
698	6.9800	-6	12		
699	6.9900	-6	8		
700	7.0000	-6	3		
701	7.0100	-6	-1		
702	7.0200	-7	-6		
703	7.0300	-7	-10		
704	7.0400	-7	-15		
705	7.0500	-7	-19		
706	7.0600	-8	-23		
707	7.0700	-8	-28		
708	7.0800	-8	-32		
709	7.0900	-8	-36		
710	7.1000	-8	-40		
711	7.1100	-8	-43		
712	7.1200	-8	-47		
713	7.1300	-9	-50		
714	7.1400	-9	-53		
715	7.1500	-9	-56		
716	7.1600	-9	-58		
717	7.1700	-9	-61		
718	7.1800	-9	-63		
719	7.1900	-9	-65		
720	7.2000	-9	-67		
721	7.2100	-9	-68		
722	7.2200	-9	-69		
723	7.2300	-8	-70		
724	7.2400	-8	-71		
725	7.2500	-8	-71		
726	7.2600	-8	-71		
727	7.2700	-8	-70		
728	7.2800	-8	-70		
729	7.2900	-8	-69		
730	7.3000	-7	-68		
731	7.3100	-7	-66		
732	7.3200	-7	-65		
733	7.3300	-6	-63		
734	7.3400	-6	-61		
735	7.3500	-6	-58		
736	7.3600	-6	-56		
737	7.3700	-5	-53		
738	7.3800	-5	-50		
739	7.3900	-5	-46		
740	7.4000	-4	-43		
741	7.4100	-4	-39		
742	7.4200	-4	-35		
743	7.4300	-4	-31		
744	7.4400	-3	-27		
745	7.4500	-3	-23		
746	7.4600	-3	-18		
747	7.4700	-2	-14		
748	7.4800	-2	-10		
749	7.4900	-2	-5		
750	7.5000	-2	-1		
751	7.5100	-1	4		
752	7.5200	-1	8		
753	7.5300	-1	13		
754	7.5400	0	17		
755	7.5500	0	21		
756	7.5600	0	26		
757	7.5700	0	30		
758	7.5800	0	34		
759	7.5900	0	38		
760	7.6000	1	41		
761	7.6100	1	45		
762	7.6200	1	48		
763	7.6300	1	52		
764	7.6400	1	54		
765	7.6500	1	57		
766	7.6600	1	60		
767	7.6700	1	62		
768	7.6800	1	64		
769	7.6900	1	66		
770	7.7000	1	67		
771	7.7100	1	68		
772	7.7200	1	70		
773	7.7300	1	70		
774	7.7400	0	71		
775	7.7500	0	71		
776	7.7600	0	70		
777	7.7700	0	70		
778	7.7800	0	69		
779	7.7900	0	68		
780	7.8000	-1	67		
781	7.8100	-1	66		
782	7.8200	-1	64		
783	7.8300	-1	62		
784	7.8400	-2	59		
785	7.8500	-2	57		
786	7.8600	-2	54		
787	7.8700	-2	51		
788	7.8800	-3	48		
789	7.8900	-3	44		
790	7.9000	-3	41		
791	7.9100	-4	37		
792	7.9200	-4	33		
793	7.9300	-4	29		
794	7.9400	-5	25		
795	7.9500	-5	20		
796	7.9600	-5	16		
797	7.9700	-6	12		
798	7.9800	-6	7		
799	7.9900	-6	3		
800	8.0000	-6	-2		
801	8.0100	-7	-6		
802	8.0200	-7	-11		
803	8.0300	-7	-15		
804	8.0400	-7	-19		
805	8.0500	-8	-24		
806	8.0600	-8	-28		
807	8.0700	-8	-32		
808	8.0800	-8	-36		
809	8.0900	-8	-40		
810	8.1000	-8	-43		
811	8.1100	-8	-47		
812	8.1200	-9	-50		
813	8.1300	-9	-53		
814	8.1400	-9	-56		
815	8.1500	-9	-58		
816	8.1600	-9	-61		
817	8.1700	-9	-63		
818	8.1800	-9	-65		
819	8.1900	-9	-67		
820	8.2000	-9	-68		
821	8.2100	-8	-69		
822	8.2200	-8	-70		
823	8.2300	-8	-70		
824	8.2400	-8	-71		
825	8.2500	-8	-71		
826	8.2600	-8	-70		
827	8.2700	-8	-70		
828	8.2800	-8	-69		
829	8.2900	-7	-68		
830	8.3000	-7	-66		
831	8.3100	-7	-64		
832	8.3200	-6	-62		
833	8.3300	-6	-60		
834	8.3400	-6	-58		
835	8.3500	-6	-55		
836	8.3600	-5	-52		
837	8.3700	-5	-49		
838	8.3800	-5	-46		
839	8.3900	-4	-42		
840	8.4000	-4	-39		
841	8.4100	-4	-35		
842	8.4200	-4	-31		
843	8.4300	-3	-27		
844	8.4400	-3	-22		
845	8.4500	-3	-18		
846	8.4600	-2	-14		
847	8.4700	-2	-9		
848	8.4800	-2	-5		
849	8.4900	-2	0		
850	8.5000	-1	4		
851	8.5100	-1	8		
852	8.5200	-1	13		
853	8.5300	0	17		
854	8.5400	0	22		
855	8.5500	0	26		
856	8.5600	0	30		
857	8.5700	0	34		
858	8.5800	0	38		
859	8.5900	1	42		
860	8.6000	1	45		
861	8.6100	1	48		
862	8.6200	1	52		
863	8.6300	1	54		
864	8.6400	1	57		
865	8.6500	1	60		
866	8.6600	1	62		
867	8.6700	1	64		
868	8.6800	1	66		
869	8.6900	1	67		
870	8.7000	1	68		
871	8.7100	1	69		
872	8.7200	1	70		
873	8.7300	0	70		
874	8.7400	0	70		
875	8.7500	0	70		
876	8.7600	0	70		
877	8.7700	0	69		
878	8.7800	0	68		
879	8.7900	-1	67		
880	8.8000	-1	65		
881	8.8100	-1	63		
882	8.8200	-1	61		
883	8.8300	-2	59		
884	8.8400	-2	56		
885	8.8500	-2	54		
886	8.8600	-2	50		
887	8.8700	-3	47		
888	8.8800	-3	44		
889	8.8900	-3	40		
890	8.9000	-4	36		
891	8.9100	-4	32		
892	8.9200	-4	28		
893	8.9300	-5	24		
894	8.9400	-5	20		
895	8.9500	-5	16		
896	8.9600	-6	11		
897	8.9700	-6	7		
898	8.9800	-6	2		
899	8.9900	-6	-2		
900	9.0000	-7	-6		
901	9.0100	-7	-11		
902	9.0200	-7	-15		
903	9.0300	-7	-20		
904	9.0400	-8	-24		
905	9.0500	-8	-28		
906	9.0600	-8	-32		
907	9.0700	-8	-36		
908	9.0800	-8	-40		
909	9.0900	-8	-43		
910	9.1000	-8	-47		
911	9.1100	-9	-50		
912	9.1200	-9	-53		
913	9.1300	-9	-56		
914	9.1400	-9	-58		
915	9.1500	-9	-61		
916	9.1600	-9	-63		
917	9.1700	-9	-65		
918	9.1800	-9	-66		
919	9.1900	-9	-68		
920	9.2000	-9	-69		
921	9.2100	-8	-70		
922	9.2200	-8	-70		
923	9.2300	-8	-70		
924	9.2400	-8	-70		
925	9.2500	-8	-70		
926	9.2600	-8	-69		
927	9.2700	-8	-68		
928	9.2800	-7	-67		
929	9.2900	-7	-66		
930	9.3000	-7	-64		
931	9.3100	-6	-62		
932	9.3200	-6	-60		
933	9.3300	-6	-58		
934	9.3400	-6	-55		
935	9.3500	-5	-52		
936	9.3600	-5	-49		
937	9.3700	-5	-45		
938	9.3800	-4	-42		
939	9.3900	-4	-38		
940	9.4000	-4	-34		
941	9.4100	-4	-30		
942	9.4200	-3	-26		
943	9.4300	-3	-22		
944	9.4400	-3	-18		
945	9.4500	-2	-13		
946	9.4600	-2	-9		
947	9.4700	-2	-4		
948	9.4800	-2	0		
949	9.4900	-1	4		
950	9.5000	-1	9		
951	9.5100	-1	13		
952	9.5200	0	18		
953	9.5300	0	22		
954	9.5400	0	26		
955	9.5500	0	30		
956	9.5600	0	34		
957	9.5700	0	38		
958	9.5800	1	42		
959	9.5900	1	45		
960	9.6000	1	48		
961	9.6100	1	52		
962	9.6200	1	54		
963	9.6300	1	57		
964	9.6400	1	60		
965	9.6500	1	62		
966	9.6600	1	64		
967	9.6700	1	66		
968	9.6800	1	67		
969	9.6900	1	68		
970	9.7000	1	69		
971	9.7100	1	70		
972	9.7200	0	70		
973	9.7300	0	70		
974	9.7400	0	70		
975	9.7500	0	70		
976	9.7600	0	69		
977	9.7700	0	68		
978	9.7800	-1	66		
979	9.7900	-1	65		
980	9.8000	-1	63		
981	9.8100	-1	61		
982	9.8200	-2	58		
983	9.8300	-2	56		
984	9.8400	-2	53		
985	9.8500	-2	50		
986	9.8600	-3	47		
987	9.8700	-3	43		
988	9.8800	-4	40		
989	9.8900	-4	36		
990	9.9000	-4	32		
991	9.9100	-4	28		
992	9.9200	-5	24		
993	9.9300	-5	20		
994	9.9400	-5	15		
995	9.9500	-6	11		
996	9.9600	-6	6		
997	9.9700	-6	2		
998	9.9800	-6	-2		
999	9.9900	-7	-7		
1000	10.0000	-7	-11		
