#	time(s)	count A	count B	count C	count D
1	0.0100	8	0		
2	0.0200	7	3		
3	0.0300	7	6		
4	0.0400	6	9		
5	0.0500	6	11		
6	0.0600	6	14		
7	0.0700	6	17		
8	0.0800	5	19		
9	0.0900	5	22		
10	0.1000	4	24		
11	0.1100	4	27		
12	0.1200	4	29		
13	0.1300	3	31		
14	0.1400	3	33		
15	0.1500	3	35		
16	0.1600	2	37		
17	0.1700	2	38		
18	0.1800	2	40		
19	0.1900	2	41		
20	0.2000	1	42		
21	0.2100	1	43		
22	0.2200	1	44		
23	0.2300	1	45		
24	0.2400	0	45		
25	0.2500	0	45		
26	0.2600	0	45		
27	0.2700	0	45		
28	0.2800	0	45		
29	0.2900	0	44		
30	0.3000	0	44		
31	0.3100	0	43		
32	0.3200	0	42		
33	0.3300	0	41		
34	0.3400	0	39		
35	0.3500	0	38		
36	0.3600	0	36		
37	0.3700	0	34		
38	0.3800	0	32		
39	0.3900	0	30		
40	0.4000	1	28		
41	0.4100	1	26		
42	0.4200	1	23		
43	0.4300	1	21		
44	0.4400	2	18		
45	0.4500	2	16		
46	0.4600	2	13		
47	0.4700	2	10		
48	0.4800	3	8		
49	0.4900	3	5		
50	0.5000	3	2		
51	0.5100	4	-1		
52	0.5200	4	-4		
53	0.5300	4	-6		
54	0.5400	5	-9		
55	0.5500	5	-11		
56	0.5600	5	-14		
57	0.5700	6	-16		
58	0.5800	6	-19		
59	0.5900	6	-21		
60	0.6000	7	-23		
61	0.6100	7	-25		
62	0.6200	7	-27		
63	0.6300	8	-29		
64	0.6400	8	-30		
65	0.6500	8	-32		
66	0.6600	8	-33		
67	0.6700	9	-34		
68	0.6800	9	-35		
69	0.6900	9	-36		
70	0.7000	9	-36		
71	0.7100	10	-36		
72	0.7200	10	-37		
73	0.7300	10	-37		
74	0.7400	10	-37		
75	0.7500	10	-36		
76	0.7600	10	-36		
77	0.7700	10	-35		
78	0.7800	10	-34		
79	0.7900	10	-33		
80	0.8000	10	-32		
81	0.8100	10	-30		
82	0.8200	10	-29		
83	0.8300	10	-27		
84	0.8400	10	-25		
85	0.8500	10	-23		
86	0.8600	10	-21		
87	0.8700	9	-19		
88	0.8800	9	-16		
89	0.8900	9	-14		
90	0.9000	9	-12		
91	0.9100	8	-9		
92	0.9200	8	-6		
93	0.9300	8	-4		
94	0.9400	8	-1		
95	0.9500	7	2		
96	0.9600	7	5		
97	0.9700	6	7		
98	0.9800	6	10		
99	0.9900	6	13		
100	1.0000	6	15		
101	1.0100	5	18		
102	1.0200	5	21		
103	1.0300	4	23		
104	1.0400	4	26		
105	1.0500	4	28		
106	1.0600	4	30		
107	1.0700	3	32		
108	1.0800	3	34		
109	1.0900	2	36		
110	1.1000	2	38		
111	1.1100	2	39		
112	1.1200	2	40		
113	1.1300	1	42		
114	1.1400	1	43		
115	1.1500	1	44		
116	1.1600	1	44		
117	1.1700	0	45		
118	1.1800	0	45		
119	1.1900	0	45		
120	1.2000	0	45		
121	1.2100	0	45		
122	1.2200	0	44		
123	1.2300	0	44		
124	1.2400	0	43		
125	1.2500	0	42		
126	1.2600	0	41		
127	1.2700	0	40		
128	1.2800	0	38		
129	1.2900	0	37		
130	1.3000	0	35		
131	1.3100	0	33		
132	1.3200	0	31		
133	1.3300	0	29		
134	1.3400	1	27		
135	1.3500	1	24		
136	1.3600	1	22		
137	1.3700	1	19		
138	1.3800	2	17		
139	1.3900	2	14		
140	1.4000	2	11		
141	1.4100	2	9		
142	1.4200	3	6		
143	1.4300	3	3		
144	1.4400	4	0		
145	1.4500	4	-2		
146	1.4600	4	-5		
147	1.4700	4	-8		
148	1.4800	5	-10		
149	1.4900	5	-13		
150	1.5000	6	-15		
151	1.5100	6	-18		
152	1.5200	6	-20		
153	1.5300	7	-22		
154	1.5400	7	-24		
155	1.5500	7	-26		
156	1.5600	8	-28		
157	1.5700	8	-29		
158	1.5800	8	-31		
159	1.5900	8	-32		
160	1.6000	9	-33		
161	1.6100	9	-34		
162	1.6200	9	-35		
163	1.6300	9	-36		
164	1.6400	10	-36		
165	1.6500	10	-36		
166	1.6600	10	-36		
167	1.6700	10	-36		
168	1.6800	10	-36		
169	1.6900	10	-36		
170	1.7000	10	-35		
171	1.7100	10	-34		
172	1.7200	10	-33		
173	1.7300	10	-32		
174	1.7400	10	-31		
175	1.7500	10	-29		
176	1.7600	10	-28		
177	1.7700	10	-26		
178	1.7800	10	-24		
179	1.7900	10	-22		
180	1.8000	9	-20		
181	1.8100	9	-17		
182	1.8200	9	-15		
183	1.8300	9	-12		
184	1.8400	8	-10		
185	1.8500	8	-7		
186	1.8600	8	-5		
187	1.8700	8	-2		
188	1.8800	7	1		
189	1.8900	7	4		
190	1.9000	7	6		
191	1.9100	6	9		
192	1.9200	6	12		
193	1.9300	6	14		
194	1.9400	5	17		
195	1.9500	5	20		
196	1.9600	5	22		
197	1.9700	4	24		
198	1.9800	4	27		
199	1.9900	4	29		
200	2.0000	3	31		
201	2.0100	3	33		
202	2.0200	3	35		
203	2.0300	2	37		
204	2.0400	2	38		
205	2.0500	2	40		
206	2.0600	2	41		
207	2.0700	1	42		
208	2.0800	1	43		
209	2.0900	1	44		
210	2.1000	1	44		
211	2.1100	0	45		
212	2.1200	0	45		
213	2.1300	0	45		
214	2.1400	0	45		
215	2.1500	0	44		
216	2.1600	0	44		
217	2.1700	0	43		
218	2.1800	0	42		
219	2.1900	0	41		
220	2.2000	0	40		
221	2.2100	0	39		
222	2.2200	0	37		
223	2.2300	0	35		
224	2.2400	0	34		
225	2.2500	0	32		
226	2.2600	0	30		
227	2.2700	1	27		
228	2.2800	1	25		
229	2.2900	1	23		
230	2.3000	1	20		
231	2.3100	2	18		
232	2.3200	2	15		
233	2.3300	2	12		
234	2.3400	2	10		
235	2.3500	3	7		
236	2.3600	3	4		
237	2.3700	3	2		
238	2.3800	4	-1		
239	2.3900	4	-4		
240	2.4000	4	-6		
241	2.4100	5	-9		
242	2.4200	5	-12		
243	2.4300	6	-14		
244	2.4400	6	-16		
245	2.4500	6	-19		
246	2.4600	6	-21		
247	2.4700	7	-23		
248	2.4800	7	-25		
249	2.4900	8	-27		
250	2.5000	8	-28		
251	2.5100	8	-30		
252	2.5200	8	-31		
253	2.5300	9	-33		
254	2.5400	9	-34		
255	2.5500	9	-34		
256	2.5600	9	-35		
257	2.5700	9	-36		
258	2.5800	10	-36		
259	2.5900	10	-36		
260	2.6000	10	-36		
261	2.6100	10	-36		
262	2.6200	10	-36		
263	2.6300	10	-35		
264	2.6400	10	-34		
265	2.6500	10	-33		
266	2.6600	10	-32		
267	2.6700	10	-31		
268	2.6800	10	-29		
269	2.6900	10	-28		
270	2.7000	10	-26		
271	2.7100	10	-24		
272	2.7200	10	-22		
273	2.7300	9	-20		
274	2.7400	9	-18		
275	2.7500	9	-16		
276	2.7600	9	-13		
277	2.7700	8	-11		
278	2.7800	8	-8		
279	2.7900	8	-6		
280	2.8000	8	-3		
281	2.8100	7	0		
282	2.8200	7	3		
283	2.8300	7	5		
284	2.8400	6	8		
285	2.8500	6	11		
286	2.8600	6	13		
287	2.8700	5	16		
288	2.8800	5	18		
289	2.8900	5	21		
290	2.9000	4	24		
291	2.9100	4	26		
292	2.9200	4	28		
293	2.9300	3	30		
294	2.9400	3	32		
295	2.9500	3	34		
296	2.9600	2	36		
297	2.9700	2	38		
298	2.9800	2	39		
299	2.9900	2	40		
300	3.0000	1	41		
301	3.0100	1	42		
302	3.0200	1	43		
303	3.0300	1	44		
304	3.0400	0	44		
305	3.0500	0	44		
306	3.0600	0	44		
307	3.0700	0	44		
308	3.0800	0	44		
309	3.0900	0	44		
310	3.1000	0	43		
311	3.1100	0	42		
312	3.1200	0	41		
313	3.1300	0	40		
314	3.1400	0	39		
315	3.1500	0	37		
316	3.1600	0	36		
317	3.1700	0	34		
318	3.1800	0	32		
319	3.1900	0	30		
320	3.2000	1	28		
321	3.2100	1	26		
322	3.2200	1	23		
323	3.2300	1	21		
324	3.2400	2	18		
325	3.2500	2	16		
326	3.2600	2	13		
327	3.2700	2	10		
328	3.2800	3	8		
329	3.2900	3	5		
330	3.3000	3	2		
331	3.3100	4	0		
332	3.3200	4	-3		
333	3.3300	4	-6		
334	3.3400	5	-8		
335	3.3500	5	-11		
336	3.3600	6	-13		
337	3.3700	6	-16		
338	3.3800	6	-18		
339	3.3900	6	-20		
340	3.4000	7	-22		
341	3.4100	7	-24		
342	3.4200	8	-26		
343	3.4300	8	-28		
344	3.4400	8	-29		
345	3.4500	8	-30		
346	3.4600	8	-32		
347	3.4700	9	-33		
348	3.4800	9	-34		
349	3.4900	9	-34		
350	3.5000	9	-35		
351	3.5100	10	-36		
352	3.5200	10	-36		
353	3.5300	10	-36		
354	3.5400	10	-36		
355	3.5500	10	-35		
356	3.5600	10	-35		
357	3.5700	10	-34		
358	3.5800	10	-33		
359	3.5900	10	-32		
360	3.6000	10	-31		
361	3.6100	10	-30		
362	3.6200	10	-28		
363	3.6300	10	-26		
364	3.6400	10	-24		
365	3.6500	10	-22		
366	3.6600	10	-20		
367	3.6700	9	-18		
368	3.6800	9	-16		
369	3.6900	9	-14		
370	3.7000	9	-11		
371	3.7100	8	-9		
372	3.7200	8	-6		
373	3.7300	8	-4		
374	3.7400	8	-1		
375	3.7500	7	2		
376	3.7600	7	4		
377	3.7700	6	7		
378	3.7800	6	10		
379	3.7900	6	12		
380	3.8000	6	15		
381	3.8100	5	18		
382	3.8200	5	20		
383	3.8300	4	23		
384	3.8400	4	25		
385	3.8500	4	27		
386	3.8600	3	29		
387	3.8700	3	31		
388	3.8800	3	33		
389	3.8900	2	35		
390	3.9000	2	37		
391	3.9100	2	38		
392	3.9200	2	40		
393	3.9300	1	41		
394	3.9400	1	42		
395	3.9500	1	42		
396	3.9600	1	43		
397	3.9700	0	44		
398	3.9800	0	44		
399	3.9900	0	44		
400	4.0000	0	44		
401	4.0100	0	44		
402	4.0200	0	44		
403	4.0300	0	43		
404	4.0400	0	42		
405	4.0500	0	41		
406	4.0600	0	40		
407	4.0700	0	39		
408	4.0800	0	37		
409	4.0900	0	36		
410	4.1000	0	34		
411	4.1100	0	32		
412	4.1200	0	30		
413	4.1300	1	28		
414	4.1400	1	26		
415	4.1500	1	24		
416	4.1600	1	21		
417	4.1700	2	19		
418	4.1800	2	16		
419	4.1900	2	14		
420	4.2000	2	11		
421	4.2100	3	8		
422	4.2200	3	6		
423	4.2300	3	3		
424	4.2400	4	0		
425	4.2500	4	-2		
426	4.2600	4	-5		
427	4.2700	5	-7		
428	4.2800	5	-10		
429	4.2900	5	-12		
430	4.3000	6	-15		
431	4.3100	6	-17		
432	4.3200	6	-19		
433	4.3300	7	-21		
434	4.3400	7	-23		
435	4.3500	7	-25		
436	4.3600	8	-27		
437	4.3700	8	-28		
438	4.3800	8	-30		
439	4.3900	8	-31		
440	4.4000	9	-32		
441	4.4100	9	-33		
442	4.4200	9	-34		
443	4.4300	9	-35		
444	4.4400	10	-35		
445	4.4500	10	-35		
446	4.4600	10	-35		
447	4.4700	10	-35		
448	4.4800	10	-35		
449	4.4900	10	-34		
450	4.5000	10	-34		
451	4.5100	10	-33		
452	4.5200	10	-32		
453	4.5300	10	-31		
454	4.5400	10	-30		
455	4.5500	10	-28		
456	4.5600	10	-26		
457	4.5700	10	-25		
458	4.5800	10	-23		
459	4.5900	10	-21		
460	4.6000	9	-19		
461	4.6100	9	-16		
462	4.6200	9	-14		
463	4.6300	9	-12		
464	4.6400	8	-9		
465	4.6500	8	-7		
466	4.6600	8	-4		
467	4.6700	8	-2		
468	4.6800	7	1		
469	4.6900	7	4		
470	4.7000	6	6		
471	4.7100	6	9		
472	4.7200	6	12		
473	4.7300	6	14		
474	4.7400	5	17		
475	4.7500	5	19		
476	4.7600	4	22		
477	4.7700	4	24		
478	4.7800	4	26		
479	4.7900	4	28		
480	4.8000	3	30		
481	4.8100	3	32		
482	4.8200	2	34		
483	4.8300	2	36		
484	4.8400	2	38		
485	4.8500	2	39		
486	4.8600	1	40		
487	4.8700	1	41		
488	4.8800	1	42		
489	4.8900	1	43		
490	4.9000	0	43		
491	4.9100	0	44		
492	4.9200	0	44		
493	4.9300	0	44		
494	4.9400	0	44		
495	4.9500	0	43		
496	4.9600	0	43		
497	4.9700	0	42		
498	4.9800	0	41		
499	4.9900	0	40		
500	5.0000	0	39		
501	5.0100	0	37		
502	5.0200	0	36		
503	5.0300	0	34		
504	5.0400	0	32		
505	5.0500	0	30		
506	5.0600	1	28		
507	5.0700	1	26		
508	5.0800	1	24		
509	5.0900	1	22		
510	5.1000	1	19		
511	5.1100	2	17		
512	5.1200	2	14		
513	5.1300	2	12		
514	5.1400	3	9		
515	5.1500	3	6		
516	5.1600	3	4		
517	5.1700	4	1		
518	5.1800	4	-2		
519	5.1900	4	-4		
520	5.2000	5	-7		
521	5.2100	5	-9		
522	5.2200	5	-12		
523	5.2300	6	-14		
524	5.2400	6	-16		
525	5.2500	6	-19		
526	5.2600	7	-21		
527	5.2700	7	-23		
528	5.2800	7	-25		
529	5.2900	8	-26		
530	5.3000	8	-28		
531	5.3100	8	-30		
532	5.3200	8	-31		
533	5.3300	9	-32		
534	5.3400	9	-33		
535	5.3500	9	-34		
536	5.3600	9	-34		
537	5.3700	10	-35		
538	5.3800	10	-35		
539	5.3900	10	-35		
540	5.4000	10	-35		
541	5.4100	10	-35		
542	5.4200	10	-34		
543	5.4300	10	-34		
544	5.4400	10	-33		
545	5.4500	10	-32		
546	5.4600	10	-31		
547	5.4700	10	-30		
548	5.4800	10	-28		
549	5.4900	10	-27		
550	5.5000	10	-25		
551	5.5100	10	-23		
552	5.5200	10	-21		
553	5.5300	9	-19		
554	5.5400	9	-17		
555	5.5500	9	-14		
556	5.5600	9	-12		
557	5.5700	8	-10		
558	5.5800	8	-7		
559	5.5900	8	-5		
560	5.6000	8	-2		
561	5.6100	7	0		
562	5.6200	7	3		
563	5.6300	7	6		
564	5.6400	6	8		
565	5.6500	6	11		
566	5.6600	6	14		
567	5.6700	5	16		
568	5.6800	5	19		
569	5.6900	5	21		
570	5.7000	4	24		
571	5.7100	4	26		
572	5.7200	4	28		
573	5.7300	3	30		
574	5.7400	3	32		
575	5.7500	3	34		
576	5.7600	2	35		
577	5.7700	2	37		
578	5.7800	2	38		
579	5.7900	2	40		
580	5.8000	1	41		
581	5.8100	1	42		
582	5.8200	1	42		
583	5.8300	1	43		
584	5.8400	0	43		
585	5.8500	0	44		
586	5.8600	0	44		
587	5.8700	0	43		
588	5.8800	0	43		
589	5.8900	0	42		
590	5.9000	0	42		
591	5.9100	0	41		
592	5.9200	0	40		
593	5.9300	0	39		
594	5.9400	0	38		
595	5.9500	0	36		
596	5.9600	0	34		
597	5.9700	0	33		
598	5.9800	0	31		
599	5.9900	1	29		
600	6.0000	1	27		
601	6.0100	1	24		
602	6.0200	1	22		
603	6.0300	1	20		
604	6.0400	2	17		
605	6.0500	2	15		
606	6.0600	2	12		
607	6.0700	3	10		
608	6.0800	3	7		
609	6.0900	3	4		
610	6.1000	4	2		
611	6.1100	4	-1		
612	6.1200	4	-4		
613	6.1300	5	-6		
614	6.1400	5	-9		
615	6.1500	5	-11		
616	6.1600	6	-14		
617	6.1700	6	-16		
618	6.1800	6	-18		
619	6.1900	7	-20		
620	6.2000	7	-22		
621	6.2100	7	-24		
622	6.2200	8	-26		
623	6.2300	8	-28		
624	6.2400	8	-29		
625	6.2500	8	-30		
626	6.2600	9	-31		
627	6.2700	9	-32		
628	6.2800	9	-33		
629	6.2900	9	-34		
630	6.3000	10	-34		
631	6.3100	10	-35		
632	6.3200	10	-35		
633	6.3300	10	-35		
634	6.3400	10	-35		
635	6.3500	10	-34		
636	6.3600	10	-34		
637	6.3700	10	-33		
638	6.3800	10	-32		
639	6.3900	10	-31		
640	6.4000	10	-30		
641	6.4100	10	-28		
642	6.4200	10	-27		
643	6.4300	10	-25		
644	6.4400	10	-23		
645	6.4500	10	-21		
646	6.4600	9	-19		
647	6.4700	9	-17		
648	6.4800	9	-15		
649	6.4900	9	-12		
650	6.5000	8	-10		
651	6.5100	8	-8		
652	6.5200	8	-5		
653	6.5300	8	-2		
654	6.5400	7	0		
655	6.5500	7	3		
656	6.5600	7	5		
657	6.5700	6	8		
658	6.5800	6	10		
659	6.5900	6	13		
660	6.6000	5	16		
661	6.6100	5	18		
662	6.6200	5	21		
663	6.6300	4	23		
664	6.6400	4	25		
665	6.6500	4	27		
666	6.6600	3	29		
667	6.6700	3	31		
668	6.6800	3	33		
669	6.6900	2	35		
670	6.7000	2	36		
671	6.7100	2	38		
672	6.7200	2	39		
673	6.7300	1	40		
674	6.7400	1	41		
675	6.7500	1	42		
676	6.7600	1	42		
677	6.7700	0	43		
678	6.7800	0	43		
679	6.7900	0	43		
680	6.8000	0	43		
681	6.8100	0	43		
682	6.8200	0	42		
683	6.8300	0	42		
684	6.8400	0	41		
685	6.8500	0	40		
686	6.8600	0	39		
687	6.8700	0	38		
688	6.8800	0	36		
689	6.8900	0	34		
690	6.9000	0	33		
691	6.9100	0	31		
692	6.9200	0	29		
693	6.9300	1	27		
694	6.9400	1	25		
695	6.9500	1	22		
696	6.9600	1	20		
697	6.9700	2	18		
698	6.9800	2	15		
699	6.9900	2	12		
700	7.0000	2	10		
701	7.0100	3	7		
702	7.0200	3	5		
703	7.0300	3	2		
704	7.0400	4	0		
705	7.0500	4	-3		
706	7.0600	4	-6		
707	7.0700	5	-8		
708	7.0800	5	-10		
709	7.0900	6	-13		
710	7.1000	6	-15		
711	7.1100	6	-18		
712	7.1200	6	-20		
713	7.1300	7	-22		
714	7.1400	7	-24		
715	7.1500	8	-25		
716	7.1600	8	-27		
717	7.1700	8	-28		
718	7.1800	8	-30		
719	7.1900	9	-31		
720	7.2000	9	-32		
721	7.2100	9	-33		
722	7.2200	9	-34		
723	7.2300	10	-34		
724	7.2400	10	-34		
725	7.2500	10	-35		
726	7.2600	10	-35		
727	7.2700	10	-34		
728	7.2800	10	-34		
729	7.2900	10	-34		
730	7.3000	10	-33		
731	7.3100	10	-32		
732	7.3200	10	-31		
733	7.3300	10	-30		
734	7.3400	10	-28		
735	7.3500	10	-27		
736	7.3600	10	-25		
737	7.3700	10	-24		
738	7.3800	10	-22		
739	7.3900	10	-20		
740	7.4000	9	-17		
741	7.4100	9	-15		
742	7.4200	9	-13		
743	7.4300	9	-10		
744	7.4400	8	-8		
745	7.4500	8	-6		
746	7.4600	8	-3		
747	7.4700	8	0		
748	7.4800	7	2		
749	7.4900	7	5		
750	7.5000	6	8		
751	7.5100	6	10		
752	7.5200	6	13		
753	7.5300	6	15		
754	7.5400	5	18		
755	7.5500	5	20		
756	7.5600	4	22		
757	7.5700	4	25		
758	7.5800	4	27		
759	7.5900	3	29		
760	7.6000	3	31		
761	7.6100	3	33		
762	7.6200	2	34		
763	7.6300	2	36		
764	7.6400	2	37		
765	7.6500	2	39		
766	7.6600	1	40		
767	7.6700	1	41		
768	7.6800	1	42		
769	7.6900	1	42		
770	7.7000	0	42		
771	7.7100	0	43		
772	7.7200	0	43		
773	7.7300	0	43		
774	7.7400	0	43		
775	7.7500	0	42		
776	7.7600	0	42		
777	7.7700	0	41		
778	7.7800	0	40		
779	7.7900	0	39		
780	7.8000	0	38		
781	7.8100	0	36		
782	7.8200	0	34		
783	7.8300	0	33		
784	7.8400	0	31		
785	7.8500	0	29		
786	7.8600	1	27		
787	7.8700	1	25		
788	7.8800	1	23		
789	7.8900	1	20		
790	7.9000	2	18		
791	7.9100	2	15		
792	7.9200	2	13		
793	7.9300	2	10		
794	7.9400	3	8		
795	7.9500	3	5		
796	7.9600	3	3		
797	7.9700	4	0		
798	7.9800	4	-3		
799	7.9900	4	-5		
800	8.0000	5	-8		
801	8.0100	5	-10		
802	8.0200	5	-12		
803	8.0300	6	-15		
804	8.0400	6	-17		
805	8.0500	6	-19		
806	8.0600	7	-21		
807	8.0700	7	-23		
808	8.0800	7	-25		
809	8.0900	8	-26		
810	8.1000	8	-28		
811	8.1100	8	-29		
812	8.1200	9	-31		
813	8.1300	9	-32		
814	8.1400	9	-32		
815	8.1500	9	-33		
816	8.1600	9	-34		
817	8.1700	10	-34		
818	8.1800	10	-34		
819	8.1900	10	-34		
820	8.2000	10	-34		
821	8.2100	10	-34		
822	8.2200	10	-33		
823	8.2300	10	-33		
824	8.2400	10	-32		
825	8.2500	10	-31		
826	8.2600	10	-30		
827	8.2700	10	-28		
828	8.2800	10	-27		
829	8.2900	10	-25		
830	8.3000	10	-24		
831	8.3100	10	-22		
832	8.3200	10	-20		
833	8.3300	9	-18		
834	8.3400	9	-15		
835	8.3500	9	-13		
836	8.3600	9	-11		
837	8.3700	8	-8		
838	8.3800	8	-6		
839	8.3900	8	-3		
840	8.4000	8	-1		
841	8.4100	7	2		
842	8.4200	7	4		
843	8.4300	6	7		
844	8.4400	6	10		
845	8.4500	6	12		
846	8.4600	6	15		
847	8.4700	5	17		
848	8.4800	5	20		
849	8.4900	4	22		
850	8.5000	4	24		
851	8.5100	4	26		
852	8.5200	4	28		
853	8.5300	3	30		
854	8.5400	3	32		
855	8.5500	2	34		
856	8.5600	2	36		
857	8.5700	2	37		
858	8.5800	2	38		
859	8.5900	1	40		
860	8.6000	1	40		
861	8.6100	1	41		
862	8.6200	1	42		
863	8.6300	0	42		
864	8.6400	0	43		
865	8.6500	0	43		
866	8.6600	0	43		
867	8.6700	0	42		
868	8.6800	0	42		
869	8.6900	0	42		
870	8.7000	0	41		
871	8.7100	0	40		
872	8.7200	0	39		
873	8.7300	0	38		
874	8.7400	0	36		
875	8.7500	0	35		
876	8.7600	0	33		
877	8.7700	0	31		
878	8.7800	0	29		
879	8.7900	1	27		
880	8.8000	1	25		
881	8.8100	1	23		
882	8.8200	1	21		
883	8.8300	2	18		
884	8.8400	2	16		
885	8.8500	2	13		
886	8.8600	2	11		
887	8.8700	3	8		
888	8.8800	3	6		
889	8.8900	3	3		
890	8.9000	4	0		
891	8.9100	4	-2		
892	8.9200	4	-5		
893	8.9300	5	-7		
894	8.9400	5	-10		
895	8.9500	5	-12		
896	8.9600	6	-14		
897	8.9700	6	-17		
898	8.9800	6	-19		
899	8.9900	7	-21		
900	9.0000	7	-23		
901	9.0100	7	-24		
902	9.0200	8	-26		
903	9.0300	8	-28		
904	9.0400	8	-29		
905	9.0500	8	-30		
906	9.0600	9	-31		
907	9.0700	9	-32		
908	9.0800	9	-33		
909	9.0900	9	-34		
910	9.1000	10	-34		
911	9.1100	10	-34		
912	9.1200	10	-34		
913	9.1300	10	-34		
914	9.1400	10	-34		
915	9.1500	10	-33		
916	9.1600	10	-33		
917	9.1700	10	-32		
918	9.1800	10	-31		
919	9.1900	10	-30		
920	9.2000	10	-28		
921	9.2100	10	-27		
922	9.2200	10	-26		
923	9.2300	10	-24		
924	9.2400	10	-22		
925	9.2500	10	-20		
926	9.2600	9	-18		
927	9.2700	9	-16		
928	9.2800	9	-13		
929	9.2900	9	-11		
930	9.3000	8	-9		
931	9.3100	8	-6		
932	9.3200	8	-4		
933	9.3300	8	-1		
934	9.3400	7	2		
935	9.3500	7	4		
936	9.3600	7	7		
937	9.3700	6	9		
938	9.3800	6	12		
939	9.3900	6	14		
940	9.4000	5	17		
941	9.4100	5	19		
942	9.4200	4	22		
943	9.4300	4	24		
944	9.4400	4	26		
945	9.4500	4	28		
946	9.4600	3	30		
947	9.4700	3	32		
948	9.4800	3	34		
949	9.4900	2	35		
950	9.5000	2	37		
951	9.5100	2	38		
952	9.5200	1	39		
953	9.5300	1	40		
954	9.5400	1	41		
955	9.5500	1	42		
956	9.5600	1	42		
957	9.5700	0	43		
958	9.5800	0	43		
959	9.5900	0	43		
960	9.6000	0	42		
961	9.6100	0	42		
962	9.6200	0	42		
963	9.6300	0	41		
964	9.6400	0	40		
965	9.6500	0	39		
966	9.6600	0	38		
967	9.6700	0	36		
968	9.6800	0	35		
969	9.6900	0	33		
970	9.7000	0	32		
971	9.7100	0	30		
972	9.7200	1	28		
973	9.7300	1	25		
974	9.7400	1	23		
975	9.7500	1	21		
976	9.7600	1	18		
977	9.7700	2	16		
978	9.7800	2	14		
979	9.7900	2	11		
980	9.8000	3	8		
981	9.8100	3	6		
982	9.8200	3	3		
983	9.8300	4	1		
984	9.8400	4	-2		
985	9.8500	4	-4		
986	9.8600	5	-7		
987	9.8700	5	-9		
988	9.8800	5	-12		
989	9.8900	6	-14		
990	9.9000	6	-16		
991	9.9100	6	-18		
992	9.9200	7	-20		
993	9.9300	7	-22		
994	9.9400	7	-24		
995	9.9500	8	-26		
996	9.9600	8	-28		
997	9.9700	8	-29		
998	9.9800	8	-30		
999	9.9900	9	-31		
1000	10.0000	9	-32		
