#	time(s)	count A	count B	count C	count D
1	0.0100	26	3		
2	0.0200	23	4		
3	0.0300	20	5		
4	0.0400	16	6		
5	0.0500	12	7		
6	0.0600	9	8		
7	0.0700	5	9		
8	0.0800	2	10		
9	0.0900	-2	11		
10	0.1000	-5	12		
11	0.1100	-7	13		
12	0.1200	-10	14		
13	0.1300	-12	14		
14	0.1400	-14	15		
15	0.1500	-16	16		
16	0.1600	-17	16		
17	0.1700	-18	16		
18	0.1800	-18	16		
19	0.1900	-19	16		
20	0.2000	-18	16		
21	0.2100	-17	16		
22	0.2200	-16	16		
23	0.2300	-14	15		
24	0.2400	-12	15		
25	0.2500	-10	14		
26	0.2600	-7	13		
27	0.2700	-5	12		
28	0.2800	-2	11		
29	0.2900	1	10		
30	0.3000	5	9		
31	0.3100	8	8		
32	0.3200	12	7		
33	0.3300	16	6		
34	0.3400	19	5		
35	0.3500	23	4		
36	0.3600	26	3		
37	0.3700	29	2		
38	0.3800	32	1		
39	0.3900	34	1		
40	0.4000	36	0		
41	0.4100	38	0		
42	0.4200	39	-1		
43	0.4300	40	-1		
44	0.4400	40	-1		
45	0.4500	40	-1		
46	0.4600	40	-1		
47	0.4700	39	-1		
48	0.4800	37	0		
49	0.4900	36	0		
50	0.5000	33	1		
51	0.5100	31	2		
52	0.5200	28	2		
53	0.5300	25	3		
54	0.5400	22	4		
55	0.5500	18	5		
56	0.5600	14	6		
57	0.5700	11	8		
58	0.5800	7	9		
59	0.5900	3	10		
60	0.6000	0	11		
61	0.6100	-4	12		
62	0.6200	-6	13		
63	0.6300	-9	14		
64	0.6400	-11	14		
65	0.6500	-14	15		
66	0.6600	-15	16		
67	0.6700	-17	16		
68	0.6800	-18	17		
69	0.6900	-18	17		
70	0.7000	-19	17		
71	0.7100	-18	17		
72	0.7200	-18	17		
73	0.7300	-17	17		
74	0.7400	-15	16		
75	0.7500	-13	16		
76	0.7600	-11	15		
77	0.7700	-9	14		
78	0.7800	-6	14		
79	0.7900	-4	13		
80	0.8000	-1	12		
81	0.8100	3	11		
82	0.8200	7	10		
83	0.8300	10	9		
84	0.8400	14	8		
85	0.8500	18	7		
86	0.8600	21	6		
87	0.8700	24	4		
88	0.8800	27	4		
89	0.8900	30	3		
90	0.9000	33	2		
91	0.9100	35	1		
92	0.9200	37	1		
93	0.9300	38	0		
94	0.9400	39	0		
95	0.9500	40	0		
96	0.9600	40	-1		
97	0.9700	40	-1		
98	0.9800	39	0		
99	0.9900	38	0		
100	1.0000	36	0		
101	1.0100	34	1		
102	1.0200	32	2		
103	1.0300	30	2		
104	1.0400	26	3		
105	1.0500	23	4		
106	1.0600	20	5		
107	1.0700	16	6		
108	1.0800	13	7		
109	1.0900	9	8		
110	1.1000	5	9		
111	1.1100	2	10		
112	1.1200	-2	11		
113	1.1300	-5	12		
114	1.1400	-7	13		
115	1.1500	-10	14		
116	1.1600	-12	14		
117	1.1700	-14	15		
118	1.1800	-16	16		
119	1.1900	-17	16		
120	1.2000	-18	16		
121	1.2100	-18	16		
122	1.2200	-19	16		
123	1.2300	-18	16		
124	1.2400	-17	16		
125	1.2500	-16	16		
126	1.2600	-14	15		
127	1.2700	-12	15		
128	1.2800	-10	14		
129	1.2900	-7	13		
130	1.3000	-6	12		
131	1.3100	-2	11		
132	1.3200	1	10		
133	1.3300	5	9		
134	1.3400	8	8		
135	1.3500	12	7		
136	1.3600	16	6		
137	1.3700	19	5		
138	1.3800	22	4		
139	1.3900	26	3		
140	1.4000	29	2		
141	1.4100	32	2		
142	1.4200	34	1		
143	1.4300	36	0		
144	1.4400	38	0		
145	1.4500	39	-1		
146	1.4600	40	-1		
147	1.4700	40	-1		
148	1.4800	40	-1		
149	1.4900	40	-1		
150	1.5000	39	-1		
151	1.5100	37	0		
152	1.5200	36	0		
153	1.5300	33	1		
154	1.5400	31	2		
155	1.5500	28	2		
156	1.5600	25	4		
157	1.5700	22	4		
158	1.5800	18	6		
159	1.5900	15	6		
160	1.6000	11	8		
161	1.6100	7	9		
162	1.6200	4	10		
163	1.6300	0	11		
164	1.6400	-4	12		
165	1.6500	-6	13		
166	1.6600	-9	14		
167	1.6700	-11	15		
168	1.6800	-13	15		
169	1.6900	-15	16		
170	1.7000	-17	16		
171	1.7100	-18	17		
172	1.7200	-18	17		
173	1.7300	-19	17		
174	1.7400	-18	17		
175	1.7500	-18	17		
176	1.7600	-17	17		
177	1.7700	-15	16		
178	1.7800	-13	16		
179	1.7900	-11	15		
180	1.8000	-9	14		
181	1.8100	-6	14		
182	1.8200	-4	13		
183	1.8300	-1	12		
184	1.8400	3	11		
185	1.8500	6	10		
186	1.8600	10	8		
187	1.8700	14	8		
188	1.8800	17	6		
189	1.8900	21	5		
190	1.9000	24	4		
191	1.9100	27	3		
192	1.9200	30	2		
193	1.9300	33	2		
194	1.9400	35	1		
195	1.9500	37	0		
196	1.9600	38	0		
197	1.9700	39	0		
198	1.9800	40	-1		
199	1.9900	40	-1		
200	2.0000	40	-1		
201	2.0100	39	-1		
202	2.0200	38	0		
203	2.0300	36	0		
204	2.0400	34	0		
205	2.0500	32	1		
206	2.0600	30	2		
207	2.0700	27	3		
208	2.0800	24	4		
209	2.0900	20	5		
210	2.1000	16	6		
211	2.1100	13	7		
212	2.1200	9	8		
213	2.1300	5	9		
214	2.1400	2	10		
215	2.1500	-2	11		
216	2.1600	-5	12		
217	2.1700	-7	13		
218	2.1800	-10	14		
219	2.1900	-12	14		
220	2.2000	-14	15		
221	2.2100	-16	16		
222	2.2200	-17	16		
223	2.2300	-18	16		
224	2.2400	-18	16		
225	2.2500	-19	16		
226	2.2600	-18	16		
227	2.2700	-17	16		
228	2.2800	-16	16		
229	2.2900	-14	15		
230	2.3000	-12	15		
231	2.3100	-10	14		
232	2.3200	-7	13		
233	2.3300	-6	12		
234	2.3400	-2	12		
235	2.3500	1	11		
236	2.3600	5	10		
237	2.3700	8	9		
238	2.3800	12	8		
239	2.3900	15	6		
240	2.4000	19	6		
241	2.4100	22	4		
242	2.4200	26	4		
243	2.4300	29	3		
244	2.4400	31	2		
245	2.4500	34	1		
246	2.4600	36	0		
247	2.4700	38	0		
248	2.4800	39	0		
249	2.4900	40	-1		
250	2.5000	40	-1		
251	2.5100	40	-1		
252	2.5200	40	-1		
253	2.5300	39	0		
254	2.5400	38	0		
255	2.5500	36	0		
256	2.5600	34	1		
257	2.5700	31	2		
258	2.5800	28	3		
259	2.5900	25	4		
260	2.6000	22	4		
261	2.6100	18	6		
262	2.6200	15	7		
263	2.6300	11	8		
264	2.6400	7	9		
265	2.6500	4	10		
266	2.6600	0	11		
267	2.6700	-3	12		
268	2.6800	-6	13		
269	2.6900	-8	14		
270	2.7000	-11	15		
271	2.7100	-13	15		
272	2.7200	-15	16		
273	2.7300	-17	16		
274	2.7400	-18	17		
275	2.7500	-18	17		
276	2.7600	-18	17		
277	2.7700	-18	17		
278	2.7800	-18	17		
279	2.7900	-17	17		
280	2.8000	-15	16		
281	2.8100	-14	16		
282	2.8200	-11	15		
283	2.8300	-9	14		
284	2.8400	-6	14		
285	2.8500	-4	13		
286	2.8600	-1	12		
287	2.8700	3	11		
288	2.8800	6	10		
289	2.8900	10	8		
290	2.9000	14	7		
291	2.9100	17	6		
292	2.9200	21	5		
293	2.9300	24	4		
294	2.9400	27	3		
295	2.9500	30	2		
296	2.9600	33	2		
297	2.9700	35	1		
298	2.9800	37	0		
299	2.9900	38	0		
300	3.0000	39	-1		
301	3.0100	40	-1		
302	3.0200	40	-1		
303	3.0300	40	-1		
304	3.0400	39	-1		
305	3.0500	38	0		
306	3.0600	37	0		
307	3.0700	35	0		
308	3.0800	32	1		
309	3.0900	30	2		
310	3.1000	27	3		
311	3.1100	24	4		
312	3.1200	20	4		
313	3.1300	17	6		
314	3.1400	13	6		
315	3.1500	9	8		
316	3.1600	6	9		
317	3.1700	2	10		
318	3.1800	-2	11		
319	3.1900	-5	12		
320	3.2000	-7	13		
321	3.2100	-10	14		
322	3.2200	-12	14		
323	3.2300	-14	15		
324	3.2400	-16	16		
325	3.2500	-17	16		
326	3.2600	-18	16		
327	3.2700	-18	16		
328	3.2800	-18	16		
329	3.2900	-18	16		
330	3.3000	-17	16		
331	3.3100	-16	16		
332	3.3200	-14	16		
333	3.3300	-12	15		
334	3.3400	-10	14		
335	3.3500	-8	14		
336	3.3600	-6	13		
337	3.3700	-2	12		
338	3.3800	1	11		
339	3.3900	4	10		
340	3.4000	8	9		
341	3.4100	12	8		
342	3.4200	15	7		
343	3.4300	19	6		
344	3.4400	22	4		
345	3.4500	26	4		
346	3.4600	28	3		
347	3.4700	31	2		
348	3.4800	34	1		
349	3.4900	36	1		
350	3.5000	37	0		
351	3.5100	39	0		
352	3.5200	40	-1		
353	3.5300	40	-1		
354	3.5400	40	-1		
355	3.5500	40	-1		
356	3.5600	39	0		
357	3.5700	38	0		
358	3.5800	36	0		
359	3.5900	34	1		
360	3.6000	31	2		
361	3.6100	28	3		
362	3.6200	25	4		
363	3.6300	22	4		
364	3.6400	18	6		
365	3.6500	15	6		
366	3.6600	11	8		
367	3.6700	8	9		
368	3.6800	4	10		
369	3.6900	0	11		
370	3.7000	-3	12		
371	3.7100	-6	13		
372	3.7200	-8	14		
373	3.7300	-11	14		
374	3.7400	-13	15		
375	3.7500	-15	16		
376	3.7600	-17	16		
377	3.7700	-18	17		
378	3.7800	-18	17		
379	3.7900	-18	17		
380	3.8000	-18	17		
381	3.8100	-18	17		
382	3.8200	-17	16		
383	3.8300	-15	16		
384	3.8400	-14	16		
385	3.8500	-12	15		
386	3.8600	-9	14		
387	3.8700	-6	13		
388	3.8800	-4	12		
389	3.8900	-1	12		
390	3.9000	2	10		
391	3.9100	6	9		
392	3.9200	10	8		
393	3.9300	14	7		
394	3.9400	17	6		
395	3.9500	21	5		
396	3.9600	24	4		
397	3.9700	27	3		
398	3.9800	30	2		
399	3.9900	32	2		
400	4.0000	35	1		
401	4.0100	37	0		
402	4.0200	38	0		
403	4.0300	39	-1		
404	4.0400	40	-1		
405	4.0500	40	-1		
406	4.0600	40	-1		
407	4.0700	39	-1		
408	4.0800	38	-1		
409	4.0900	37	0		
410	4.1000	35	0		
411	4.1100	32	1		
412	4.1200	30	2		
413	4.1300	27	2		
414	4.1400	24	4		
415	4.1500	20	4		
416	4.1600	17	6		
417	4.1700	13	6		
418	4.1800	10	8		
419	4.1900	6	9		
420	4.2000	2	10		
421	4.2100	-1	11		
422	4.2200	-5	12		
423	4.2300	-7	13		
424	4.2400	-10	14		
425	4.2500	-12	14		
426	4.2600	-14	15		
427	4.2700	-16	16		
428	4.2800	-17	16		
429	4.2900	-18	16		
430	4.3000	-18	16		
431	4.3100	-18	17		
432	4.3200	-18	16		
433	4.3300	-17	16		
434	4.3400	-16	16		
435	4.3500	-15	16		
436	4.3600	-13	15		
437	4.3700	-10	14		
438	4.3800	-8	14		
439	4.3900	-6	13		
440	4.4000	-3	12		
441	4.4100	1	11		
442	4.4200	4	10		
443	4.4300	8	9		
444	4.4400	12	8		
445	4.4500	15	7		
446	4.4600	19	6		
447	4.4700	22	5		
448	4.4800	25	4		
449	4.4900	28	3		
450	4.5000	31	2		
451	4.5100	34	1		
452	4.5200	36	1		
453	4.5300	37	0		
454	4.5400	39	0		
455	4.5500	40	0		
456	4.5600	40	-1		
457	4.5700	40	-1		
458	4.5800	40	0		
459	4.5900	39	0		
460	4.6000	38	0		
461	4.6100	36	0		
462	4.6200	34	1		
463	4.6300	31	2		
464	4.6400	28	3		
465	4.6500	26	4		
466	4.6600	22	4		
467	4.6700	19	6		
468	4.6800	15	6		
469	4.6900	12	8		
470	4.7000	8	9		
471	4.7100	4	10		
472	4.7200	0	11		
473	4.7300	-3	12		
474	4.7400	-6	13		
475	4.7500	-8	14		
476	4.7600	-11	14		
477	4.7700	-13	15		
478	4.7800	-15	16		
479	4.7900	-16	16		
480	4.8000	-18	17		
481	4.8100	-18	17		
482	4.8200	-18	17		
483	4.8300	-18	17		
484	4.8400	-18	17		
485	4.8500	-17	16		
486	4.8600	-16	16		
487	4.8700	-14	16		
488	4.8800	-12	15		
489	4.8900	-9	14		
490	4.9000	-6	13		
491	4.9100	-4	12		
492	4.9200	-1	12		
493	4.9300	2	10		
494	4.9400	6	10		
495	4.9500	10	8		
496	4.9600	13	7		
497	4.9700	17	6		
498	4.9800	20	5		
499	4.9900	24	4		
500	5.0000	27	3		
501	5.0100	30	2		
502	5.0200	32	2		
503	5.0300	35	1		
504	5.0400	36	0		
505	5.0500	38	0		
506	5.0600	39	-1		
507	5.0700	40	-1		
508	5.0800	40	-1		
509	5.0900	40	-1		
510	5.1000	39	-1		
511	5.1100	38	-1		
512	5.1200	37	0		
513	5.1300	35	0		
514	5.1400	33	1		
515	5.1500	30	2		
516	5.1600	27	3		
517	5.1700	24	4		
518	5.1800	20	4		
519	5.1900	17	6		
520	5.2000	14	6		
521	5.2100	10	8		
522	5.2200	6	9		
523	5.2300	2	10		
524	5.2400	-1	11		
525	5.2500	-4	12		
526	5.2600	-7	13		
527	5.2700	-9	14		
528	5.2800	-12	14		
529	5.2900	-14	15		
530	5.3000	-16	16		
531	5.3100	-17	16		
532	5.3200	-18	16		
533	5.3300	-18	17		
534	5.3400	-18	17		
535	5.3500	-18	17		
536	5.3600	-17	16		
537	5.3700	-16	16		
538	5.3800	-15	16		
539	5.3900	-13	15		
540	5.4000	-10	15		
541	5.4100	-8	14		
542	5.4200	-6	13		
543	5.4300	-3	12		
544	5.4400	1	11		
545	5.4500	4	10		
546	5.4600	8	9		
547	5.4700	11	8		
548	5.4800	15	7		
549	5.4900	18	6		
550	5.5000	22	5		
551	5.5100	25	4		
552	5.5200	28	3		
553	5.5300	31	2		
554	5.5400	34	1		
555	5.5500	36	1		
556	5.5600	37	0		
557	5.5700	39	0		
558	5.5800	40	0		
559	5.5900	40	-1		
560	5.6000	40	-1		
561	5.6100	40	-1		
562	5.6200	39	0		
563	5.6300	38	0		
564	5.6400	36	0		
565	5.6500	34	1		
566	5.6600	32	2		
567	5.6700	29	2		
568	5.6800	26	3		
569	5.6900	22	4		
570	5.7000	19	5		
571	5.7100	15	6		
572	5.7200	12	8		
573	5.7300	8	8		
574	5.7400	4	10		
575	5.7500	1	11		
576	5.7600	-3	12		
577	5.7700	-6	12		
578	5.7800	-8	14		
579	5.7900	-11	14		
580	5.8000	-13	15		
581	5.8100	-15	16		
582	5.8200	-16	16		
583	5.8300	-18	16		
584	5.8400	-18	17		
585	5.8500	-18	17		
586	5.8600	-18	17		
587	5.8700	-18	17		
588	5.8800	-17	16		
589	5.8900	-16	16		
590	5.9000	-14	16		
591	5.9100	-12	15		
592	5.9200	-9	14		
593	5.9300	-6	13		
594	5.9400	-4	12		
595	5.9500	-1	12		
596	5.9600	2	10		
597	5.9700	6	9		
598	5.9800	9	8		
599	5.9900	13	7		
600	6.0000	17	6		
601	6.0100	20	5		
602	6.0200	24	4		
603	6.0300	27	3		
604	6.0400	30	2		
605	6.0500	32	2		
606	6.0600	34	1		
607	6.0700	36	0		
608	6.0800	38	0		
609	6.0900	39	-1		
610	6.1000	40	-1		
611	6.1100	40	-1		
612	6.1200	40	-1		
613	6.1300	39	-1		
614	6.1400	38	-1		
615	6.1500	37	0		
616	6.1600	35	0		
617	6.1700	33	1		
618	6.1800	30	2		
619	6.1900	27	3		
620	6.2000	24	4		
621	6.2100	21	4		
622	6.2200	17	6		
623	6.2300	14	7		
624	6.2400	10	8		
625	6.2500	6	9		
626	6.2600	2	10		
627	6.2700	-1	11		
628	6.2800	-4	12		
629	6.2900	-6	13		
630	6.3000	-9	14		
631	6.3100	-12	14		
632	6.3200	-14	15		
633	6.3300	-16	16		
634	6.3400	-17	16		
635	6.3500	-18	16		
636	6.3600	-18	17		
637	6.3700	-18	17		
638	6.3800	-18	17		
639	6.3900	-18	17		
640	6.4000	-16	16		
641	6.4100	-15	16		
642	6.4200	-13	15		
643	6.4300	-11	15		
644	6.4400	-8	14		
645	6.4500	-6	13		
646	6.4600	-3	12		
647	6.4700	0	11		
648	6.4800	4	10		
649	6.4900	8	9		
650	6.5000	11	8		
651	6.5100	15	7		
652	6.5200	18	6		
653	6.5300	22	5		
654	6.5400	25	4		
655	6.5500	28	3		
656	6.5600	31	2		
657	6.5700	33	2		
658	6.5800	36	1		
659	6.5900	37	0		
660	6.6000	39	0		
661	6.6100	40	0		
662	6.6200	40	0		
663	6.6300	40	-1		
664	6.6400	40	0		
665	6.6500	39	0		
666	6.6600	38	0		
667	6.6700	36	0		
668	6.6800	34	1		
669	6.6900	32	2		
670	6.7000	29	2		
671	6.7100	26	3		
672	6.7200	22	4		
673	6.7300	19	5		
674	6.7400	16	6		
675	6.7500	12	7		
676	6.7600	8	8		
677	6.7700	4	10		
678	6.7800	1	10		
679	6.7900	-3	12		
680	6.8000	-6	12		
681	6.8100	-8	13		
682	6.8200	-11	14		
683	6.8300	-13	15		
684	6.8400	-15	16		
685	6.8500	-16	16		
686	6.8600	-18	16		
687	6.8700	-18	17		
688	6.8800	-18	17		
689	6.8900	-18	17		
690	6.9000	-18	17		
691	6.9100	-17	16		
692	6.9200	-16	16		
693	6.9300	-14	16		
694	6.9400	-12	15		
695	6.9500	-9	14		
696	6.9600	-7	13		
697	6.9700	-5	12		
698	6.9800	-1	12		
699	6.9900	2	10		
700	7.0000	6	10		
701	7.0100	9	8		
702	7.0200	13	7		
703	7.0300	17	6		
704	7.0400	20	5		
705	7.0500	23	4		
706	7.0600	26	3		
707	7.0700	30	2		
708	7.0800	32	2		
709	7.0900	34	1		
710	7.1000	36	0		
711	7.1100	38	0		
712	7.1200	39	-1		
713	7.1300	40	-1		
714	7.1400	40	-1		
715	7.1500	40	-1		
716	7.1600	40	-1		
717	7.1700	38	0		
718	7.1800	37	0		
719	7.1900	35	0		
720	7.2000	33	1		
721	7.2100	30	2		
722	7.2200	27	3		
723	7.2300	24	4		
724	7.2400	21	4		
725	7.2500	17	6		
726	7.2600	14	7		
727	7.2700	10	8		
728	7.2800	6	9		
729	7.2900	3	10		
730	7.3000	-1	11		
731	7.3100	-4	12		
732	7.3200	-6	13		
733	7.3300	-9	14		
734	7.3400	-12	14		
735	7.3500	-14	15		
736	7.3600	-16	16		
737	7.3700	-17	16		
738	7.3800	-18	17		
739	7.3900	-18	17		
740	7.4000	-18	17		
741	7.4100	-18	17		
742	7.4200	-18	17		
743	7.4300	-16	16		
744	7.4400	-15	16		
745	7.4500	-13	16		
746	7.4600	-11	15		
747	7.4700	-8	14		
748	7.4800	-6	13		
749	7.4900	-3	12		
750	7.5000	0	11		
751	7.5100	4	10		
752	7.5200	7	9		
753	7.5300	11	8		
754	7.5400	15	7		
755	7.5500	18	6		
756	7.5600	22	5		
757	7.5700	25	4		
758	7.5800	28	3		
759	7.5900	31	2		
760	7.6000	33	2		
761	7.6100	35	1		
762	7.6200	37	0		
763	7.6300	39	0		
764	7.6400	40	0		
765	7.6500	40	-1		
766	7.6600	40	-1		
767	7.6700	40	-1		
768	7.6800	39	0		
769	7.6900	38	0		
770	7.7000	36	0		
771	7.7100	34	1		
772	7.7200	32	2		
773	7.7300	29	2		
774	7.7400	26	3		
775	7.7500	23	4		
776	7.7600	19	5		
777	7.7700	16	6		
778	7.7800	12	7		
779	7.7900	8	8		
780	7.8000	5	9		
781	7.8100	1	10		
782	7.8200	-2	11		
783	7.8300	-6	12		
784	7.8400	-8	13		
785	7.8500	-10	14		
786	7.8600	-13	15		
787	7.8700	-15	15		
788	7.8800	-16	16		
789	7.8900	-18	16		
790	7.9000	-18	17		
791	7.9100	-18	17		
792	7.9200	-18	17		
793	7.9300	-18	17		
794	7.9400	-17	16		
795	7.9500	-16	16		
796	7.9600	-14	16		
797	7.9700	-12	15		
798	7.9800	-10	14		
799	7.9900	-7	13		
800	8.0000	-5	12		
801	8.0100	-2	12		
802	8.0200	2	10		
803	8.0300	5	10		
804	8.0400	9	8		
805	8.0500	13	7		
806	8.0600	16	6		
807	8.0700	20	5		
808	8.0800	23	4		
809	8.0900	26	3		
810	8.1000	29	2		
811	8.1100	32	2		
812	8.1200	34	1		
813	8.1300	36	0		
814	8.1400	38	0		
815	8.1500	39	0		
816	8.1600	40	-1		
817	8.1700	40	-1		
818	8.1800	40	-1		
819	8.1900	40	-1		
820	8.2000	38	0		
821	8.2100	37	0		
822	8.2200	35	0		
823	8.2300	33	1		
824	8.2400	30	2		
825	8.2500	28	3		
826	8.2600	24	4		
827	8.2700	21	4		
828	8.2800	18	6		
829	8.2900	14	7		
830	8.3000	10	8		
831	8.3100	6	9		
832	8.3200	3	10		
833	8.3300	-1	11		
834	8.3400	-4	12		
835	8.3500	-6	13		
836	8.3600	-9	14		
837	8.3700	-12	14		
838	8.3800	-14	15		
839	8.3900	-16	16		
840	8.4000	-17	16		
841	8.4100	-18	17		
842	8.4200	-18	17		
843	8.4300	-18	17		
844	8.4400	-18	17		
845	8.4500	-18	17		
846	8.4600	-16	16		
847	8.4700	-15	16		
848	8.4800	-13	16		
849	8.4900	-11	15		
850	8.5000	-8	14		
851	8.5100	-6	13		
852	8.5200	-3	12		
853	8.5300	0	11		
854	8.5400	4	10		
855	8.5500	7	9		
856	8.5600	11	8		
857	8.5700	14	7		
858	8.5800	18	6		
859	8.5900	22	5		
860	8.6000	25	4		
861	8.6100	28	3		
862	8.6200	31	2		
863	8.6300	33	2		
864	8.6400	35	1		
865	8.6500	37	0		
866	8.6600	38	0		
867	8.6700	40	0		
868	8.6800	40	-1		
869	8.6900	40	-1		
870	8.7000	40	-1		
871	8.7100	39	0		
872	8.7200	38	0		
873	8.7300	36	0		
874	8.7400	34	1		
875	8.7500	32	2		
876	8.7600	29	2		
877	8.7700	26	3		
878	8.7800	23	4		
879	8.7900	19	5		
880	8.8000	16	6		
881	8.8100	12	7		
882	8.8200	8	8		
883	8.8300	5	9		
884	8.8400	1	10		
885	8.8500	-2	11		
886	8.8600	-6	12		
887	8.8700	-8	13		
888	8.8800	-10	14		
889	8.8900	-13	15		
890	8.9000	-15	15		
891	8.9100	-16	16		
892	8.9200	-18	16		
893	8.9300	-18	16		
894	8.9400	-18	17		
895	8.9500	-18	17		
896	8.9600	-18	17		
897	8.9700	-17	16		
898	8.9800	-16	16		
899	8.9900	-14	16		
900	9.0000	-12	15		
901	9.0100	-10	14		
902	9.0200	-7	13		
903	9.0300	-5	12		
904	9.0400	-2	12		
905	9.0500	2	11		
906	9.0600	5	10		
907	9.0700	9	8		
908	9.0800	12	8		
909	9.0900	16	6		
910	9.1000	20	5		
911	9.1100	23	4		
912	9.1200	26	3		
913	9.1300	29	2		
914	9.1400	32	2		
915	9.1500	34	1		
916	9.1600	36	0		
917	9.1700	38	0		
918	9.1800	39	0		
919	9.1900	40	-1		
920	9.2000	40	-1		
921	9.2100	40	-1		
922	9.2200	40	-1		
923	9.2300	38	0		
924	9.2400	37	0		
925	9.2500	35	0		
926	9.2600	33	1		
927	9.2700	30	2		
928	9.2800	28	3		
929	9.2900	25	4		
930	9.3000	21	4		
931	9.3100	18	6		
932	9.3200	14	6		
933	9.3300	10	8		
934	9.3400	7	9		
935	9.3500	3	10		
936	9.3600	0	11		
937	9.3700	-4	12		
938	9.3800	-6	13		
939	9.3900	-9	14		
940	9.4000	-12	14		
941	9.4100	-14	15		
942	9.4200	-16	16		
943	9.4300	-17	16		
944	9.4400	-18	16		
945	9.4500	-18	17		
946	9.4600	-18	17		
947	9.4700	-18	17		
948	9.4800	-18	17		
949	9.4900	-16	16		
950	9.5000	-15	16		
951	9.5100	-13	16		
952	9.5200	-11	15		
953	9.5300	-8	14		
954	9.5400	-6	13		
955	9.5500	-3	12		
956	9.5600	0	11		
957	9.5700	3	10		
958	9.5800	7	9		
959	9.5900	11	8		
960	9.6000	14	7		
961	9.6100	18	6		
962	9.6200	21	5		
963	9.6300	25	4		
964	9.6400	28	3		
965	9.6500	30	2		
966	9.6600	33	2		
967	9.6700	35	1		
968	9.6800	37	0		
969	9.6900	38	0		
970	9.7000	40	0		
971	9.7100	40	-1		
972	9.7200	40	-1		
973	9.7300	40	-1		
974	9.7400	39	0		
975	9.7500	38	0		
976	9.7600	36	0		
977	9.7700	34	1		
978	9.7800	32	2		
979	9.7900	29	2		
980	9.8000	26	3		
981	9.8100	23	4		
982	9.8200	20	5		
983	9.8300	16	6		
984	9.8400	12	7		
985	9.8500	9	8		
986	9.8600	5	9		
987	9.8700	1	10		
988	9.8800	-2	11		
989	9.8900	-5	12		
990	9.9000	-8	13		
991	9.9100	-10	14		
992	9.9200	-13	15		
993	9.9300	-15	15		
994	9.9400	-16	16		
995	9.9500	-17	16		
996	9.9600	-18	16		
997	9.9700	-18	17		
998	9.9800	-18	17		
999	9.9900	-18	17		
1000	10.0000	-17	16		
1001	10.0100	-16	16		
1002	10.0200	-14	16		
1003	10.0300	-12	15		
1004	10.0400	-10	14		
1005	10.0500	-7	13		
1006	10.0600	-5	12		
1007	10.0700	-2	12		
1008	10.0800	2	11		
1009	10.0900	5	10		
1010	10.1000	9	8		
1011	10.1100	12	8		
1012	10.1200	16	6		
1013	10.1300	20	5		
1014	10.1400	23	4		
1015	10.1500	26	3		
1016	10.1600	29	2		
1017	10.1700	32	2		
1018	10.1800	34	1		
1019	10.1900	36	0		
1020	10.2000	38	0		
1021	10.2100	39	-1		
1022	10.2200	40	-1		
1023	10.2300	40	-1		
1024	10.2400	40	-1		
1025	10.2500	40	-1		
1026	10.2600	39	-1		
1027	10.2700	37	0		
1028	10.2800	35	0		
1029	10.2900	33	1		
1030	10.3000	31	2		
1031	10.3100	28	2		
1032	10.3200	25	3		
1033	10.3300	21	4		
1034	10.3400	18	5		
1035	10.3500	14	6		
1036	10.3600	11	8		
1037	10.3700	7	9		
1038	10.3800	3	10		
1039	10.3900	0	11		
1040	10.4000	-4	12		
1041	10.4100	-6	13		
1042	10.4200	-9	14		
1043	10.4300	-11	14		
1044	10.4400	-14	15		
1045	10.4500	-15	16		
1046	10.4600	-17	16		
1047	10.4700	-18	16		
1048	10.4800	-18	17		
1049	10.4900	-18	17		
1050	10.5000	-18	17		
1051	10.5100	-18	17		
1052	10.5200	-16	16		
1053	10.5300	-15	16		
1054	10.5400	-13	16		
1055	10.5500	-11	15		
1056	10.5600	-8	14		
1057	10.5700	-6	13		
1058	10.5800	-4	12		
1059	10.5900	0	11		
1060	10.6000	3	10		
1061	10.6100	7	9		
1062	10.6200	10	8		
1063	10.6300	14	7		
1064	10.6400	18	6		
1065	10.6500	21	5		
1066	10.6600	24	4		
1067	10.6700	28	3		
1068	10.6800	30	2		
1069	10.6900	33	2		
1070	10.7000	35	1		
1071	10.7100	37	0		
1072	10.7200	38	0		
1073	10.7300	40	0		
1074	10.7400	40	-1		
1075	10.7500	40	-1		
1076	10.7600	40	-1		
1077	10.7700	39	0		
1078	10.7800	38	0		
1079	10.7900	36	0		
1080	10.8000	34	1		
1081	10.8100	32	2		
1082	10.8200	29	2		
1083	10.8300	26	3		
1084	10.8400	23	4		
1085	10.8500	20	5		
1086	10.8600	16	6		
1087	10.8700	12	7		
1088	10.8800	9	8		
1089	10.8900	5	9		
1090	10.9000	2	10		
1091	10.9100	-2	11		
1092	10.9200	-5	12		
1093	10.9300	-7	13		
1094	10.9400	-10	14		
1095	10.9500	-12	15		
1096	10.9600	-14	15		
1097	10.9700	-16	16		
1098	10.9800	-17	16		
1099	10.9900	-18	17		
1100	11.0000	-18	17		
1101	11.0100	-18	17		
1102	11.0200	-18	17		
1103	11.0300	-17	16		
1104	11.0400	-16	16		
1105	11.0500	-14	16		
1106	11.0600	-12	15		
1107	11.0700	-10	14		
1108	11.0800	-7	14		
1109	11.0900	-5	13		
1110	11.1000	-2	12		
1111	11.1100	2	11		
1112	11.1200	5	10		
1113	11.1300	9	8		
1114	11.1400	12	8		
1115	11.1500	16	6		
1116	11.1600	19	5		
1117	11.1700	23	4		
1118	11.1800	26	3		
1119	11.1900	29	2		
1120	11.2000	32	2		
1121	11.2100	34	1		
1122	11.2200	36	0		
1123	11.2300	38	0		
1124	11.2400	39	-1		
1125	11.2500	40	-1		
1126	11.2600	40	-1		
1127	11.2700	40	-1		
1128	11.2800	40	-1		
1129	11.2900	39	-1		
1130	11.3000	37	0		
1131	11.3100	36	0		
1132	11.3200	33	1		
1133	11.3300	31	2		
1134	11.3400	28	2		
1135	11.3500	25	3		
1136	11.3600	22	4		
1137	11.3700	18	5		
1138	11.3800	14	6		
1139	11.3900	11	7		
1140	11.4000	7	8		
1141	11.4100	3	10		
1142	11.4200	0	11		
1143	11.4300	-4	12		
1144	11.4400	-6	13		
1145	11.4500	-9	14		
1146	11.4600	-11	14		
1147	11.4700	-14	15		
1148	11.4800	-15	16		
1149	11.4900	-17	16		
1150	11.5000	-18	16		
1151	11.5100	-18	17		
1152	11.5200	-18	17		
1153	11.5300	-18	17		
1154	11.5400	-18	17		
1155	11.5500	-17	16		
1156	11.5600	-15	16		
1157	11.5700	-13	16		
1158	11.5800	-11	15		
1159	11.5900	-9	14		
1160	11.6000	-6	13		
1161	11.6100	-4	12		
1162	11.6200	0	12		
1163	11.6300	3	10		
1164	11.6400	7	9		
1165	11.6500	10	8		
1166	11.6600	14	7		
1167	11.6700	18	6		
1168	11.6800	21	5		
1169	11.6900	24	4		
1170	11.7000	27	3		
1171	11.7100	30	2		
1172	11.7200	33	2		
1173	11.7300	35	1		
1174	11.7400	37	0		
1175	11.7500	38	0		
1176	11.7600	39	0		
1177	11.7700	40	-1		
1178	11.7800	40	-1		
1179	11.7900	40	-1		
1180	11.8000	39	0		
1181	11.8100	38	0		
1182	11.8200	36	0		
1183	11.8300	34	1		
1184	11.8400	32	2		
1185	11.8500	30	2		
1186	11.8600	26	3		
1187	11.8700	23	4		
1188	11.8800	20	5		
1189	11.8900	16	6		
1190	11.9000	13	7		
1191	11.9100	9	8		
1192	11.9200	5	9		
1193	11.9300	2	10		
1194	11.9400	-2	11		
1195	11.9500	-5	12		
1196	11.9600	-7	13		
1197	11.9700	-10	14		
1198	11.9800	-12	15		
1199	11.9900	-14	15		
1200	12.0000	-16	16		
1201	12.0100	-17	16		
1202	12.0200	-18	16		
1203	12.0300	-18	17		
1204	12.0400	-18	17		
1205	12.0500	-18	17		
1206	12.0600	-17	16		
1207	12.0700	-16	16		
1208	12.0800	-14	16		
1209	12.0900	-12	15		
1210	12.1000	-10	14		
1211	12.1100	-7	14		
1212	12.1200	-5	13		
1213	12.1300	-2	12		
1214	12.1400	1	11		
1215	12.1500	5	10		
1216	12.1600	8	9		
1217	12.1700	12	8		
1218	12.1800	16	6		
1219	12.1900	19	5		
1220	12.2000	23	4		
1221	12.2100	26	4		
1222	12.2200	29	2		
1223	12.2300	32	2		
1224	12.2400	34	1		
1225	12.2500	36	0		
1226	12.2600	38	0		
1227	12.2700	39	0		
1228	12.2800	40	-1		
1229	12.2900	40	-1		
1230	12.3000	40	-1		
1231	12.3100	40	-1		
1232	12.3200	39	-1		
1233	12.3300	37	0		
1234	12.3400	36	0		
1235	12.3500	33	1		
1236	12.3600	31	2		
1237	12.3700	28	2		
1238	12.3800	25	3		
1239	12.3900	22	4		
1240	12.4000	18	5		
1241	12.4100	15	6		
1242	12.4200	11	8		
1243	12.4300	7	8		
1244	12.4400	4	10		
1245	12.4500	0	11		
1246	12.4600	-3	12		
1247	12.4700	-6	13		
1248	12.4800	-8	14		
1249	12.4900	-11	14		
1250	12.5000	-13	15		
1251	12.5100	-15	16		
1252	12.5200	-17	16		
1253	12.5300	-18	16		
1254	12.5400	-18	17		
1255	12.5500	-18	17		
1256	12.5600	-18	17		
1257	12.5700	-18	17		
1258	12.5800	-17	16		
1259	12.5900	-15	16		
1260	12.6000	-14	16		
1261	12.6100	-11	15		
1262	12.6200	-9	14		
1263	12.6300	-6	13		
1264	12.6400	-4	12		
1265	12.6500	-1	12		
1266	12.6600	3	10		
1267	12.6700	6	9		
1268	12.6800	10	8		
1269	12.6900	14	7		
1270	12.7000	17	6		
1271	12.7100	21	5		
1272	12.7200	24	4		
1273	12.7300	27	3		
1274	12.7400	30	2		
1275	12.7500	33	2		
1276	12.7600	35	1		
1277	12.7700	37	0		
1278	12.7800	38	0		
1279	12.7900	39	0		
1280	12.8000	40	-1		
1281	12.8100	40	-1		
1282	12.8200	40	-1		
1283	12.8300	39	0		
1284	12.8400	38	0		
1285	12.8500	36	0		
1286	12.8600	35	1		
1287	12.8700	32	1		
1288	12.8800	30	2		
1289	12.8900	27	3		
1290	12.9000	24	4		
1291	12.9100	20	5		
1292	12.9200	16	6		
1293	12.9300	13	7		
1294	12.9400	9	8		
1295	12.9500	5	9		
1296	12.9600	2	10		
1297	12.9700	-2	11		
1298	12.9800	-5	12		
1299	12.9900	-7	13		
1300	13.0000	-10	14		
1301	13.0100	-12	15		
1302	13.0200	-14	15		
1303	13.0300	-16	16		
1304	13.0400	-17	16		
1305	13.0500	-18	16		
1306	13.0600	-18	17		
1307	13.0700	-18	17		
1308	13.0800	-18	17		
1309	13.0900	-17	16		
1310	13.1000	-16	16		
1311	13.1100	-14	16		
1312	13.1200	-12	15		
1313	13.1300	-10	14		
1314	13.1400	-8	14		
1315	13.1500	-6	13		
1316	13.1600	-2	12		
1317	13.1700	1	11		
1318	13.1800	4	10		
1319	13.1900	8	9		
1320	13.2000	12	8		
1321	13.2100	16	7		
1322	13.2200	19	6		
1323	13.2300	22	4		
1324	13.2400	26	4		
1325	13.2500	29	3		
1326	13.2600	32	2		
1327	13.2700	34	1		
1328	13.2800	36	0		
1329	13.2900	38	0		
1330	13.3000	39	0		
1331	13.3100	40	-1		
1332	13.3200	40	-1		
1333	13.3300	40	-1		
1334	13.3400	40	-1		
1335	13.3500	39	-1		
1336	13.3600	38	0		
1337	13.3700	36	0		
1338	13.3800	34	1		
1339	13.3900	31	2		
1340	13.4000	28	2		
1341	13.4100	25	3		
1342	13.4200	22	4		
1343	13.4300	18	5		
1344	13.4400	15	6		
1345	13.4500	11	7		
1346	13.4600	7	8		
1347	13.4700	4	10		
1348	13.4800	0	10		
1349	13.4900	-3	12		
1350	13.5000	-6	12		
1351	13.5100	-8	14		
1352	13.5200	-11	14		
1353	13.5300	-13	15		
1354	13.5400	-15	16		
1355	13.5500	-17	16		
1356	13.5600	-18	16		
1357	13.5700	-18	17		
1358	13.5800	-18	17		
1359	13.5900	-18	17		
1360	13.6000	-18	17		
1361	13.6100	-17	16		
1362	13.6200	-15	16		
1363	13.6300	-14	16		
1364	13.6400	-11	15		
1365	13.6500	-9	14		
1366	13.6600	-6	13		
1367	13.6700	-4	12		
1368	13.6800	-1	12		
1369	13.6900	3	10		
1370	13.7000	6	10		
1371	13.7100	10	8		
1372	13.7200	14	7		
1373	13.7300	17	6		
1374	13.7400	21	5		
1375	13.7500	24	4		
1376	13.7600	27	3		
1377	13.7700	30	2		
1378	13.7800	33	2		
1379	13.7900	35	1		
1380	13.8000	37	0		
1381	13.8100	38	0		
1382	13.8200	39	0		
1383	13.8300	40	-1		
1384	13.8400	40	-1		
1385	13.8500	40	-1		
1386	13.8600	39	0		
1387	13.8700	38	0		
1388	13.8800	37	0		
1389	13.8900	35	1		
1390	13.9000	32	1		
1391	13.9100	30	2		
1392	13.9200	27	3		
1393	13.9300	24	4		
1394	13.9400	20	5		
1395	13.9500	17	6		
1396	13.9600	13	7		
1397	13.9700	9	8		
1398	13.9800	6	9		
1399	13.9900	2	10		
1400	14.0000	-2	11		
1401	14.0100	-5	12		
1402	14.0200	-7	13		
1403	14.0300	-10	14		
1404	14.0400	-12	15		
1405	14.0500	-14	15		
1406	14.0600	-16	16		
1407	14.0700	-17	16		
1408	14.0800	-18	17		
1409	14.0900	-18	17		
1410	14.1000	-18	17		
1411	14.1100	-18	17		
1412	14.1200	-17	16		
1413	14.1300	-16	16		
1414	14.1400	-14	16		
1415	14.1500	-12	15		
1416	14.1600	-10	14		
1417	14.1700	-8	14		
1418	14.1800	-6	13		
1419	14.1900	-2	12		
1420	14.2000	1	11		
1421	14.2100	4	10		
1422	14.2200	8	9		
1423	14.2300	12	8		
1424	14.2400	15	7		
1425	14.2500	19	6		
1426	14.2600	22	5		
1427	14.2700	26	4		
1428	14.2800	28	3		
1429	14.2900	31	2		
1430	14.3000	34	1		
1431	14.3100	36	0		
1432	14.3200	38	0		
1433	14.3300	39	0		
1434	14.3400	40	-1		
1435	14.3500	40	-1		
1436	14.3600	40	-1		
1437	14.3700	40	-1		
1438	14.3800	39	0		
1439	14.3900	38	0		
1440	14.4000	36	0		
1441	14.4100	34	1		
1442	14.4200	31	2		
1443	14.4300	28	2		
1444	14.4400	25	3		
1445	14.4500	22	4		
1446	14.4600	18	5		
1447	14.4700	15	6		
1448	14.4800	11	7		
1449	14.4900	8	8		
1450	14.5000	4	10		
1451	14.5100	0	11		
1452	14.5200	-3	12		
1453	14.5300	-6	12		
1454	14.5400	-8	14		
1455	14.5500	-11	14		
1456	14.5600	-13	15		
1457	14.5700	-15	16		
1458	14.5800	-17	16		
1459	14.5900	-18	16		
1460	14.6000	-18	17		
1461	14.6100	-18	17		
1462	14.6200	-18	17		
1463	14.6300	-18	17		
1464	14.6400	-17	16		
1465	14.6500	-15	16		
1466	14.6600	-14	16		
1467	14.6700	-12	15		
1468	14.6800	-9	14		
1469	14.6900	-6	13		
1470	14.7000	-4	12		
1471	14.7100	-1	12		
1472	14.7200	3	10		
1473	14.7300	6	9		
1474	14.7400	10	8		
1475	14.7500	13	7		
1476	14.7600	17	6		
1477	14.7700	20	5		
1478	14.7800	24	4		
1479	14.7900	27	3		
1480	14.8000	30	2		
1481	14.8100	32	2		
1482	14.8200	35	1		
1483	14.8300	37	0		
1484	14.8400	38	0		
1485	14.8500	39	-1		
1486	14.8600	40	-1		
1487	14.8700	40	-1		
1488	14.8800	40	-1		
1489	14.8900	39	-1		
1490	14.9000	38	0		
1491	14.9100	37	0		
1492	14.9200	35	0		
1493	14.9300	32	1		
1494	14.9400	30	2		
1495	14.9500	27	3		
1496	14.9600	24	4		
1497	14.9700	20	5		
1498	14.9800	17	6		
1499	14.9900	13	7		
1500	15.0000	10	8		
1501	15.0100	6	9		
1502	15.0200	2	10		
1503	15.0300	-1	11		
1504	15.0400	-5	12		
1505	15.0500	-7	13		
1506	15.0600	-10	14		
1507	15.0700	-12	14		
1508	15.0800	-14	15		
1509	15.0900	-16	16		
1510	15.1000	-17	16		
1511	15.1100	-18	16		
1512	15.1200	-18	17		
1513	15.1300	-18	17		
1514	15.1400	-18	17		
1515	15.1500	-17	16		
1516	15.1600	-16	16		
1517	15.1700	-15	16		
1518	15.1800	-13	15		
1519	15.1900	-10	14		
1520	15.2000	-8	14		
1521	15.2100	-6	13		
1522	15.2200	-3	12		
1523	15.2300	1	11		
1524	15.2400	4	10		
1525	15.2500	8	9		
1526	15.2600	12	8		
1527	15.2700	15	7		
1528	15.2800	19	6		
1529	15.2900	22	5		
1530	15.3000	25	4		
1531	15.3100	28	3		
1532	15.3200	31	2		
1533	15.3300	34	1		
1534	15.3400	36	1		
1535	15.3500	37	0		
1536	15.3600	39	0		
1537	15.3700	40	-1		
1538	15.3800	40	-1		
1539	15.3900	40	-1		
1540	15.4000	40	-1		
1541	15.4100	39	0		
1542	15.4200	38	0		
1543	15.4300	36	0		
1544	15.4400	34	1		
1545	15.4500	31	2		
1546	15.4600	28	2		
1547	15.4700	26	3		
1548	15.4800	22	4		
1549	15.4900	19	5		
1550	15.5000	15	6		
1551	15.5100	12	7		
1552	15.5200	8	8		
1553	15.5300	4	10		
1554	15.5400	0	11		
1555	15.5500	-3	12		
1556	15.5600	-6	12		
1557	15.5700	-8	14		
1558	15.5800	-11	14		
1559	15.5900	-13	15		
1560	15.6000	-15	16		
1561	15.6100	-16	16		
1562	15.6200	-18	16		
1563	15.6300	-18	17		
1564	15.6400	-18	17		
1565	15.6500	-18	17		
1566	15.6600	-18	17		
1567	15.6700	-17	16		
1568	15.6800	-15	16		
1569	15.6900	-14	16		
1570	15.7000	-12	15		
1571	15.7100	-9	14		
1572	15.7200	-6	13		
1573	15.7300	-4	12		
1574	15.7400	-1	11		
1575	15.7500	2	10		
1576	15.7600	6	9		
1577	15.7700	10	8		
1578	15.7800	13	7		
1579	15.7900	17	6		
1580	15.8000	20	5		
1581	15.8100	24	4		
1582	15.8200	27	3		
1583	15.8300	30	2		
1584	15.8400	32	1		
1585	15.8500	35	1		
1586	15.8600	36	0		
1587	15.8700	38	0		
1588	15.8800	39	-1		
1589	15.8900	40	-1		
1590	15.9000	40	-1		
1591	15.9100	40	-1		
1592	15.9200	39	-1		
1593	15.9300	38	-1		
1594	15.9400	37	0		
1595	15.9500	35	0		
1596	15.9600	33	1		
1597	15.9700	30	2		
1598	15.9800	27	2		
1599	15.9900	24	4		
1600	16.0000	21	4		
1601	16.0100	17	6		
1602	16.0200	13	7		
1603	16.0300	10	8		
1604	16.0400	6	9		
1605	16.0500	2	10		
1606	16.0600	-1	11		
1607	16.0700	-4	12		
1608	16.0800	-7	13		
1609	16.0900	-9	14		
1610	16.1000	-12	14		
1611	16.1100	-14	15		
1612	16.1200	-16	16		
1613	16.1300	-17	16		
1614	16.1400	-18	16		
1615	16.1500	-18	17		
1616	16.1600	-18	17		
1617	16.1700	-18	17		
1618	16.1800	-17	16		
1619	16.1900	-16	16		
1620	16.2000	-15	16		
1621	16.2100	-13	15		
1622	16.2200	-10	14		
1623	16.2300	-8	14		
1624	16.2400	-6	13		
1625	16.2500	-3	12		
1626	16.2600	1	11		
1627	16.2700	4	10		
1628	16.2800	8	9		
1629	16.2900	11	8		
1630	16.3000	15	7		
1631	16.3100	18	6		
1632	16.3200	22	5		
1633	16.3300	25	4		
1634	16.3400	28	3		
1635	16.3500	31	2		
1636	16.3600	34	1		
1637	16.3700	36	1		
1638	16.3800	37	0		
1639	16.3900	39	0		
1640	16.4000	40	0		
1641	16.4100	40	-1		
1642	16.4200	40	-1		
1643	16.4300	40	-1		
1644	16.4400	39	0		
1645	16.4500	38	0		
1646	16.4600	36	0		
1647	16.4700	34	1		
1648	16.4800	32	2		
1649	16.4900	29	2		
1650	16.5000	26	3		
1651	16.5100	22	4		
1652	16.5200	19	5		
1653	16.5300	15	6		
1654	16.5400	12	7		
1655	16.5500	8	8		
1656	16.5600	4	10		
1657	16.5700	1	10		
1658	16.5800	-3	12		
1659	16.5900	-6	12		
1660	16.6000	-8	13		
1661	16.6100	-11	14		
1662	16.6200	-13	15		
1663	16.6300	-15	16		
1664	16.6400	-16	16		
1665	16.6500	-18	16		
1666	16.6600	-18	17		
1667	16.6700	-18	17		
1668	16.6800	-18	17		
1669	16.6900	-18	17		
1670	16.7000	-17	16		
1671	16.7100	-16	16		
1672	16.7200	-14	16		
1673	16.7300	-12	15		
1674	16.7400	-9	14		
1675	16.7500	-6	13		
1676	16.7600	-4	12		
1677	16.7700	-1	12		
1678	16.7800	2	10		
1679	16.7900	6	10		
1680	16.8000	9	8		
1681	16.8100	13	7		
1682	16.8200	17	6		
1683	16.8300	20	5		
1684	16.8400	24	4		
1685	16.8500	27	3		
1686	16.8600	30	2		
1687	16.8700	32	2		
1688	16.8800	34	1		
1689	16.8900	36	0		
1690	16.9000	38	0		
1691	16.9100	39	-1		
1692	16.9200	40	-1		
1693	16.9300	40	-1		
1694	16.9400	40	-1		
1695	16.9500	39	-1		
1696	16.9600	38	0		
1697	16.9700	37	0		
1698	16.9800	35	0		
1699	16.9900	33	1		
1700	17.0000	30	2		
1701	17.0100	27	3		
1702	17.0200	24	4		
1703	17.0300	21	4		
1704	17.0400	17	6		
1705	17.0500	14	7		
1706	17.0600	10	8		
1707	17.0700	6	9		
1708	17.0800	2	10		
1709	17.0900	-1	11		
1710	17.1000	-4	12		
1711	17.1100	-6	13		
1712	17.1200	-9	14		
1713	17.1300	-12	14		
1714	17.1400	-14	15		
1715	17.1500	-16	16		
1716	17.1600	-17	16		
1717	17.1700	-18	16		
1718	17.1800	-18	17		
1719	17.1900	-18	17		
1720	17.2000	-18	17		
1721	17.2100	-17	16		
1722	17.2200	-16	16		
1723	17.2300	-15	16		
1724	17.2400	-13	15		
1725	17.2500	-11	15		
1726	17.2600	-8	14		
1727	17.2700	-6	13		
1728	17.2800	-3	12		
1729	17.2900	0	11		
1730	17.3000	4	10		
1731	17.3100	8	9		
1732	17.3200	11	8		
1733	17.3300	15	7		
1734	17.3400	18	6		
1735	17.3500	22	5		
1736	17.3600	25	4		
1737	17.3700	28	3		
1738	17.3800	31	2		
1739	17.3900	33	1		
1740	17.4000	36	1		
1741	17.4100	37	0		
1742	17.4200	39	0		
1743	17.4300	40	-1		
1744	17.4400	40	-1		
1745	17.4500	40	-1		
1746	17.4600	40	-1		
1747	17.4700	39	-1		
1748	17.4800	38	0		
1749	17.4900	36	0		
1750	17.5000	34	1		
1751	17.5100	32	2		
1752	17.5200	29	2		
1753	17.5300	26	3		
1754	17.5400	22	4		
1755	17.5500	19	5		
1756	17.5600	16	6		
1757	17.5700	12	7		
1758	17.5800	8	8		
1759	17.5900	4	9		
1760	17.6000	1	10		
1761	17.6100	-3	11		
1762	17.6200	-6	12		
1763	17.6300	-8	13		
1764	17.6400	-11	14		
1765	17.6500	-13	15		
1766	17.6600	-15	15		
1767	17.6700	-16	16		
1768	17.6800	-18	16		
1769	17.6900	-18	16		
1770	17.7000	-18	17		
1771	17.7100	-18	17		
1772	17.7200	-18	16		
1773	17.7300	-17	16		
1774	17.7400	-16	16		
1775	17.7500	-14	15		
1776	17.7600	-12	15		
1777	17.7700	-9	14		
1778	17.7800	-7	13		
1779	17.7900	-5	12		
1780	17.8000	-1	11		
1781	17.8100	2	10		
1782	17.8200	6	9		
1783	17.8300	9	8		
1784	17.8400	13	7		
1785	17.8500	17	6		
1786	17.8600	20	5		
1787	17.8700	23	4		
1788	17.8800	26	3		
1789	17.8900	30	2		
1790	17.9000	32	2		
1791	17.9100	34	1		
1792	17.9200	36	0		
1793	17.9300	38	0		
1794	17.9400	39	-1		
1795	17.9500	40	-1		
1796	17.9600	40	-1		
1797	17.9700	40	-1		
1798	17.9800	40	-1		
1799	17.9900	38	0		
1800	18.0000	37	0		
1801	18.0100	35	0		
1802	18.0200	33	1		
1803	18.0300	30	2		
1804	18.0400	27	3		
1805	18.0500	24	4		
1806	18.0600	21	4		
1807	18.0700	17	6		
1808	18.0800	14	7		
1809	18.0900	10	8		
1810	18.1000	6	9		
1811	18.1100	3	10		
1812	18.1200	-1	11		
1813	18.1300	-4	12		
1814	18.1400	-6	13		
1815	18.1500	-9	14		
1816	18.1600	-12	14		
1817	18.1700	-14	15		
1818	18.1800	-16	16		
1819	18.1900	-17	16		
1820	18.2000	-18	17		
1821	18.2100	-18	17		
1822	18.2200	-18	17		
1823	18.2300	-18	17		
1824	18.2400	-18	17		
1825	18.2500	-16	16		
1826	18.2600	-15	16		
1827	18.2700	-13	15		
1828	18.2800	-11	15		
1829	18.2900	-8	14		
1830	18.3000	-6	13		
1831	18.3100	-3	12		
1832	18.3200	0	11		
1833	18.3300	4	10		
1834	18.3400	7	9		
1835	18.3500	11	8		
1836	18.3600	15	7		
1837	18.3700	18	6		
1838	18.3800	22	5		
1839	18.3900	25	4		
1840	18.4000	28	3		
1841	18.4100	31	2		
1842	18.4200	33	1		
1843	18.4300	35	1		
1844	18.4400	37	0		
1845	18.4500	39	0		
1846	18.4600	40	-1		
1847	18.4700	40	-1		
1848	18.4800	40	-1		
1849	18.4900	40	-1		
1850	18.5000	39	-1		
1851	18.5100	38	0		
1852	18.5200	36	0		
1853	18.5300	34	1		
1854	18.5400	32	1		
1855	18.5500	29	2		
1856	18.5600	26	3		
1857	18.5700	23	4		
1858	18.5800	19	5		
1859	18.5900	16	6		
1860	18.6000	12	7		
1861	18.6100	8	8		
1862	18.6200	4	9		
1863	18.6300	1	10		
1864	18.6400	-2	11		
1865	18.6500	-6	12		
1866	18.6600	-8	13		
1867	18.6700	-10	14		
1868	18.6800	-13	15		
1869	18.6900	-15	15		
1870	18.7000	-16	16		
1871	18.7100	-18	16		
1872	18.7200	-18	16		
1873	18.7300	-18	17		
1874	18.7400	-18	17		
1875	18.7500	-18	16		
1876	18.7600	-17	16		
1877	18.7700	-16	16		
1878	18.7800	-14	16		
1879	18.7900	-12	15		
1880	18.8000	-10	14		
1881	18.8100	-7	13		
1882	18.8200	-5	12		
1883	18.8300	-2	12		
1884	18.8400	2	10		
1885	18.8500	6	10		
1886	18.8600	9	8		
1887	18.8700	13	7		
1888	18.8800	16	6		
1889	18.8900	20	5		
1890	18.9000	23	4		
1891	18.9100	26	3		
1892	18.9200	29	2		
1893	18.9300	32	2		
1894	18.9400	34	1		
1895	18.9500	36	0		
1896	18.9600	38	0		
1897	18.9700	39	0		
1898	18.9800	40	-1		
1899	18.9900	40	-1		
1900	19.0000	40	-1		
1901	19.0100	40	-1		
1902	19.0200	38	0		
1903	19.0300	37	0		
1904	19.0400	35	1		
1905	19.0500	33	1		
1906	19.0600	30	2		
1907	19.0700	28	3		
1908	19.0800	24	4		
1909	19.0900	21	5		
1910	19.1000	18	6		
1911	19.1100	14	7		
1912	19.1200	10	8		
1913	19.1300	6	9		
1914	19.1400	3	10		
1915	19.1500	-1	11		
1916	19.1600	-4	12		
1917	19.1700	-6	13		
1918	19.1800	-9	14		
1919	19.1900	-12	15		
1920	19.2000	-14	15		
1921	19.2100	-16	16		
1922	19.2200	-17	16		
1923	19.2300	-18	17		
1924	19.2400	-18	17		
1925	19.2500	-18	17		
1926	19.2600	-18	17		
1927	19.2700	-18	17		
1928	19.2800	-16	16		
1929	19.2900	-15	16		
1930	19.3000	-13	16		
1931	19.3100	-11	15		
1932	19.3200	-8	14		
1933	19.3300	-6	13		
1934	19.3400	-3	12		
1935	19.3500	0	11		
1936	19.3600	4	10		
1937	19.3700	7	9		
1938	19.3800	11	8		
1939	19.3900	14	7		
1940	19.4000	18	6		
1941	19.4100	22	5		
1942	19.4200	25	4		
1943	19.4300	28	3		
1944	19.4400	31	2		
1945	19.4500	33	1		
1946	19.4600	35	1		
1947	19.4700	37	0		
1948	19.4800	38	0		
1949	19.4900	40	-1		
1950	19.5000	40	-1		
1951	19.5100	40	-1		
1952	19.5200	40	-1		
1953	19.5300	39	-1		
1954	19.5400	38	0		
1955	19.5500	36	0		
1956	19.5600	34	1		
1957	19.5700	32	1		
1958	19.5800	29	2		
1959	19.5900	26	3		
1960	19.6000	23	4		
1961	19.6100	19	5		
1962	19.6200	16	6		
1963	19.6300	12	7		
1964	19.6400	8	8		
1965	19.6500	5	9		
1966	19.6600	1	10		
1967	19.6700	-2	11		
1968	19.6800	-6	12		
1969	19.6900	-8	13		
1970	19.7000	-10	14		
1971	19.7100	-13	15		
1972	19.7200	-15	15		
1973	19.7300	-16	16		
1974	19.7400	-18	16		
1975	19.7500	-18	16		
1976	19.7600	-18	17		
1977	19.7700	-18	17		
1978	19.7800	-18	16		
1979	19.7900	-17	16		
1980	19.8000	-16	16		
1981	19.8100	-14	16		
1982	19.8200	-12	15		
1983	19.8300	-10	14		
1984	19.8400	-7	14		
1985	19.8500	-5	13		
1986	19.8600	-2	12		
1987	19.8700	2	11		
1988	19.8800	5	10		
1989	19.8900	9	9		
1990	19.9000	13	8		
1991	19.9100	16	6		
1992	19.9200	20	5		
1993	19.9300	23	4		
1994	19.9400	26	4		
1995	19.9500	29	3		
1996	19.9600	32	2		
1997	19.9700	34	1		
1998	19.9800	36	0		
1999	19.9900	38	0		
2000	20.0000	39	0		
