#	time(s)	count A	count B	count C	count D
1	0.0100	35	-17		
2	0.0200	34	-16		
3	0.0300	32	-14		
4	0.0400	31	-12		
5	0.0500	29	-10		
6	0.0600	27	-8		
7	0.0700	24	-6		
8	0.0800	22	-4		
9	0.0900	20	-1		
10	0.1000	17	1		
11	0.1100	15	4		
12	0.1200	12	6		
13	0.1300	10	9		
14	0.1400	7	12		
15	0.1500	5	14		
16	0.1600	2	17		
17	0.1700	0	19		
18	0.1800	-2	22		
19	0.1900	-5	24		
20	0.2000	-6	26		
21	0.2100	-8	28		
22	0.2200	-10	30		
23	0.2300	-11	32		
24	0.2400	-13	33		
25	0.2500	-14	34		
26	0.2600	-15	36		
27	0.2700	-16	37		
28	0.2800	-17	38		
29	0.2900	-18	38		
30	0.3000	-18	38		
31	0.3100	-18	38		
32	0.3200	-18	38		
33	0.3300	-18	38		
34	0.3400	-18	38		
35	0.3500	-17	37		
36	0.3600	-16	36		
37	0.3700	-15	35		
38	0.3800	-14	34		
39	0.3900	-13	32		
40	0.4000	-11	30		
41	0.4100	-9	29		
42	0.4200	-8	27		
43	0.4300	-6	25		
44	0.4400	-4	22		
45	0.4500	-2	20		
46	0.4600	0	18		
47	0.4700	2	15		
48	0.4800	5	13		
49	0.4900	7	10		
50	0.5000	10	8		
51	0.5100	12	5		
52	0.5200	15	2		
53	0.5300	17	0		
54	0.5400	20	-2		
55	0.5500	22	-5		
56	0.5600	24	-7		
57	0.5700	26	-9		
58	0.5800	28	-11		
59	0.5900	30	-13		
60	0.6000	32	-15		
61	0.6100	34	-17		
62	0.6200	35	-18		
63	0.6300	36	-19		
64	0.6400	38	-20		
65	0.6500	38	-21		
66	0.6600	39	-22		
67	0.6700	40	-22		
68	0.6800	40	-22		
69	0.6900	40	-22		
70	0.7000	40	-22		
71	0.7100	39	-22		
72	0.7200	39	-21		
73	0.7300	38	-20		
74	0.7400	37	-19		
75	0.7500	36	-18		
76	0.7600	34	-16		
77	0.7700	33	-14		
78	0.7800	31	-13		
79	0.7900	29	-11		
80	0.8000	27	-8		
81	0.8100	25	-6		
82	0.8200	23	-4		
83	0.8300	20	-2		
84	0.8400	18	1		
85	0.8500	16	3		
86	0.8600	13	6		
87	0.8700	10	8		
88	0.8800	8	11		
89	0.8900	5	14		
90	0.9000	3	16		
91	0.9100	0	19		
92	0.9200	-2	21		
93	0.9300	-4	23		
94	0.9400	-6	26		
95	0.9500	-7	28		
96	0.9600	-9	30		
97	0.9700	-11	31		
98	0.9800	-12	33		
99	0.9900	-14	34		
100	1.0000	-15	35		
101	1.0100	-16	36		
102	1.0200	-17	37		
103	1.0300	-18	38		
104	1.0400	-18	38		
105	1.0500	-18	38		
106	1.0600	-18	38		
107	1.0700	-18	38		
108	1.0800	-18	38		
109	1.0900	-17	37		
110	1.1000	-16	36		
111	1.1100	-15	35		
112	1.1200	-14	34		
113	1.1300	-13	32		
114	1.1400	-11	31		
115	1.1500	-10	29		
116	1.1600	-8	27		
117	1.1700	-6	25		
118	1.1800	-5	23		
119	1.1900	-3	20		
120	1.2000	0	18		
121	1.2100	2	16		
122	1.2200	4	13		
123	1.2300	7	10		
124	1.2400	9	8		
125	1.2500	12	5		
126	1.2600	14	3		
127	1.2700	17	0		
128	1.2800	19	-2		
129	1.2900	21	-4		
130	1.3000	24	-7		
131	1.3100	26	-9		
132	1.3200	28	-11		
133	1.3300	30	-13		
134	1.3400	32	-15		
135	1.3500	34	-16		
136	1.3600	35	-18		
137	1.3700	36	-19		
138	1.3800	37	-20		
139	1.3900	38	-21		
140	1.4000	39	-22		
141	1.4100	40	-22		
142	1.4200	40	-22		
143	1.4300	40	-22		
144	1.4400	40	-22		
145	1.4500	40	-22		
146	1.4600	39	-21		
147	1.4700	38	-20		
148	1.4800	37	-19		
149	1.4900	36	-18		
150	1.5000	35	-16		
151	1.5100	33	-15		
152	1.5200	32	-13		
153	1.5300	30	-11		
154	1.5400	28	-9		
155	1.5500	26	-7		
156	1.5600	23	-4		
157	1.5700	21	-2		
158	1.5800	19	0		
159	1.5900	16	3		
160	1.6000	14	6		
161	1.6100	11	8		
162	1.6200	8	11		
163	1.6300	6	13		
164	1.6400	4	16		
165	1.6500	1	18		
166	1.6600	-1	21		
167	1.6700	-4	23		
168	1.6800	-6	25		
169	1.6900	-7	27		
170	1.7000	-9	29		
171	1.7100	-10	31		
172	1.7200	-12	33		
173	1.7300	-14	34		
174	1.7400	-15	35		
175	1.7500	-16	36		
176	1.7600	-17	37		
177	1.7700	-18	38		
178	1.7800	-18	38		
179	1.7900	-18	39		
180	1.8000	-18	39		
181	1.8100	-18	38		
182	1.8200	-18	38		
183	1.8300	-17	38		
184	1.8400	-17	37		
185	1.8500	-16	36		
186	1.8600	-14	34		
187	1.8700	-13	33		
188	1.8800	-12	31		
189	1.8900	-10	30		
190	1.9000	-8	28		
191	1.9100	-6	26		
192	1.9200	-5	23		
193	1.9300	-3	21		
194	1.9400	-1	19		
195	1.9500	1	16		
196	1.9600	4	14		
197	1.9700	6	11		
198	1.9800	9	8		
199	1.9900	11	6		
200	2.0000	14	4		
201	2.0100	16	1		
202	2.0200	19	-2		
203	2.0300	21	-4		
204	2.0400	23	-6		
205	2.0500	25	-9		
206	2.0600	28	-11		
207	2.0700	30	-13		
208	2.0800	31	-14		
209	2.0900	33	-16		
210	2.1000	35	-18		
211	2.1100	36	-19		
212	2.1200	37	-20		
213	2.1300	38	-21		
214	2.1400	39	-22		
215	2.1500	39	-22		
216	2.1600	40	-22		
217	2.1700	40	-23		
218	2.1800	40	-22		
219	2.1900	40	-22		
220	2.2000	39	-22		
221	2.2100	38	-21		
222	2.2200	38	-20		
223	2.2300	36	-18		
224	2.2400	35	-17		
225	2.2500	34	-15		
226	2.2600	32	-14		
227	2.2700	30	-12		
228	2.2800	28	-10		
229	2.2900	26	-8		
230	2.3000	24	-5		
231	2.3100	22	-3		
232	2.3200	19	0		
233	2.3300	17	2		
234	2.3400	14	5		
235	2.3500	12	7		
236	2.3600	9	10		
237	2.3700	7	12		
238	2.3800	4	15		
239	2.3900	2	18		
240	2.4000	-1	20		
241	2.4100	-3	22		
242	2.4200	-5	25		
243	2.4300	-6	27		
244	2.4400	-8	29		
245	2.4500	-10	30		
246	2.4600	-12	32		
247	2.4700	-13	34		
248	2.4800	-14	35		
249	2.4900	-16	36		
250	2.5000	-17	37		
251	2.5100	-17	38		
252	2.5200	-18	38		
253	2.5300	-18	39		
254	2.5400	-18	39		
255	2.5500	-18	39		
256	2.5600	-18	38		
257	2.5700	-18	38		
258	2.5800	-17	37		
259	2.5900	-16	36		
260	2.6000	-15	35		
261	2.6100	-14	33		
262	2.6200	-12	32		
263	2.6300	-10	30		
264	2.6400	-9	28		
265	2.6500	-7	26		
266	2.6600	-6	24		
267	2.6700	-4	22		
268	2.6800	-2	19		
269	2.6900	1	17		
270	2.7000	3	14		
271	2.7100	6	12		
272	2.7200	8	9		
273	2.7300	11	7		
274	2.7400	13	4		
275	2.7500	16	2		
276	2.7600	18	-1		
277	2.7700	20	-4		
278	2.7800	23	-6		
279	2.7900	25	-8		
280	2.8000	27	-10		
281	2.8100	29	-12		
282	2.8200	31	-14		
283	2.8300	33	-16		
284	2.8400	34	-17		
285	2.8500	36	-19		
286	2.8600	37	-20		
287	2.8700	38	-21		
288	2.8800	39	-22		
289	2.8900	39	-22		
290	2.9000	40	-22		
291	2.9100	40	-23		
292	2.9200	40	-22		
293	2.9300	40	-22		
294	2.9400	39	-22		
295	2.9500	39	-21		
296	2.9600	38	-20		
297	2.9700	37	-19		
298	2.9800	36	-17		
299	2.9900	34	-16		
300	3.0000	32	-14		
301	3.0100	31	-12		
302	3.0200	29	-10		
303	3.0300	27	-8		
304	3.0400	24	-6		
305	3.0500	22	-3		
306	3.0600	20	-1		
307	3.0700	17	2		
308	3.0800	15	4		
309	3.0900	12	7		
310	3.1000	10	9		
311	3.1100	7	12		
312	3.1200	5	14		
313	3.1300	2	17		
314	3.1400	0	19		
315	3.1500	-3	22		
316	3.1600	-5	24		
317	3.1700	-6	26		
318	3.1800	-8	28		
319	3.1900	-10	30		
320	3.2000	-11	32		
321	3.2100	-13	33		
322	3.2200	-14	35		
323	3.2300	-15	36		
324	3.2400	-16	37		
325	3.2500	-17	38		
326	3.2600	-18	38		
327	3.2700	-18	38		
328	3.2800	-18	39		
329	3.2900	-18	39		
330	3.3000	-18	38		
331	3.3100	-18	38		
332	3.3200	-17	37		
333	3.3300	-16	36		
334	3.3400	-15	35		
335	3.3500	-14	34		
336	3.3600	-12	32		
337	3.3700	-11	30		
338	3.3800	-9	29		
339	3.3900	-7	27		
340	3.4000	-6	25		
341	3.4100	-4	22		
342	3.4200	-2	20		
343	3.4300	0	18		
344	3.4400	3	15		
345	3.4500	5	13		
346	3.4600	8	10		
347	3.4700	10	8		
348	3.4800	13	5		
349	3.4900	15	2		
350	3.5000	18	0		
351	3.5100	20	-2		
352	3.5200	22	-5		
353	3.5300	24	-7		
354	3.5400	27	-9		
355	3.5500	29	-11		
356	3.5600	30	-13		
357	3.5700	32	-15		
358	3.5800	34	-17		
359	3.5900	35	-18		
360	3.6000	37	-19		
361	3.6100	38	-20		
362	3.6200	39	-21		
363	3.6300	39	-22		
364	3.6400	40	-22		
365	3.6500	40	-22		
366	3.6600	40	-22		
367	3.6700	40	-22		
368	3.6800	39	-22		
369	3.6900	39	-21		
370	3.7000	38	-20		
371	3.7100	37	-19		
372	3.7200	36	-18		
373	3.7300	34	-16		
374	3.7400	33	-14		
375	3.7500	31	-12		
376	3.7600	29	-10		
377	3.7700	27	-8		
378	3.7800	25	-6		
379	3.7900	23	-4		
380	3.8000	20	-2		
381	3.8100	18	1		
382	3.8200	15	4		
383	3.8300	13	6		
384	3.8400	10	9		
385	3.8500	8	11		
386	3.8600	5	14		
387	3.8700	3	16		
388	3.8800	0	19		
389	3.8900	-2	21		
390	3.9000	-4	23		
391	3.9100	-6	26		
392	3.9200	-8	28		
393	3.9300	-9	30		
394	3.9400	-11	31		
395	3.9500	-13	33		
396	3.9600	-14	34		
397	3.9700	-15	35		
398	3.9800	-16	36		
399	3.9900	-17	37		
400	4.0000	-18	38		
401	4.0100	-18	38		
402	4.0200	-18	38		
403	4.0300	-18	38		
404	4.0400	-18	38		
405	4.0500	-18	38		
406	4.0600	-17	37		
407	4.0700	-16	36		
408	4.0800	-15	35		
409	4.0900	-14	34		
410	4.1000	-13	32		
411	4.1100	-11	30		
412	4.1200	-10	29		
413	4.1300	-8	27		
414	4.1400	-6	25		
415	4.1500	-5	22		
416	4.1600	-2	20		
417	4.1700	0	18		
418	4.1800	2	16		
419	4.1900	5	13		
420	4.2000	7	10		
421	4.2100	10	8		
422	4.2200	12	5		
423	4.2300	14	3		
424	4.2400	17	0		
425	4.2500	19	-2		
426	4.2600	22	-4		
427	4.2700	24	-7		
428	4.2800	26	-9		
429	4.2900	28	-11		
430	4.3000	30	-13		
431	4.3100	32	-15		
432	4.3200	34	-16		
433	4.3300	35	-18		
434	4.3400	36	-19		
435	4.3500	38	-20		
436	4.3600	38	-21		
437	4.3700	39	-21		
438	4.3800	40	-22		
439	4.3900	40	-22		
440	4.4000	40	-22		
441	4.4100	40	-22		
442	4.4200	40	-21		
443	4.4300	39	-21		
444	4.4400	38	-20		
445	4.4500	37	-19		
446	4.4600	36	-17		
447	4.4700	35	-16		
448	4.4800	33	-14		
449	4.4900	31	-12		
450	4.5000	30	-11		
451	4.5100	28	-8		
452	4.5200	25	-6		
453	4.5300	23	-4		
454	4.5400	21	-2		
455	4.5500	18	1		
456	4.5600	16	3		
457	4.5700	14	6		
458	4.5800	11	8		
459	4.5900	8	11		
460	4.6000	6	13		
461	4.6100	3	16		
462	4.6200	1	18		
463	4.6300	-2	21		
464	4.6400	-4	23		
465	4.6500	-6	25		
466	4.6600	-7	27		
467	4.6700	-9	29		
468	4.6800	-11	31		
469	4.6900	-12	32		
470	4.7000	-14	34		
471	4.7100	-15	35		
472	4.7200	-16	36		
473	4.7300	-17	37		
474	4.7400	-18	38		
475	4.7500	-18	38		
476	4.7600	-18	38		
477	4.7700	-18	38		
478	4.7800	-18	38		
479	4.7900	-18	38		
480	4.8000	-17	37		
481	4.8100	-16	36		
482	4.8200	-16	35		
483	4.8300	-14	34		
484	4.8400	-13	32		
485	4.8500	-12	31		
486	4.8600	-10	29		
487	4.8700	-8	27		
488	4.8800	-6	25		
489	4.8900	-5	23		
490	4.9000	-3	20		
491	4.9100	-1	18		
492	4.9200	2	16		
493	4.9300	4	13		
494	4.9400	6	10		
495	4.9500	9	8		
496	4.9600	12	6		
497	4.9700	14	3		
498	4.9800	16	0		
499	4.9900	19	-2		
500	5.0000	21	-4		
501	5.0100	24	-7		
502	5.0200	26	-9		
503	5.0300	28	-11		
504	5.0400	30	-13		
505	5.0500	32	-15		
506	5.0600	33	-16		
507	5.0700	35	-18		
508	5.0800	36	-19		
509	5.0900	37	-20		
510	5.1000	38	-21		
511	5.1100	39	-22		
512	5.1200	40	-22		
513	5.1300	40	-22		
514	5.1400	40	-22		
515	5.1500	40	-22		
516	5.1600	40	-22		
517	5.1700	39	-21		
518	5.1800	38	-20		
519	5.1900	37	-19		
520	5.2000	36	-18		
521	5.2100	35	-16		
522	5.2200	33	-15		
523	5.2300	32	-13		
524	5.2400	30	-11		
525	5.2500	28	-9		
526	5.2600	26	-7		
527	5.2700	24	-5		
528	5.2800	21	-2		
529	5.2900	19	0		
530	5.3000	16	3		
531	5.3100	14	5		
532	5.3200	11	8		
533	5.3300	9	10		
534	5.3400	6	13		
535	5.3500	4	16		
536	5.3600	1	18		
537	5.3700	-1	20		
538	5.3800	-3	23		
539	5.3900	-6	25		
540	5.4000	-6	27		
541	5.4100	-8	29		
542	5.4200	-10	31		
543	5.4300	-12	32		
544	5.4400	-13	34		
545	5.4500	-15	35		
546	5.4600	-16	36		
547	5.4700	-17	37		
548	5.4800	-17	38		
549	5.4900	-18	38		
550	5.5000	-18	39		
551	5.5100	-18	39		
552	5.5200	-18	38		
553	5.5300	-18	38		
554	5.5400	-17	38		
555	5.5500	-17	37		
556	5.5600	-16	36		
557	5.5700	-15	34		
558	5.5800	-13	33		
559	5.5900	-12	31		
560	5.6000	-10	30		
561	5.6100	-9	28		
562	5.6200	-7	26		
563	5.6300	-6	24		
564	5.6400	-4	21		
565	5.6500	-1	19		
566	5.6600	1	16		
567	5.6700	4	14		
568	5.6800	6	11		
569	5.6900	8	9		
570	5.7000	11	6		
571	5.7100	13	4		
572	5.7200	16	1		
573	5.7300	18	-2		
574	5.7400	21	-4		
575	5.7500	23	-6		
576	5.7600	25	-8		
577	5.7700	27	-10		
578	5.7800	29	-12		
579	5.7900	31	-14		
580	5.8000	33	-16		
581	5.8100	34	-18		
582	5.8200	36	-19		
583	5.8300	37	-20		
584	5.8400	38	-21		
585	5.8500	39	-22		
586	5.8600	39	-22		
587	5.8700	40	-22		
588	5.8800	40	-22		
589	5.8900	40	-22		
590	5.9000	40	-22		
591	5.9100	39	-22		
592	5.9200	38	-21		
593	5.9300	38	-20		
594	5.9400	36	-18		
595	5.9500	35	-17		
596	5.9600	34	-16		
597	5.9700	32	-14		
598	5.9800	30	-12		
599	5.9900	28	-10		
600	6.0000	26	-8		
601	6.0100	24	-5		
602	6.0200	22	-3		
603	6.0300	19	0		
604	6.0400	17	2		
605	6.0500	14	4		
606	6.0600	12	7		
607	6.0700	9	10		
608	6.0800	7	12		
609	6.0900	4	15		
610	6.1000	2	17		
611	6.1100	-1	20		
612	6.1200	-3	22		
613	6.1300	-5	24		
614	6.1400	-6	26		
615	6.1500	-8	28		
616	6.1600	-10	30		
617	6.1700	-12	32		
618	6.1800	-13	34		
619	6.1900	-14	35		
620	6.2000	-16	36		
621	6.2100	-16	37		
622	6.2200	-17	38		
623	6.2300	-18	38		
624	6.2400	-18	39		
625	6.2500	-18	39		
626	6.2600	-18	39		
627	6.2700	-18	38		
628	6.2800	-18	38		
629	6.2900	-17	37		
630	6.3000	-16	36		
631	6.3100	-15	35		
632	6.3200	-14	34		
633	6.3300	-12	32		
634	6.3400	-11	30		
635	6.3500	-9	28		
636	6.3600	-7	26		
637	6.3700	-6	24		
638	6.3800	-4	22		
639	6.3900	-2	20		
640	6.4000	1	17		
641	6.4100	3	15		
642	6.4200	5	12		
643	6.4300	8	10		
644	6.4400	10	7		
645	6.4500	13	4		
646	6.4600	15	2		
647	6.4700	18	0		
648	6.4800	20	-3		
649	6.4900	22	-5		
650	6.5000	25	-8		
651	6.5100	27	-10		
652	6.5200	29	-12		
653	6.5300	31	-14		
654	6.5400	32	-15		
655	6.5500	34	-17		
656	6.5600	36	-18		
657	6.5700	37	-20		
658	6.5800	38	-20		
659	6.5900	39	-21		
660	6.6000	39	-22		
661	6.6100	40	-22		
662	6.6200	40	-22		
663	6.6300	40	-22		
664	6.6400	40	-22		
665	6.6500	39	-22		
666	6.6600	39	-21		
667	6.6700	38	-20		
668	6.6800	37	-19		
669	6.6900	36	-17		
670	6.7000	34	-16		
671	6.7100	32	-14		
672	6.7200	31	-12		
673	6.7300	29	-10		
674	6.7400	27	-8		
675	6.7500	25	-6		
676	6.7600	22	-4		
677	6.7700	20	-1		
678	6.7800	18	1		
679	6.7900	15	4		
680	6.8000	12	6		
681	6.8100	10	9		
682	6.8200	7	12		
683	6.8300	5	14		
684	6.8400	2	17		
685	6.8500	0	19		
686	6.8600	-2	21		
687	6.8700	-5	24		
688	6.8800	-6	26		
689	6.8900	-8	28		
690	6.9000	-10	30		
691	6.9100	-11	32		
692	6.9200	-13	33		
693	6.9300	-14	34		
694	6.9400	-15	36		
695	6.9500	-16	37		
696	6.9600	-17	37		
697	6.9700	-18	38		
698	6.9800	-18	38		
699	6.9900	-18	38		
700	7.0000	-18	38		
701	7.0100	-18	38		
702	7.0200	-18	38		
703	7.0300	-17	37		
704	7.0400	-16	36		
705	7.0500	-15	35		
706	7.0600	-14	34		
707	7.0700	-13	32		
708	7.0800	-11	30		
709	7.0900	-9	29		
710	7.1000	-8	27		
711	7.1100	-6	24		
712	7.1200	-4	22		
713	7.1300	-2	20		
714	7.1400	0	18		
715	7.1500	2	15		
716	7.1600	5	13		
717	7.1700	7	10		
718	7.1800	10	8		
719	7.1900	12	5		
720	7.2000	15	2		
721	7.2100	17	0		
722	7.2200	20	-2		
723	7.2300	22	-5		
724	7.2400	24	-7		
725	7.2500	26	-9		
726	7.2600	28	-11		
727	7.2700	30	-13		
728	7.2800	32	-15		
729	7.2900	34	-16		
730	7.3000	35	-18		
731	7.3100	36	-19		
732	7.3200	38	-20		
733	7.3300	38	-21		
734	7.3400	39	-22		
735	7.3500	40	-22		
736	7.3600	40	-22		
737	7.3700	40	-22		
738	7.3800	40	-22		
739	7.3900	40	-21		
740	7.4000	39	-21		
741	7.4100	38	-20		
742	7.4200	37	-19		
743	7.4300	36	-17		
744	7.4400	34	-16		
745	7.4500	33	-14		
746	7.4600	31	-12		
747	7.4700	29	-10		
748	7.4800	27	-8		
749	7.4900	25	-6		
750	7.5000	23	-4		
751	7.5100	20	-1		
752	7.5200	18	1		
753	7.5300	16	4		
754	7.5400	13	6		
755	7.5500	10	9		
756	7.5600	8	11		
757	7.5700	5	14		
758	7.5800	3	16		
759	7.5900	0	19		
760	7.6000	-2	21		
761	7.6100	-4	23		
762	7.6200	-6	26		
763	7.6300	-7	28		
764	7.6400	-9	30		
765	7.6500	-11	31		
766	7.6600	-12	33		
767	7.6700	-14	34		
768	7.6800	-15	35		
769	7.6900	-16	36		
770	7.7000	-17	37		
771	7.7100	-18	38		
772	7.7200	-18	38		
773	7.7300	-18	38		
774	7.7400	-18	38		
775	7.7500	-18	38		
776	7.7600	-18	38		
777	7.7700	-17	37		
778	7.7800	-16	36		
779	7.7900	-16	35		
780	7.8000	-14	34		
781	7.8100	-13	32		
782	7.8200	-12	30		
783	7.8300	-10	29		
784	7.8400	-8	27		
785	7.8500	-6	25		
786	7.8600	-5	22		
787	7.8700	-3	20		
788	7.8800	0	18		
789	7.8900	2	16		
790	7.9000	4	13		
791	7.9100	7	10		
792	7.9200	9	8		
793	7.9300	12	5		
794	7.9400	14	3		
795	7.9500	17	0		
796	7.9600	19	-2		
797	7.9700	21	-4		
798	7.9800	24	-7		
799	7.9900	26	-9		
800	8.0000	28	-11		
801	8.0100	30	-13		
802	8.0200	32	-15		
803	8.0300	33	-16		
804	8.0400	35	-18		
805	8.0500	36	-19		
806	8.0600	37	-20		
807	8.0700	38	-21		
808	8.0800	39	-22		
809	8.0900	40	-22		
810	8.1000	40	-22		
811	8.1100	40	-22		
812	8.1200	40	-22		
813	8.1300	40	-22		
814	8.1400	39	-21		
815	8.1500	38	-20		
816	8.1600	37	-19		
817	8.1700	36	-18		
818	8.1800	35	-16		
819	8.1900	33	-15		
820	8.2000	32	-13		
821	8.2100	30	-11		
822	8.2200	28	-9		
823	8.2300	26	-7		
824	8.2400	23	-4		
825	8.2500	21	-2		
826	8.2600	19	0		
827	8.2700	16	3		
828	8.2800	14	6		
829	8.2900	11	8		
830	8.3000	8	11		
831	8.3100	6	13		
832	8.3200	3	16		
833	8.3300	1	18		
834	8.3400	-1	21		
835	8.3500	-4	23		
836	8.3600	-6	25		
837	8.3700	-7	27		
838	8.3800	-9	29		
839	8.3900	-11	31		
840	8.4000	-12	33		
841	8.4100	-14	34		
842	8.4200	-15	35		
843	8.4300	-16	36		
844	8.4400	-17	37		
845	8.4500	-18	38		
846	8.4600	-18	38		
847	8.4700	-18	39		
848	8.4800	-18	39		
849	8.4900	-18	38		
850	8.5000	-18	38		
851	8.5100	-17	37		
852	8.5200	-17	36		
853	8.5300	-16	35		
854	8.5400	-15	34		
855	8.5500	-13	33		
856	8.5600	-12	31		
857	8.5700	-10	29		
858	8.5800	-8	28		
859	8.5900	-6	25		
860	8.6000	-5	23		
861	8.6100	-3	21		
862	8.6200	-1	18		
863	8.6300	1	16		
864	8.6400	4	14		
865	8.6500	6	11		
866	8.6600	9	8		
867	8.6700	11	6		
868	8.6800	14	3		
869	8.6900	16	1		
870	8.7000	19	-2		
871	8.7100	21	-4		
872	8.7200	23	-6		
873	8.7300	25	-9		
874	8.7400	28	-11		
875	8.7500	30	-13		
876	8.7600	31	-14		
877	8.7700	33	-16		
878	8.7800	35	-18		
879	8.7900	36	-19		
880	8.8000	37	-20		
881	8.8100	38	-21		
882	8.8200	39	-22		
883	8.8300	39	-22		
884	8.8400	40	-22		
885	8.8500	40	-22		
886	8.8600	40	-22		
887	8.8700	40	-22		
888	8.8800	39	-21		
889	8.8900	38	-20		
890	8.9000	38	-20		
891	8.9100	36	-18		
892	8.9200	35	-17		
893	8.9300	34	-15		
894	8.9400	32	-14		
895	8.9500	30	-12		
896	8.9600	28	-10		
897	8.9700	26	-7		
898	8.9800	24	-5		
899	8.9900	22	-3		
900	9.0000	19	0		
901	9.0100	17	2		
902	9.0200	14	5		
903	9.0300	12	8		
904	9.0400	9	10		
905	9.0500	7	13		
906	9.0600	4	15		
907	9.0700	2	18		
908	9.0800	-1	20		
909	9.0900	-3	22		
910	9.1000	-5	25		
911	9.1100	-6	27		
912	9.1200	-8	29		
913	9.1300	-10	31		
914	9.1400	-12	32		
915	9.1500	-13	34		
916	9.1600	-14	35		
917	9.1700	-16	36		
918	9.1800	-17	37		
919	9.1900	-17	38		
920	9.2000	-18	38		
921	9.2100	-18	39		
922	9.2200	-18	39		
923	9.2300	-18	39		
924	9.2400	-18	38		
925	9.2500	-18	38		
926	9.2600	-17	37		
927	9.2700	-16	36		
928	9.2800	-15	35		
929	9.2900	-14	33		
930	9.3000	-12	32		
931	9.3100	-11	30		
932	9.3200	-9	28		
933	9.3300	-7	26		
934	9.3400	-6	24		
935	9.3500	-4	22		
936	9.3600	-1	19		
937	9.3700	1	17		
938	9.3800	3	14		
939	9.3900	6	12		
940	9.4000	8	9		
941	9.4100	11	7		
942	9.4200	13	4		
943	9.4300	16	2		
944	9.4400	18	-1		
945	9.4500	20	-4		
946	9.4600	23	-6		
947	9.4700	25	-8		
948	9.4800	27	-10		
949	9.4900	29	-12		
950	9.5000	31	-14		
951	9.5100	33	-16		
952	9.5200	34	-17		
953	9.5300	36	-19		
954	9.5400	37	-20		
955	9.5500	38	-21		
956	9.5600	39	-22		
957	9.5700	39	-22		
958	9.5800	40	-22		
959	9.5900	40	-22		
960	9.6000	40	-22		
961	9.6100	40	-22		
962	9.6200	39	-22		
963	9.6300	39	-21		
964	9.6400	38	-20		
965	9.6500	37	-19		
966	9.6600	36	-17		
967	9.6700	34	-16		
968	9.6800	32	-14		
969	9.6900	31	-12		
970	9.7000	29	-10		
971	9.7100	27	-8		
972	9.7200	24	-6		
973	9.7300	22	-3		
974	9.7400	20	-1		
975	9.7500	17	2		
976	9.7600	15	4		
977	9.7700	12	7		
978	9.7800	10	9		
979	9.7900	7	12		
980	9.8000	5	14		
981	9.8100	2	17		
982	9.8200	0	20		
983	9.8300	-3	22		
984	9.8400	-5	24		
985	9.8500	-6	26		
986	9.8600	-8	28		
987	9.8700	-10	30		
988	9.8800	-11	32		
989	9.8900	-13	34		
990	9.9000	-14	35		
991	9.9100	-16	36		
992	9.9200	-16	37		
993	9.9300	-17	38		
994	9.9400	-18	38		
995	9.9500	-18	39		
996	9.9600	-18	39		
997	9.9700	-18	39		
998	9.9800	-18	38		
999	9.9900	-18	38		
1000	10.0000	-17	37		
1001	10.0100	-16	36		
1002	10.0200	-15	35		
1003	10.0300	-14	34		
1004	10.0400	-12	32		
1005	10.0500	-11	30		
1006	10.0600	-9	29		
1007	10.0700	-7	27		
1008	10.0800	-6	24		
1009	10.0900	-4	22		
1010	10.1000	-2	20		
1011	10.1100	0	17		
1012	10.1200	3	15		
1013	10.1300	5	12		
1014	10.1400	8	10		
1015	10.1500	10	7		
1016	10.1600	13	5		
1017	10.1700	15	2		
1018	10.1800	18	0		
1019	10.1900	20	-3		
1020	10.2000	22	-5		
1021	10.2100	24	-8		
1022	10.2200	27	-10		
1023	10.2300	29	-12		
1024	10.2400	30	-14		
1025	10.2500	32	-15		
1026	10.2600	34	-17		
1027	10.2700	35	-18		
1028	10.2800	37	-20		
1029	10.2900	38	-21		
1030	10.3000	38	-21		
1031	10.3100	39	-22		
1032	10.3200	40	-22		
1033	10.3300	40	-22		
1034	10.3400	40	-22		
1035	10.3500	40	-22		
1036	10.3600	39	-22		
1037	10.3700	39	-21		
1038	10.3800	38	-20		
1039	10.3900	37	-19		
1040	10.4000	36	-18		
1041	10.4100	34	-16		
1042	10.4200	33	-14		
1043	10.4300	31	-13		
1044	10.4400	29	-11		
1045	10.4500	27	-8		
1046	10.4600	25	-6		
1047	10.4700	23	-4		
1048	10.4800	20	-2		
1049	10.4900	18	1		
1050	10.5000	15	4		
1051	10.5100	13	6		
1052	10.5200	10	9		
1053	10.5300	8	11		
1054	10.5400	5	14		
1055	10.5500	3	16		
1056	10.5600	0	19		
1057	10.5700	-2	21		
1058	10.5800	-4	24		
1059	10.5900	-6	26		
1060	10.6000	-8	28		
1061	10.6100	-9	30		
1062	10.6200	-11	32		
1063	10.6300	-13	33		
1064	10.6400	-14	34		
1065	10.6500	-15	36		
1066	10.6600	-16	37		
1067	10.6700	-17	38		
1068	10.6800	-18	38		
1069	10.6900	-18	39		
1070	10.7000	-18	39		
1071	10.7100	-18	39		
1072	10.7200	-18	38		
1073	10.7300	-18	38		
1074	10.7400	-17	37		
1075	10.7500	-16	36		
1076	10.7600	-15	35		
1077	10.7700	-14	34		
1078	10.7800	-13	32		
1079	10.7900	-11	31		
1080	10.8000	-10	29		
1081	10.8100	-8	27		
1082	10.8200	-6	25		
1083	10.8300	-5	23		
1084	10.8400	-2	21		
1085	10.8500	0	18		
1086	10.8600	2	16		
1087	10.8700	5	13		
1088	10.8800	7	11		
1089	10.8900	9	8		
1090	10.9000	12	6		
1091	10.9100	14	3		
1092	10.9200	17	0		
1093	10.9300	19	-2		
1094	10.9400	22	-4		
1095	10.9500	24	-7		
1096	10.9600	26	-9		
1097	10.9700	28	-11		
1098	10.9800	30	-13		
1099	10.9900	32	-15		
1100	11.0000	34	-16		
1101	11.0100	35	-18		
1102	11.0200	36	-19		
1103	11.0300	38	-20		
1104	11.0400	38	-21		
1105	11.0500	39	-22		
1106	11.0600	40	-22		
1107	11.0700	40	-22		
1108	11.0800	40	-22		
1109	11.0900	40	-22		
1110	11.1000	40	-22		
1111	11.1100	39	-21		
1112	11.1200	38	-20		
1113	11.1300	37	-19		
1114	11.1400	36	-18		
1115	11.1500	35	-16		
1116	11.1600	33	-15		
1117	11.1700	32	-13		
1118	11.1800	30	-11		
1119	11.1900	28	-9		
1120	11.2000	26	-7		
1121	11.2100	23	-4		
1122	11.2200	21	-2		
1123	11.2300	18	0		
1124	11.2400	16	3		
1125	11.2500	14	6		
1126	11.2600	11	8		
1127	11.2700	8	11		
1128	11.2800	6	13		
1129	11.2900	3	16		
1130	11.3000	1	18		
1131	11.3100	-2	21		
1132	11.3200	-4	23		
1133	11.3300	-6	25		
1134	11.3400	-7	27		
1135	11.3500	-9	29		
1136	11.3600	-11	31		
1137	11.3700	-12	33		
1138	11.3800	-14	34		
1139	11.3900	-15	35		
1140	11.4000	-16	36		
1141	11.4100	-17	37		
1142	11.4200	-18	38		
1143	11.4300	-18	38		
1144	11.4400	-18	38		
1145	11.4500	-18	38		
1146	11.4600	-18	38		
1147	11.4700	-18	38		
1148	11.4800	-17	37		
1149	11.4900	-17	36		
1150	11.5000	-16	35		
1151	11.5100	-14	34		
1152	11.5200	-13	33		
1153	11.5300	-12	31		
1154	11.5400	-10	29		
1155	11.5500	-8	27		
1156	11.5600	-6	25		
1157	11.5700	-5	23		
1158	11.5800	-3	21		
1159	11.5900	-1	18		
1160	11.6000	2	16		
1161	11.6100	4	14		
1162	11.6200	6	11		
1163	11.6300	9	8		
1164	11.6400	12	6		
1165	11.6500	14	3		
1166	11.6600	16	1		
1167	11.6700	19	-2		
1168	11.6800	21	-4		
1169	11.6900	24	-6		
1170	11.7000	26	-8		
1171	11.7100	28	-11		
1172	11.7200	30	-12		
1173	11.7300	32	-14		
1174	11.7400	33	-16		
1175	11.7500	35	-18		
1176	11.7600	36	-19		
1177	11.7700	37	-20		
1178	11.7800	38	-21		
1179	11.7900	39	-21		
1180	11.8000	40	-22		
1181	11.8100	40	-22		
1182	11.8200	40	-22		
1183	11.8300	40	-22		
1184	11.8400	40	-22		
1185	11.8500	39	-21		
1186	11.8600	38	-20		
1187	11.8700	38	-19		
1188	11.8800	36	-18		
1189	11.8900	35	-16		
1190	11.9000	34	-15		
1191	11.9100	32	-13		
1192	11.9200	30	-11		
1193	11.9300	28	-9		
1194	11.9400	26	-7		
1195	11.9500	24	-5		
1196	11.9600	21	-2		
1197	11.9700	19	0		
1198	11.9800	17	2		
1199	11.9900	14	5		
1200	12.0000	12	8		
1201	12.0100	9	10		
1202	12.0200	6	13		
1203	12.0300	4	15		
1204	12.0400	1	18		
1205	12.0500	-1	20		
1206	12.0600	-3	22		
1207	12.0700	-6	25		
1208	12.0800	-7	27		
1209	12.0900	-8	29		
1210	12.1000	-10	30		
1211	12.1100	-12	32		
1212	12.1200	-14	34		
1213	12.1300	-15	35		
1214	12.1400	-16	36		
1215	12.1500	-17	37		
1216	12.1600	-17	38		
1217	12.1700	-18	38		
1218	12.1800	-18	38		
1219	12.1900	-18	38		
1220	12.2000	-18	38		
1221	12.2100	-18	38		
1222	12.2200	-18	37		
1223	12.2300	-17	36		
1224	12.2400	-16	36		
1225	12.2500	-15	34		
1226	12.2600	-14	33		
1227	12.2700	-12	31		
1228	12.2800	-10	30		
1229	12.2900	-9	28		
1230	12.3000	-7	26		
1231	12.3100	-6	24		
1232	12.3200	-4	21		
1233	12.3300	-1	19		
1234	12.3400	1	16		
1235	12.3500	4	14		
1236	12.3600	6	12		
1237	12.3700	8	9		
1238	12.3800	11	6		
1239	12.3900	13	4		
1240	12.4000	16	1		
1241	12.4100	18	-1		
1242	12.4200	21	-4		
1243	12.4300	23	-6		
1244	12.4400	25	-8		
1245	12.4500	27	-10		
1246	12.4600	29	-12		
1247	12.4700	31	-14		
1248	12.4800	33	-16		
1249	12.4900	34	-17		
1250	12.5000	36	-18		
1251	12.5100	37	-20		
1252	12.5200	38	-20		
1253	12.5300	39	-21		
1254	12.5400	39	-22		
1255	12.5500	40	-22		
1256	12.5600	40	-22		
1257	12.5700	40	-22		
1258	12.5800	40	-22		
1259	12.5900	39	-21		
1260	12.6000	38	-20		
1261	12.6100	38	-19		
1262	12.6200	36	-18		
1263	12.6300	35	-17		
1264	12.6400	34	-15		
1265	12.6500	32	-13		
1266	12.6600	30	-12		
1267	12.6700	28	-10		
1268	12.6800	26	-7		
1269	12.6900	24	-5		
1270	12.7000	22	-3		
1271	12.7100	19	0		
1272	12.7200	17	2		
1273	12.7300	14	5		
1274	12.7400	12	7		
1275	12.7500	9	10		
1276	12.7600	7	12		
1277	12.7700	4	15		
1278	12.7800	2	17		
1279	12.7900	0	20		
1280	12.8000	-3	22		
1281	12.8100	-5	24		
1282	12.8200	-6	26		
1283	12.8300	-8	28		
1284	12.8400	-10	30		
1285	12.8500	-12	32		
1286	12.8600	-13	34		
1287	12.8700	-14	35		
1288	12.8800	-16	36		
1289	12.8900	-16	37		
1290	12.9000	-17	38		
1291	12.9100	-18	38		
1292	12.9200	-18	38		
1293	12.9300	-18	38		
1294	12.9400	-18	38		
1295	12.9500	-18	38		
1296	12.9600	-18	37		
1297	12.9700	-17	37		
1298	12.9800	-16	36		
1299	12.9900	-15	34		
1300	13.0000	-14	33		
1301	13.0100	-12	32		
1302	13.0200	-11	30		
1303	13.0300	-9	28		
1304	13.0400	-7	26		
1305	13.0500	-6	24		
1306	13.0600	-4	22		
1307	13.0700	-2	19		
1308	13.0800	0	17		
1309	13.0900	3	14		
1310	13.1000	5	12		
1311	13.1100	8	9		
1312	13.1200	10	7		
1313	13.1300	13	4		
1314	13.1400	15	2		
1315	13.1500	18	-1		
1316	13.1600	20	-3		
1317	13.1700	22	-6		
1318	13.1800	25	-8		
1319	13.1900	27	-10		
1320	13.2000	29	-12		
1321	13.2100	31	-14		
1322	13.2200	32	-16		
1323	13.2300	34	-17		
1324	13.2400	36	-18		
1325	13.2500	37	-20		
1326	13.2600	38	-21		
1327	13.2700	39	-21		
1328	13.2800	39	-22		
1329	13.2900	40	-22		
1330	13.3000	40	-22		
1331	13.3100	40	-22		
1332	13.3200	40	-22		
1333	13.3300	39	-22		
1334	13.3400	39	-21		
1335	13.3500	38	-20		
1336	13.3600	37	-18		
1337	13.3700	36	-17		
1338	13.3800	34	-16		
1339	13.3900	32	-14		
1340	13.4000	31	-12		
1341	13.4100	29	-10		
1342	13.4200	27	-8		
1343	13.4300	25	-6		
1344	13.4400	22	-3		
1345	13.4500	20	-1		
1346	13.4600	18	2		
1347	13.4700	15	4		
1348	13.4800	12	7		
1349	13.4900	10	9		
1350	13.5000	7	12		
1351	13.5100	5	14		
1352	13.5200	2	17		
1353	13.5300	0	19		
1354	13.5400	-2	22		
1355	13.5500	-4	24		
1356	13.5600	-6	26		
1357	13.5700	-8	28		
1358	13.5800	-10	30		
1359	13.5900	-11	32		
1360	13.6000	-13	33		
1361	13.6100	-14	35		
1362	13.6200	-15	36		
1363	13.6300	-16	37		
1364	13.6400	-17	38		
1365	13.6500	-18	38		
1366	13.6600	-18	39		
1367	13.6700	-18	39		
1368	13.6800	-18	39		
1369	13.6900	-18	38		
1370	13.7000	-18	38		
1371	13.7100	-17	37		
1372	13.7200	-16	36		
1373	13.7300	-15	35		
1374	13.7400	-14	34		
1375	13.7500	-13	32		
1376	13.7600	-11	30		
1377	13.7700	-9	29		
1378	13.7800	-8	27		
1379	13.7900	-6	25		
1380	13.8000	-4	22		
1381	13.8100	-2	20		
1382	13.8200	0	18		
1383	13.8300	2	15		
1384	13.8400	5	13		
1385	13.8500	7	10		
1386	13.8600	10	8		
1387	13.8700	12	5		
1388	13.8800	15	2		
1389	13.8900	17	0		
1390	13.9000	20	-2		
1391	13.9100	22	-5		
1392	13.9200	24	-7		
1393	13.9300	26	-9		
1394	13.9400	28	-12		
1395	13.9500	30	-13		
1396	13.9600	32	-15		
1397	13.9700	34	-17		
1398	13.9800	35	-18		
1399	13.9900	36	-19		
1400	14.0000	38	-20		
1401	14.0100	38	-21		
1402	14.0200	39	-22		
1403	14.0300	40	-22		
1404	14.0400	40	-22		
1405	14.0500	40	-22		
1406	14.0600	40	-22		
1407	14.0700	40	-22		
1408	14.0800	39	-21		
1409	14.0900	38	-20		
1410	14.1000	37	-19		
1411	14.1100	36	-18		
1412	14.1200	34	-16		
1413	14.1300	33	-14		
1414	14.1400	31	-13		
1415	14.1500	29	-11		
1416	14.1600	27	-9		
1417	14.1700	25	-6		
1418	14.1800	23	-4		
1419	14.1900	20	-2		
1420	14.2000	18	1		
1421	14.2100	16	3		
1422	14.2200	13	6		
1423	14.2300	10	8		
1424	14.2400	8	11		
1425	14.2500	5	14		
1426	14.2600	3	16		
1427	14.2700	0	19		
1428	14.2800	-2	21		
1429	14.2900	-4	23		
1430	14.3000	-6	26		
1431	14.3100	-7	28		
1432	14.3200	-9	30		
1433	14.3300	-11	31		
1434	14.3400	-12	33		
1435	14.3500	-14	34		
1436	14.3600	-15	36		
1437	14.3700	-16	36		
1438	14.3800	-17	37		
1439	14.3900	-18	38		
1440	14.4000	-18	38		
1441	14.4100	-18	39		
1442	14.4200	-18	39		
1443	14.4300	-18	38		
1444	14.4400	-18	38		
1445	14.4500	-17	37		
1446	14.4600	-16	36		
1447	14.4700	-16	35		
1448	14.4800	-14	34		
1449	14.4900	-13	32		
1450	14.5000	-12	31		
1451	14.5100	-10	29		
1452	14.5200	-8	27		
1453	14.5300	-6	25		
1454	14.5400	-5	23		
1455	14.5500	-3	20		
1456	14.5600	0	18		
1457	14.5700	2	16		
1458	14.5800	4	13		
1459	14.5900	7	11		
1460	14.6000	9	8		
1461	14.6100	12	6		
1462	14.6200	14	3		
1463	14.6300	17	0		
1464	14.6400	19	-2		
1465	14.6500	21	-4		
1466	14.6600	24	-7		
1467	14.6700	26	-9		
1468	14.6800	28	-11		
1469	14.6900	30	-13		
1470	14.7000	32	-15		
1471	14.7100	33	-16		
1472	14.7200	35	-18		
1473	14.7300	36	-19		
1474	14.7400	37	-20		
1475	14.7500	38	-21		
1476	14.7600	39	-22		
1477	14.7700	40	-22		
1478	14.7800	40	-22		
1479	14.7900	40	-22		
1480	14.8000	40	-22		
1481	14.8100	40	-22		
1482	14.8200	39	-21		
1483	14.8300	38	-20		
1484	14.8400	37	-19		
1485	14.8500	36	-18		
1486	14.8600	35	-16		
1487	14.8700	33	-15		
1488	14.8800	32	-13		
1489	14.8900	30	-11		
1490	14.9000	28	-9		
1491	14.9100	26	-7		
1492	14.9200	23	-4		
1493	14.9300	21	-2		
1494	14.9400	19	0		
1495	14.9500	16	3		
1496	14.9600	14	6		
1497	14.9700	11	8		
1498	14.9800	8	11		
1499	14.9900	6	13		
1500	15.0000	4	16		
1501	15.0100	1	18		
1502	15.0200	-1	21		
1503	15.0300	-4	23		
1504	15.0400	-6	25		
1505	15.0500	-7	27		
1506	15.0600	-9	29		
1507	15.0700	-10	31		
1508	15.0800	-12	33		
1509	15.0900	-14	34		
1510	15.1000	-15	35		
1511	15.1100	-16	36		
1512	15.1200	-17	37		
1513	15.1300	-18	38		
1514	15.1400	-18	38		
1515	15.1500	-18	39		
1516	15.1600	-18	39		
1517	15.1700	-18	38		
1518	15.1800	-18	38		
1519	15.1900	-17	37		
1520	15.2000	-17	36		
1521	15.2100	-16	36		
1522	15.2200	-15	34		
1523	15.2300	-13	33		
1524	15.2400	-12	31		
1525	15.2500	-10	30		
1526	15.2600	-8	28		
1527	15.2700	-7	26		
1528	15.2800	-6	23		
1529	15.2900	-3	21		
1530	15.3000	-1	19		
1531	15.3100	1	16		
1532	15.3200	4	14		
1533	15.3300	6	11		
1534	15.3400	9	9		
1535	15.3500	11	6		
1536	15.3600	14	4		
1537	15.3700	16	1		
1538	15.3800	18	-2		
1539	15.3900	21	-4		
1540	15.4000	23	-6		
1541	15.4100	25	-8		
1542	15.4200	28	-10		
1543	15.4300	30	-12		
1544	15.4400	31	-14		
1545	15.4500	33	-16		
1546	15.4600	34	-18		
1547	15.4700	36	-19		
1548	15.4800	37	-20		
1549	15.4900	38	-21		
1550	15.5000	39	-22		
1551	15.5100	39	-22		
1552	15.5200	40	-22		
1553	15.5300	40	-22		
1554	15.5400	40	-22		
1555	15.5500	40	-22		
1556	15.5600	39	-21		
1557	15.5700	38	-20		
1558	15.5800	38	-20		
1559	15.5900	36	-18		
1560	15.6000	35	-17		
1561	15.6100	34	-15		
1562	15.6200	32	-14		
1563	15.6300	30	-12		
1564	15.6400	28	-10		
1565	15.6500	26	-7		
1566	15.6600	24	-5		
1567	15.6700	22	-3		
1568	15.6800	19	0		
1569	15.6900	17	2		
1570	15.7000	14	5		
1571	15.7100	12	7		
1572	15.7200	9	10		
1573	15.7300	7	12		
1574	15.7400	4	15		
1575	15.7500	2	18		
1576	15.7600	-1	20		
1577	15.7700	-3	22		
1578	15.7800	-5	24		
1579	15.7900	-6	27		
1580	15.8000	-8	29		
1581	15.8100	-10	30		
1582	15.8200	-12	32		
1583	15.8300	-13	34		
1584	15.8400	-14	35		
1585	15.8500	-16	36		
1586	15.8600	-17	37		
1587	15.8700	-17	38		
1588	15.8800	-18	38		
1589	15.8900	-18	38		
1590	15.9000	-18	38		
1591	15.9100	-18	38		
1592	15.9200	-18	38		
1593	15.9300	-18	38		
1594	15.9400	-17	37		
1595	15.9500	-16	36		
1596	15.9600	-15	34		
1597	15.9700	-14	33		
1598	15.9800	-12	32		
1599	15.9900	-11	30		
1600	16.0000	-9	28		
1601	16.0100	-7	26		
1602	16.0200	-6	24		
1603	16.0300	-4	22		
1604	16.0400	-2	19		
1605	16.0500	1	17		
1606	16.0600	3	14		
1607	16.0700	6	12		
1608	16.0800	8	9		
1609	16.0900	10	7		
1610	16.1000	13	4		
1611	16.1100	16	2		
1612	16.1200	18	-1		
1613	16.1300	20	-3		
1614	16.1400	23	-6		
1615	16.1500	25	-8		
1616	16.1600	27	-10		
1617	16.1700	29	-12		
1618	16.1800	31	-14		
1619	16.1900	33	-16		
1620	16.2000	34	-17		
1621	16.2100	36	-18		
1622	16.2200	37	-20		
1623	16.2300	38	-21		
1624	16.2400	39	-21		
1625	16.2500	39	-22		
1626	16.2600	40	-22		
1627	16.2700	40	-22		
1628	16.2800	40	-22		
1629	16.2900	40	-22		
1630	16.3000	39	-21		
1631	16.3100	39	-21		
1632	16.3200	38	-20		
1633	16.3300	37	-18		
1634	16.3400	36	-17		
1635	16.3500	34	-16		
1636	16.3600	32	-14		
1637	16.3700	31	-12		
1638	16.3800	29	-10		
1639	16.3900	27	-8		
1640	16.4000	24	-6		
1641	16.4100	22	-3		
1642	16.4200	20	-1		
1643	16.4300	17	2		
1644	16.4400	15	4		
1645	16.4500	12	7		
1646	16.4600	10	10		
1647	16.4700	7	12		
1648	16.4800	5	14		
1649	16.4900	2	17		
1650	16.5000	0	20		
1651	16.5100	-3	22		
1652	16.5200	-5	24		
1653	16.5300	-6	26		
1654	16.5400	-8	28		
1655	16.5500	-10	30		
1656	16.5600	-12	32		
1657	16.5700	-13	34		
1658	16.5800	-14	35		
1659	16.5900	-15	36		
1660	16.6000	-16	37		
1661	16.6100	-17	38		
1662	16.6200	-18	38		
1663	16.6300	-18	38		
1664	16.6400	-18	39		
1665	16.6500	-18	39		
1666	16.6600	-18	38		
1667	16.6700	-18	38		
1668	16.6800	-17	37		
1669	16.6900	-16	36		
1670	16.7000	-15	35		
1671	16.7100	-14	34		
1672	16.7200	-12	32		
1673	16.7300	-11	30		
1674	16.7400	-9	28		
1675	16.7500	-7	26		
1676	16.7600	-6	24		
1677	16.7700	-4	22		
1678	16.7800	-2	20		
1679	16.7900	0	18		
1680	16.8000	3	15		
1681	16.8100	5	12		
1682	16.8200	8	10		
1683	16.8300	10	7		
1684	16.8400	12	5		
1685	16.8500	15	2		
1686	16.8600	18	0		
1687	16.8700	20	-3		
1688	16.8800	22	-5		
1689	16.8900	24	-7		
1690	16.9000	26	-10		
1691	16.9100	29	-12		
1692	16.9200	30	-13		
1693	16.9300	32	-15		
1694	16.9400	34	-17		
1695	16.9500	35	-18		
1696	16.9600	37	-19		
1697	16.9700	38	-20		
1698	16.9800	38	-21		
1699	16.9900	39	-22		
1700	17.0000	40	-22		
1701	17.0100	40	-22		
1702	17.0200	40	-22		
1703	17.0300	40	-22		
1704	17.0400	39	-22		
1705	17.0500	39	-21		
1706	17.0600	38	-20		
1707	17.0700	37	-19		
1708	17.0800	36	-17		
1709	17.0900	34	-16		
1710	17.1000	33	-14		
1711	17.1100	31	-12		
1712	17.1200	29	-10		
1713	17.1300	27	-8		
1714	17.1400	25	-6		
1715	17.1500	23	-4		
1716	17.1600	20	-1		
1717	17.1700	18	1		
1718	17.1800	16	4		
1719	17.1900	13	6		
1720	17.2000	10	9		
1721	17.2100	8	12		
1722	17.2200	5	14		
1723	17.2300	3	16		
1724	17.2400	0	19		
1725	17.2500	-2	21		
1726	17.2600	-4	24		
1727	17.2700	-6	26		
1728	17.2800	-8	28		
1729	17.2900	-9	30		
1730	17.3000	-11	32		
1731	17.3100	-13	33		
1732	17.3200	-14	34		
1733	17.3300	-15	36		
1734	17.3400	-16	37		
1735	17.3500	-17	38		
1736	17.3600	-18	38		
1737	17.3700	-18	38		
1738	17.3800	-18	39		
1739	17.3900	-18	39		
1740	17.4000	-18	38		
1741	17.4100	-18	38		
1742	17.4200	-17	37		
1743	17.4300	-16	36		
1744	17.4400	-15	35		
1745	17.4500	-14	34		
1746	17.4600	-13	32		
1747	17.4700	-11	31		
1748	17.4800	-10	29		
1749	17.4900	-8	27		
1750	17.5000	-6	25		
1751	17.5100	-5	23		
1752	17.5200	-3	20		
1753	17.5300	0	18		
1754	17.5400	2	16		
1755	17.5500	4	13		
1756	17.5600	7	10		
1757	17.5700	9	8		
1758	17.5800	12	6		
1759	17.5900	14	3		
1760	17.6000	17	0		
1761	17.6100	19	-2		
1762	17.6200	22	-4		
1763	17.6300	24	-7		
1764	17.6400	26	-9		
1765	17.6500	28	-11		
1766	17.6600	30	-13		
1767	17.6700	32	-15		
1768	17.6800	34	-16		
1769	17.6900	35	-18		
1770	17.7000	36	-19		
1771	17.7100	37	-20		
1772	17.7200	38	-21		
1773	17.7300	39	-22		
1774	17.7400	40	-22		
1775	17.7500	40	-22		
1776	17.7600	40	-22		
1777	17.7700	40	-22		
1778	17.7800	40	-22		
1779	17.7900	39	-21		
1780	17.8000	38	-20		
1781	17.8100	37	-19		
1782	17.8200	36	-18		
1783	17.8300	35	-16		
1784	17.8400	33	-15		
1785	17.8500	31	-13		
1786	17.8600	30	-11		
1787	17.8700	28	-9		
1788	17.8800	25	-7		
1789	17.8900	23	-4		
1790	17.9000	21	-2		
1791	17.9100	18	1		
1792	17.9200	16	3		
1793	17.9300	13	6		
1794	17.9400	11	8		
1795	17.9500	8	11		
1796	17.9600	6	13		
1797	17.9700	3	16		
1798	17.9800	1	18		
1799	17.9900	-2	21		
1800	18.0000	-4	23		
1801	18.0100	-6	25		
1802	18.0200	-7	27		
1803	18.0300	-9	29		
1804	18.0400	-11	31		
1805	18.0500	-12	33		
1806	18.0600	-14	34		
1807	18.0700	-15	35		
1808	18.0800	-16	36		
1809	18.0900	-17	37		
1810	18.1000	-18	38		
1811	18.1100	-18	38		
1812	18.1200	-18	38		
1813	18.1300	-18	39		
1814	18.1400	-18	38		
1815	18.1500	-18	38		
1816	18.1600	-17	37		
1817	18.1700	-17	36		
1818	18.1800	-16	35		
1819	18.1900	-14	34		
1820	18.2000	-13	33		
1821	18.2100	-12	31		
1822	18.2200	-10	29		
1823	18.2300	-8	27		
1824	18.2400	-6	25		
1825	18.2500	-5	23		
1826	18.2600	-3	21		
1827	18.2700	-1	18		
1828	18.2800	2	16		
1829	18.2900	4	14		
1830	18.3000	6	11		
1831	18.3100	9	8		
1832	18.3200	11	6		
1833	18.3300	14	3		
1834	18.3400	16	1		
1835	18.3500	19	-2		
1836	18.3600	21	-4		
1837	18.3700	23	-6		
1838	18.3800	26	-9		
1839	18.3900	28	-11		
1840	18.4000	30	-13		
1841	18.4100	32	-14		
1842	18.4200	33	-16		
1843	18.4300	35	-18		
1844	18.4400	36	-19		
1845	18.4500	37	-20		
1846	18.4600	38	-21		
1847	18.4700	39	-22		
1848	18.4800	40	-22		
1849	18.4900	40	-22		
1850	18.5000	40	-22		
1851	18.5100	40	-22		
1852	18.5200	40	-22		
1853	18.5300	39	-21		
1854	18.5400	38	-20		
1855	18.5500	37	-19		
1856	18.5600	36	-18		
1857	18.5700	35	-17		
1858	18.5800	33	-15		
1859	18.5900	32	-13		
1860	18.6000	30	-11		
1861	18.6100	28	-9		
1862	18.6200	26	-7		
1863	18.6300	24	-5		
1864	18.6400	21	-2		
1865	18.6500	19	0		
1866	18.6600	16	3		
1867	18.6700	14	5		
1868	18.6800	11	8		
1869	18.6900	9	10		
1870	18.7000	6	13		
1871	18.7100	4	16		
1872	18.7200	1	18		
1873	18.7300	-1	20		
1874	18.7400	-3	23		
1875	18.7500	-6	25		
1876	18.7600	-7	27		
1877	18.7700	-8	29		
1878	18.7800	-10	31		
1879	18.7900	-12	32		
1880	18.8000	-13	34		
1881	18.8100	-15	35		
1882	18.8200	-16	36		
1883	18.8300	-17	37		
1884	18.8400	-17	38		
1885	18.8500	-18	38		
1886	18.8600	-18	39		
1887	18.8700	-18	39		
1888	18.8800	-18	39		
1889	18.8900	-18	38		
1890	18.9000	-18	38		
1891	18.9100	-17	37		
1892	18.9200	-16	36		
1893	18.9300	-15	34		
1894	18.9400	-14	33		
1895	18.9500	-12	32		
1896	18.9600	-10	30		
1897	18.9700	-9	28		
1898	18.9800	-7	26		
1899	18.9900	-6	24		
1900	19.0000	-4	21		
1901	19.0100	-1	19		
1902	19.0200	1	16		
1903	19.0300	4	14		
1904	19.0400	6	12		
1905	19.0500	8	9		
1906	19.0600	11	6		
1907	19.0700	13	4		
1908	19.0800	16	1		
1909	19.0900	18	-1		
1910	19.1000	21	-4		
1911	19.1100	23	-6		
1912	19.1200	25	-8		
1913	19.1300	27	-10		
1914	19.1400	29	-12		
1915	19.1500	31	-14		
1916	19.1600	33	-16		
1917	19.1700	34	-18		
1918	19.1800	36	-19		
1919	19.1900	37	-20		
1920	19.2000	38	-21		
1921	19.2100	39	-22		
1922	19.2200	39	-22		
1923	19.2300	40	-22		
1924	19.2400	40	-22		
1925	19.2500	40	-22		
1926	19.2600	40	-22		
1927	19.2700	39	-22		
1928	19.2800	38	-21		
1929	19.2900	38	-20		
1930	19.3000	36	-18		
1931	19.3100	35	-17		
1932	19.3200	34	-16		
1933	19.3300	32	-14		
1934	19.3400	30	-12		
1935	19.3500	28	-10		
1936	19.3600	26	-8		
1937	19.3700	24	-5		
1938	19.3800	22	-3		
1939	19.3900	19	-1		
1940	19.4000	17	2		
1941	19.4100	14	4		
1942	19.4200	12	7		
1943	19.4300	9	10		
1944	19.4400	7	12		
1945	19.4500	4	15		
1946	19.4600	2	17		
1947	19.4700	-1	20		
1948	19.4800	-3	22		
1949	19.4900	-5	24		
1950	19.5000	-6	26		
1951	19.5100	-8	28		
1952	19.5200	-10	30		
1953	19.5300	-12	32		
1954	19.5400	-13	34		
1955	19.5500	-14	35		
1956	19.5600	-16	36		
1957	19.5700	-16	37		
1958	19.5800	-17	38		
1959	19.5900	-18	38		
1960	19.6000	-18	39		
1961	19.6100	-18	39		
1962	19.6200	-18	39		
1963	19.6300	-18	38		
1964	19.6400	-18	38		
1965	19.6500	-17	37		
1966	19.6600	-16	36		
1967	19.6700	-15	35		
1968	19.6800	-14	34		
1969	19.6900	-12	32		
1970	19.7000	-11	30		
1971	19.7100	-9	28		
1972	19.7200	-7	26		
1973	19.7300	-6	24		
1974	19.7400	-4	22		
1975	19.7500	-2	20		
1976	19.7600	1	17		
1977	19.7700	3	15		
1978	19.7800	5	12		
1979	19.7900	8	10		
1980	19.8000	10	7		
1981	19.8100	13	4		
1982	19.8200	15	2		
1983	19.8300	18	-1		
1984	19.8400	20	-3		
1985	19.8500	22	-6		
1986	19.8600	25	-8		
1987	19.8700	27	-10		
1988	19.8800	29	-12		
1989	19.8900	31	-14		
1990	19.9000	32	-16		
1991	19.9100	34	-17		
1992	19.9200	36	-18		
1993	19.9300	37	-20		
1994	19.9400	38	-21		
1995	19.9500	39	-22		
1996	19.9600	39	-22		
1997	19.9700	40	-22		
1998	19.9800	40	-22		
1999	19.9900	40	-22		
2000	20.0000	40	-22		
