#	time(s)	count A	count B	count C	count D
1	0.0100	24	3		
2	0.0200	27	2		
3	0.0300	30	1		
4	0.0400	32	0		
5	0.0500	34	-1		
6	0.0600	36	-2		
7	0.0700	38	-2		
8	0.0800	39	-3		
9	0.0900	40	-3		
10	0.1000	40	-3		
11	0.1100	40	-3		
12	0.1200	40	-3		
13	0.1300	39	-3		
14	0.1400	38	-2		
15	0.1500	37	-2		
16	0.1600	35	-1		
17	0.1700	33	0		
18	0.1800	31	0		
19	0.1900	28	2		
20	0.2000	26	2		
21	0.2100	22	4		
22	0.2200	19	5		
23	0.2300	16	6		
24	0.2400	13	7		
25	0.2500	9	9		
26	0.2600	6	10		
27	0.2700	3	11		
28	0.2800	0	12		
29	0.2900	-4	14		
30	0.3000	-6	15		
31	0.3100	-8	16		
32	0.3200	-10	17		
33	0.3300	-13	18		
34	0.3400	-14	18		
35	0.3500	-16	19		
36	0.3600	-17	19		
37	0.3700	-18	20		
38	0.3800	-18	20		
39	0.3900	-18	20		
40	0.4000	-18	20		
41	0.4100	-18	20		
42	0.4200	-17	19		
43	0.4300	-16	19		
44	0.4400	-14	18		
45	0.4500	-12	17		
46	0.4600	-10	16		
47	0.4700	-8	16		
48	0.4800	-6	14		
49	0.4900	-3	13		
50	0.5000	0	12		
51	0.5100	3	11		
52	0.5200	6	10		
53	0.5300	10	8		
54	0.5400	13	7		
55	0.5500	16	6		
56	0.5600	20	4		
57	0.5700	23	3		
58	0.5800	26	2		
59	0.5900	28	1		
60	0.6000	31	0		
61	0.6100	33	-1		
62	0.6200	35	-2		
63	0.6300	37	-3		
64	0.6400	38	-3		
65	0.6500	39	-4		
66	0.6600	40	-4		
67	0.6700	40	-4		
68	0.6800	40	-4		
69	0.6900	40	-4		
70	0.7000	39	-4		
71	0.7100	38	-3		
72	0.7200	36	-3		
73	0.7300	34	-2		
74	0.7400	32	-1		
75	0.7500	30	0		
76	0.7600	27	1		
77	0.7700	24	2		
78	0.7800	21	3		
79	0.7900	18	4		
80	0.8000	15	5		
81	0.8100	11	7		
82	0.8200	8	8		
83	0.8300	5	9		
84	0.8400	1	10		
85	0.8500	-2	12		
86	0.8600	-5	13		
87	0.8700	-7	14		
88	0.8800	-9	15		
89	0.8900	-11	16		
90	0.9000	-13	17		
91	0.9100	-15	18		
92	0.9200	-16	18		
93	0.9300	-18	19		
94	0.9400	-18	19		
95	0.9500	-18	19		
96	0.9600	-18	19		
97	0.9700	-18	19		
98	0.9800	-17	19		
99	0.9900	-16	19		
100	1.0000	-15	18		
101	1.0100	-13	18		
102	1.0200	-11	17		
103	1.0300	-9	16		
104	1.0400	-6	15		
105	1.0500	-5	14		
106	1.0600	-2	13		
107	1.0700	2	12		
108	1.0800	5	11		
109	1.0900	8	10		
110	1.1000	11	8		
111	1.1100	14	7		
112	1.1200	18	6		
113	1.1300	21	4		
114	1.1400	24	4		
115	1.1500	27	2		
116	1.1600	29	1		
117	1.1700	32	0		
118	1.1800	34	0		
119	1.1900	36	-1		
120	1.2000	37	-2		
121	1.2100	39	-2		
122	1.2200	40	-2		
123	1.2300	40	-3		
124	1.2400	40	-3		
125	1.2500	40	-3		
126	1.2600	39	-2		
127	1.2700	38	-2		
128	1.2800	37	-2		
129	1.2900	35	-1		
130	1.3000	33	0		
131	1.3100	31	0		
132	1.3200	29	1		
133	1.3300	26	2		
134	1.3400	23	4		
135	1.3500	20	5		
136	1.3600	17	6		
137	1.3700	13	7		
138	1.3800	10	8		
139	1.3900	6	10		
140	1.4000	3	11		
141	1.4100	0	12		
142	1.4200	-3	13		
143	1.4300	-6	14		
144	1.4400	-8	15		
145	1.4500	-10	16		
146	1.4600	-12	17		
147	1.4700	-14	18		
148	1.4800	-16	18		
149	1.4900	-17	19		
150	1.5000	-18	19		
151	1.5100	-18	19		
152	1.5200	-18	19		
153	1.5300	-18	19		
154	1.5400	-18	19		
155	1.5500	-17	19		
156	1.5600	-16	18		
157	1.5700	-14	18		
158	1.5800	-12	17		
159	1.5900	-10	16		
160	1.6000	-8	15		
161	1.6100	-6	14		
162	1.6200	-3	13		
163	1.6300	0	12		
164	1.6400	3	10		
165	1.6500	6	9		
166	1.6600	9	8		
167	1.6700	13	7		
168	1.6800	16	5		
169	1.6900	19	4		
170	1.7000	22	3		
171	1.7100	25	2		
172	1.7200	28	1		
173	1.7300	31	0		
174	1.7400	33	-1		
175	1.7500	35	-2		
176	1.7600	36	-3		
177	1.7700	38	-3		
178	1.7800	39	-4		
179	1.7900	40	-4		
180	1.8000	40	-4		
181	1.8100	40	-4		
182	1.8200	40	-4		
183	1.8300	39	-4		
184	1.8400	38	-3		
185	1.8500	36	-2		
186	1.8600	34	-2		
187	1.8700	32	-1		
188	1.8800	30	0		
189	1.8900	28	1		
190	1.9000	25	2		
191	1.9100	22	3		
192	1.9200	18	4		
193	1.9300	15	6		
194	1.9400	12	7		
195	1.9500	8	8		
196	1.9600	5	10		
197	1.9700	2	11		
198	1.9800	-1	12		
199	1.9900	-4	13		
200	2.0000	-6	14		
201	2.0100	-9	16		
202	2.0200	-11	17		
203	2.0300	-13	18		
204	2.0400	-15	18		
205	2.0500	-16	19		
206	2.0600	-17	19		
207	2.0700	-18	20		
208	2.0800	-18	20		
209	2.0900	-18	20		
210	2.1000	-18	20		
211	2.1100	-17	20		
212	2.1200	-16	19		
213	2.1300	-15	19		
214	2.1400	-13	18		
215	2.1500	-11	18		
216	2.1600	-9	17		
217	2.1700	-7	16		
218	2.1800	-5	15		
219	2.1900	-2	14		
220	2.2000	1	12		
221	2.2100	4	11		
222	2.2200	8	10		
223	2.2300	11	9		
224	2.2400	14	7		
225	2.2500	17	6		
226	2.2600	21	5		
227	2.2700	24	4		
228	2.2800	26	2		
229	2.2900	29	2		
230	2.3000	32	0		
231	2.3100	34	0		
232	2.3200	36	-1		
233	2.3300	37	-2		
234	2.3400	38	-2		
235	2.3500	40	-3		
236	2.3600	40	-3		
237	2.3700	40	-3		
238	2.3800	40	-3		
239	2.3900	39	-3		
240	2.4000	38	-3		
241	2.4100	37	-2		
242	2.4200	36	-2		
243	2.4300	34	-1		
244	2.4400	32	0		
245	2.4500	29	1		
246	2.4600	26	2		
247	2.4700	23	3		
248	2.4800	20	4		
249	2.4900	17	5		
250	2.5000	14	6		
251	2.5100	10	8		
252	2.5200	7	9		
253	2.5300	4	10		
254	2.5400	0	11		
255	2.5500	-3	12		
256	2.5600	-6	14		
257	2.5700	-8	14		
258	2.5800	-10	16		
259	2.5900	-12	16		
260	2.6000	-14	17		
261	2.6100	-16	18		
262	2.6200	-17	18		
263	2.6300	-18	19		
264	2.6400	-18	19		
265	2.6500	-18	19		
266	2.6600	-18	19		
267	2.6700	-18	19		
268	2.6800	-17	18		
269	2.6900	-16	18		
270	2.7000	-14	18		
271	2.7100	-12	17		
272	2.7200	-10	16		
273	2.7300	-8	15		
274	2.7400	-6	14		
275	2.7500	-4	13		
276	2.7600	-1	12		
277	2.7700	2	11		
278	2.7800	6	10		
279	2.7900	9	8		
280	2.8000	12	7		
281	2.8100	16	6		
282	2.8200	19	4		
283	2.8300	22	3		
284	2.8400	25	2		
285	2.8500	28	1		
286	2.8600	30	0		
287	2.8700	33	-1		
288	2.8800	35	-1		
289	2.8900	36	-2		
290	2.9000	38	-3		
291	2.9100	39	-3		
292	2.9200	40	-3		
293	2.9300	40	-3		
294	2.9400	40	-3		
295	2.9500	40	-3		
296	2.9600	39	-3		
297	2.9700	38	-2		
298	2.9800	36	-2		
299	2.9900	35	-1		
300	3.0000	33	0		
301	3.0100	30	0		
302	3.0200	28	2		
303	3.0300	25	2		
304	3.0400	22	4		
305	3.0500	19	5		
306	3.0600	16	6		
307	3.0700	12	8		
308	3.0800	9	9		
309	3.0900	5	10		
310	3.1000	2	11		
311	3.1100	-1	12		
312	3.1200	-4	14		
313	3.1300	-6	15		
314	3.1400	-9	16		
315	3.1500	-11	17		
316	3.1600	-13	18		
317	3.1700	-15	18		
318	3.1800	-16	19		
319	3.1900	-17	20		
320	3.2000	-18	20		
321	3.2100	-18	20		
322	3.2200	-18	20		
323	3.2300	-18	20		
324	3.2400	-18	20		
325	3.2500	-17	19		
326	3.2600	-15	19		
327	3.2700	-14	18		
328	3.2800	-12	17		
329	3.2900	-9	16		
330	3.3000	-7	16		
331	3.3100	-5	14		
332	3.3200	-2	13		
333	3.3300	1	12		
334	3.3400	4	11		
335	3.3500	7	10		
336	3.3600	10	8		
337	3.3700	14	7		
338	3.3800	17	6		
339	3.3900	20	4		
340	3.4000	23	3		
341	3.4100	26	2		
342	3.4200	29	1		
343	3.4300	31	0		
344	3.4400	34	-1		
345	3.4500	35	-2		
346	3.4600	37	-2		
347	3.4700	38	-3		
348	3.4800	39	-3		
349	3.4900	40	-4		
350	3.5000	40	-4		
351	3.5100	40	-4		
352	3.5200	40	-4		
353	3.5300	39	-3		
354	3.5400	37	-3		
355	3.5500	36	-2		
356	3.5600	34	-2		
357	3.5700	32	-1		
358	3.5800	29	0		
359	3.5900	27	1		
360	3.6000	24	2		
361	3.6100	20	4		
362	3.6200	17	5		
363	3.6300	14	6		
364	3.6400	11	7		
365	3.6500	7	8		
366	3.6600	4	10		
367	3.6700	1	11		
368	3.6800	-2	12		
369	3.6900	-5	13		
370	3.7000	-7	14		
371	3.7100	-10	15		
372	3.7200	-12	16		
373	3.7300	-14	17		
374	3.7400	-16	18		
375	3.7500	-17	18		
376	3.7600	-18	19		
377	3.7700	-18	19		
378	3.7800	-18	19		
379	3.7900	-18	19		
380	3.8000	-18	19		
381	3.8100	-17	19		
382	3.8200	-16	18		
383	3.8300	-14	18		
384	3.8400	-13	17		
385	3.8500	-11	16		
386	3.8600	-8	16		
387	3.8700	-6	15		
388	3.8800	-4	14		
389	3.8900	-1	12		
390	3.9000	2	11		
391	3.9100	5	10		
392	3.9200	9	9		
393	3.9300	12	8		
394	3.9400	15	6		
395	3.9500	18	5		
396	3.9600	22	4		
397	3.9700	24	3		
398	3.9800	27	2		
399	3.9900	30	1		
400	4.0000	32	0		
401	4.0100	34	-1		
402	4.0200	36	-2		
403	4.0300	38	-2		
404	4.0400	39	-3		
405	4.0500	40	-3		
406	4.0600	40	-3		
407	4.0700	40	-3		
408	4.0800	40	-3		
409	4.0900	39	-3		
410	4.1000	38	-2		
411	4.1100	37	-2		
412	4.1200	35	-1		
413	4.1300	33	0		
414	4.1400	31	0		
415	4.1500	28	1		
416	4.1600	25	2		
417	4.1700	22	4		
418	4.1800	19	5		
419	4.1900	16	6		
420	4.2000	13	7		
421	4.2100	9	8		
422	4.2200	6	10		
423	4.2300	2	11		
424	4.2400	-1	12		
425	4.2500	-4	13		
426	4.2600	-6	14		
427	4.2700	-8	16		
428	4.2800	-11	16		
429	4.2900	-13	17		
430	4.3000	-14	18		
431	4.3100	-16	19		
432	4.3200	-17	19		
433	4.3300	-18	19		
434	4.3400	-18	20		
435	4.3500	-18	20		
436	4.3600	-18	20		
437	4.3700	-18	19		
438	4.3800	-17	19		
439	4.3900	-15	18		
440	4.4000	-14	18		
441	4.4100	-12	17		
442	4.4200	-10	16		
443	4.4300	-7	15		
444	4.4400	-6	14		
445	4.4500	-3	13		
446	4.4600	0	12		
447	4.4700	4	11		
448	4.4800	7	9		
449	4.4900	10	8		
450	4.5000	13	7		
451	4.5100	17	6		
452	4.5200	20	4		
453	4.5300	23	3		
454	4.5400	26	2		
455	4.5500	28	1		
456	4.5600	31	0		
457	4.5700	33	-1		
458	4.5800	35	-2		
459	4.5900	37	-2		
460	4.6000	38	-3		
461	4.6100	39	-3		
462	4.6200	40	-4		
463	4.6300	40	-4		
464	4.6400	40	-4		
465	4.6500	40	-4		
466	4.6600	39	-3		
467	4.6700	38	-3		
468	4.6800	36	-2		
469	4.6900	34	-2		
470	4.7000	32	-1		
471	4.7100	30	0		
472	4.7200	27	1		
473	4.7300	24	2		
474	4.7400	21	4		
475	4.7500	18	5		
476	4.7600	14	6		
477	4.7700	11	7		
478	4.7800	8	9		
479	4.7900	4	10		
480	4.8000	1	11		
481	4.8100	-2	12		
482	4.8200	-5	14		
483	4.8300	-7	15		
484	4.8400	-9	16		
485	4.8500	-12	17		
486	4.8600	-14	17		
487	4.8700	-15	18		
488	4.8800	-16	19		
489	4.8900	-18	19		
490	4.9000	-18	20		
491	4.9100	-18	20		
492	4.9200	-18	20		
493	4.9300	-18	20		
494	4.9400	-17	19		
495	4.9500	-16	19		
496	4.9600	-15	18		
497	4.9700	-13	18		
498	4.9800	-11	17		
499	4.9900	-9	16		
500	5.0000	-6	15		
501	5.0100	-4	14		
502	5.0200	-1	13		
503	5.0300	2	12		
504	5.0400	5	10		
505	5.0500	8	9		
506	5.0600	12	8		
507	5.0700	15	7		
508	5.0800	18	6		
509	5.0900	21	4		
510	5.1000	24	3		
511	5.1100	27	2		
512	5.1200	30	1		
513	5.1300	32	0		
514	5.1400	34	-1		
515	5.1500	36	-2		
516	5.1600	38	-2		
517	5.1700	39	-3		
518	5.1800	40	-3		
519	5.1900	40	-3		
520	5.2000	40	-3		
521	5.2100	40	-3		
522	5.2200	39	-3		
523	5.2300	38	-2		
524	5.2400	37	-2		
525	5.2500	35	-2		
526	5.2600	33	-1		
527	5.2700	31	0		
528	5.2800	28	1		
529	5.2900	26	2		
530	5.3000	23	3		
531	5.3100	19	4		
532	5.3200	16	6		
533	5.3300	13	7		
534	5.3400	10	8		
535	5.3500	6	9		
536	5.3600	3	10		
537	5.3700	0	12		
538	5.3800	-3	13		
539	5.3900	-6	14		
540	5.4000	-8	15		
541	5.4100	-10	16		
542	5.4200	-13	17		
543	5.4300	-14	18		
544	5.4400	-16	18		
545	5.4500	-17	18		
546	5.4600	-18	19		
547	5.4700	-18	19		
548	5.4800	-18	19		
549	5.4900	-18	19		
550	5.5000	-18	19		
551	5.5100	-17	19		
552	5.5200	-16	18		
553	5.5300	-14	18		
554	5.5400	-12	17		
555	5.5500	-10	16		
556	5.5600	-8	15		
557	5.5700	-6	14		
558	5.5800	-3	13		
559	5.5900	0	12		
560	5.6000	3	10		
561	5.6100	6	9		
562	5.6200	10	8		
563	5.6300	13	7		
564	5.6400	16	6		
565	5.6500	20	4		
566	5.6600	22	3		
567	5.6700	25	2		
568	5.6800	28	1		
569	5.6900	31	0		
570	5.7000	33	-1		
571	5.7100	35	-2		
572	5.7200	37	-2		
573	5.7300	38	-3		
574	5.7400	39	-3		
575	5.7500	40	-3		
576	5.7600	40	-4		
577	5.7700	40	-4		
578	5.7800	40	-3		
579	5.7900	39	-3		
580	5.8000	38	-3		
581	5.8100	36	-2		
582	5.8200	34	-1		
583	5.8300	32	0		
584	5.8400	30	0		
585	5.8500	27	2		
586	5.8600	24	2		
587	5.8700	21	4		
588	5.8800	18	5		
589	5.8900	15	6		
590	5.9000	12	8		
591	5.9100	8	9		
592	5.9200	5	10		
593	5.9300	1	11		
594	5.9400	-2	12		
595	5.9500	-5	14		
596	5.9600	-7	15		
597	5.9700	-9	16		
598	5.9800	-11	17		
599	5.9900	-13	18		
600	6.0000	-15	18		
601	6.0100	-16	19		
602	6.0200	-18	19		
603	6.0300	-18	20		
604	6.0400	-18	20		
605	6.0500	-18	20		
606	6.0600	-18	20		
607	6.0700	-17	20		
608	6.0800	-16	19		
609	6.0900	-15	19		
610	6.1000	-13	18		
611	6.1100	-11	17		
612	6.1200	-9	16		
613	6.1300	-6	15		
614	6.1400	-5	14		
615	6.1500	-2	13		
616	6.1600	1	12		
617	6.1700	5	11		
618	6.1800	8	9		
619	6.1900	11	8		
620	6.2000	14	7		
621	6.2100	18	6		
622	6.2200	21	4		
623	6.2300	24	3		
624	6.2400	27	2		
625	6.2500	29	1		
626	6.2600	32	0		
627	6.2700	34	-1		
628	6.2800	36	-2		
629	6.2900	37	-2		
630	6.3000	39	-3		
631	6.3100	40	-3		
632	6.3200	40	-3		
633	6.3300	40	-4		
634	6.3400	40	-4		
635	6.3500	39	-3		
636	6.3600	38	-3		
637	6.3700	37	-2		
638	6.3800	35	-2		
639	6.3900	34	-1		
640	6.4000	31	0		
641	6.4100	29	0		
642	6.4200	26	2		
643	6.4300	23	3		
644	6.4400	20	4		
645	6.4500	17	5		
646	6.4600	13	6		
647	6.4700	10	8		
648	6.4800	6	9		
649	6.4900	3	10		
650	6.5000	0	11		
651	6.5100	-3	12		
652	6.5200	-6	14		
653	6.5300	-8	15		
654	6.5400	-10	16		
655	6.5500	-12	16		
656	6.5600	-14	17		
657	6.5700	-16	18		
658	6.5800	-17	18		
659	6.5900	-18	19		
660	6.6000	-18	19		
661	6.6100	-18	19		
662	6.6200	-18	19		
663	6.6300	-18	19		
664	6.6400	-17	19		
665	6.6500	-16	18		
666	6.6600	-14	18		
667	6.6700	-12	17		
668	6.6800	-10	16		
669	6.6900	-8	15		
670	6.7000	-6	14		
671	6.7100	-3	13		
672	6.7200	0	12		
673	6.7300	3	11		
674	6.7400	6	10		
675	6.7500	9	9		
676	6.7600	13	7		
677	6.7700	16	6		
678	6.7800	19	5		
679	6.7900	22	4		
680	6.8000	25	3		
681	6.8100	28	2		
682	6.8200	31	0		
683	6.8300	33	0		
684	6.8400	35	-1		
685	6.8500	36	-2		
686	6.8600	38	-2		
687	6.8700	39	-3		
688	6.8800	40	-3		
689	6.8900	40	-3		
690	6.9000	40	-3		
691	6.9100	40	-3		
692	6.9200	39	-3		
693	6.9300	38	-2		
694	6.9400	36	-2		
695	6.9500	35	-1		
696	6.9600	32	0		
697	6.9700	30	1		
698	6.9800	28	2		
699	6.9900	25	3		
700	7.0000	22	4		
701	7.0100	18	5		
702	7.0200	15	6		
703	7.0300	12	8		
704	7.0400	8	9		
705	7.0500	5	10		
706	7.0600	2	11		
707	7.0700	-1	12		
708	7.0800	-4	14		
709	7.0900	-6	15		
710	7.1000	-9	16		
711	7.1100	-11	17		
712	7.1200	-13	18		
713	7.1300	-15	18		
714	7.1400	-16	19		
715	7.1500	-17	19		
716	7.1600	-18	20		
717	7.1700	-18	20		
718	7.1800	-18	20		
719	7.1900	-18	20		
720	7.2000	-18	19		
721	7.2100	-16	19		
722	7.2200	-15	18		
723	7.2300	-13	18		
724	7.2400	-11	17		
725	7.2500	-9	16		
726	7.2600	-7	15		
727	7.2700	-5	14		
728	7.2800	-2	13		
729	7.2900	1	12		
730	7.3000	4	10		
731	7.3100	8	9		
732	7.3200	11	8		
733	7.3300	14	7		
734	7.3400	17	5		
735	7.3500	20	4		
736	7.3600	24	3		
737	7.3700	26	2		
738	7.3800	29	1		
739	7.3900	32	0		
740	7.4000	34	-1		
741	7.4100	36	-2		
742	7.4200	37	-2		
743	7.4300	38	-3		
744	7.4400	40	-3		
745	7.4500	40	-4		
746	7.4600	40	-4		
747	7.4700	40	-4		
748	7.4800	40	-4		
749	7.4900	38	-3		
750	7.5000	37	-3		
751	7.5100	36	-2		
752	7.5200	34	-1		
753	7.5300	32	0		
754	7.5400	29	0		
755	7.5500	26	2		
756	7.5600	23	2		
757	7.5700	20	4		
758	7.5800	17	5		
759	7.5900	14	6		
760	7.6000	10	8		
761	7.6100	7	9		
762	7.6200	4	10		
763	7.6300	0	11		
764	7.6400	-3	12		
765	7.6500	-6	14		
766	7.6600	-7	15		
767	7.6700	-10	16		
768	7.6800	-12	17		
769	7.6900	-14	18		
770	7.7000	-16	18		
771	7.7100	-17	19		
772	7.7200	-18	19		
773	7.7300	-18	19		
774	7.7400	-18	20		
775	7.7500	-18	20		
776	7.7600	-18	19		
777	7.7700	-17	19		
778	7.7800	-16	19		
779	7.7900	-14	18		
780	7.8000	-13	18		
781	7.8100	-10	17		
782	7.8200	-8	16		
783	7.8300	-6	15		
784	7.8400	-4	14		
785	7.8500	-1	13		
786	7.8600	2	11		
787	7.8700	6	10		
788	7.8800	9	9		
789	7.8900	12	8		
790	7.9000	16	6		
791	7.9100	19	5		
792	7.9200	22	4		
793	7.9300	25	3		
794	7.9400	28	2		
795	7.9500	30	1		
796	7.9600	33	0		
797	7.9700	35	-1		
798	7.9800	36	-2		
799	7.9900	38	-2		
800	8.0000	39	-3		
801	8.0100	40	-3		
802	8.0200	40	-3		
803	8.0300	40	-3		
804	8.0400	40	-3		
805	8.0500	39	-3		
806	8.0600	38	-2		
807	8.0700	36	-2		
808	8.0800	35	-1		
809	8.0900	33	0		
810	8.1000	30	0		
811	8.1100	28	1		
812	8.1200	25	2		
813	8.1300	22	4		
814	8.1400	19	5		
815	8.1500	16	6		
816	8.1600	12	7		
817	8.1700	9	8		
818	8.1800	5	10		
819	8.1900	2	11		
820	8.2000	-1	12		
821	8.2100	-4	13		
822	8.2200	-6	14		
823	8.2300	-8	15		
824	8.2400	-11	16		
825	8.2500	-13	17		
826	8.2600	-15	18		
827	8.2700	-16	18		
828	8.2800	-17	19		
829	8.2900	-18	19		
830	8.3000	-18	19		
831	8.3100	-18	19		
832	8.3200	-18	19		
833	8.3300	-18	19		
834	8.3400	-17	19		
835	8.3500	-15	18		
836	8.3600	-14	18		
837	8.3700	-12	17		
838	8.3800	-10	16		
839	8.3900	-7	15		
840	8.4000	-5	14		
841	8.4100	-2	13		
842	8.4200	1	12		
843	8.4300	4	10		
844	8.4400	7	9		
845	8.4500	10	8		
846	8.4600	14	7		
847	8.4700	17	5		
848	8.4800	20	4		
849	8.4900	23	3		
850	8.5000	26	2		
851	8.5100	29	1		
852	8.5200	31	0		
853	8.5300	34	-1		
854	8.5400	35	-2		
855	8.5500	37	-2		
856	8.5600	38	-3		
857	8.5700	39	-3		
858	8.5800	40	-4		
859	8.5900	40	-4		
860	8.6000	40	-4		
861	8.6100	40	-3		
862	8.6200	39	-3		
863	8.6300	37	-2		
864	8.6400	36	-2		
865	8.6500	34	-1		
866	8.6600	32	0		
867	8.6700	29	0		
868	8.6800	27	2		
869	8.6900	24	3		
870	8.7000	21	4		
871	8.7100	17	5		
872	8.7200	14	6		
873	8.7300	11	8		
874	8.7400	7	9		
875	8.7500	4	10		
876	8.7600	1	12		
877	8.7700	-2	13		
878	8.7800	-5	14		
879	8.7900	-7	15		
880	8.8000	-10	16		
881	8.8100	-12	17		
882	8.8200	-14	18		
883	8.8300	-15	18		
884	8.8400	-17	19		
885	8.8500	-18	19		
886	8.8600	-18	20		
887	8.8700	-18	20		
888	8.8800	-18	20		
889	8.8900	-18	20		
890	8.9000	-17	19		
891	8.9100	-16	19		
892	8.9200	-14	18		
893	8.9300	-13	18		
894	8.9400	-11	17		
895	8.9500	-8	16		
896	8.9600	-6	15		
897	8.9700	-4	14		
898	8.9800	-1	13		
899	8.9900	2	12		
900	9.0000	5	10		
901	9.0100	9	9		
902	9.0200	12	8		
903	9.0300	15	7		
904	9.0400	18	5		
905	9.0500	22	4		
906	9.0600	24	3		
907	9.0700	27	2		
908	9.0800	30	1		
909	9.0900	32	0		
910	9.1000	34	-1		
911	9.1100	36	-2		
912	9.1200	38	-2		
913	9.1300	39	-3		
914	9.1400	40	-3		
915	9.1500	40	-3		
916	9.1600	40	-3		
917	9.1700	40	-3		
918	9.1800	39	-3		
919	9.1900	38	-3		
920	9.2000	37	-2		
921	9.2100	35	-2		
922	9.2200	33	-1		
923	9.2300	31	0		
924	9.2400	28	1		
925	9.2500	25	2		
926	9.2600	22	3		
927	9.2700	19	4		
928	9.2800	16	6		
929	9.2900	13	7		
930	9.3000	9	8		
931	9.3100	6	9		
932	9.3200	2	10		
933	9.3300	-1	12		
934	9.3400	-4	13		
935	9.3500	-6	14		
936	9.3600	-8	15		
937	9.3700	-11	16		
938	9.3800	-13	17		
939	9.3900	-14	18		
940	9.4000	-16	18		
941	9.4100	-17	18		
942	9.4200	-18	19		
943	9.4300	-18	19		
944	9.4400	-18	19		
945	9.4500	-18	19		
946	9.4600	-18	19		
947	9.4700	-17	19		
948	9.4800	-15	18		
949	9.4900	-14	18		
950	9.5000	-12	17		
951	9.5100	-10	16		
952	9.5200	-7	15		
953	9.5300	-6	14		
954	9.5400	-3	13		
955	9.5500	0	12		
956	9.5600	4	11		
957	9.5700	7	9		
958	9.5800	10	8		
959	9.5900	13	7		
960	9.6000	17	6		
961	9.6100	20	4		
962	9.6200	23	3		
963	9.6300	26	2		
964	9.6400	28	1		
965	9.6500	31	0		
966	9.6600	33	-1		
967	9.6700	35	-2		
968	9.6800	37	-2		
969	9.6900	38	-3		
970	9.7000	39	-3		
971	9.7100	40	-3		
972	9.7200	40	-3		
973	9.7300	40	-3		
974	9.7400	40	-3		
975	9.7500	39	-3		
976	9.7600	38	-2		
977	9.7700	36	-2		
978	9.7800	34	-1		
979	9.7900	32	0		
980	9.8000	30	1		
981	9.8100	27	2		
982	9.8200	24	3		
983	9.8300	21	4		
984	9.8400	18	5		
985	9.8500	14	6		
986	9.8600	11	8		
987	9.8700	8	9		
988	9.8800	4	10		
989	9.8900	1	12		
990	9.9000	-2	13		
991	9.9100	-5	14		
992	9.9200	-7	15		
993	9.9300	-9	16		
994	9.9400	-12	17		
995	9.9500	-14	18		
996	9.9600	-15	18		
997	9.9700	-16	19		
998	9.9800	-18	19		
999	9.9900	-18	20		
1000	10.0000	-18	20		
1001	10.0100	-18	20		
1002	10.0200	-18	20		
1003	10.0300	-17	19		
1004	10.0400	-16	19		
1005	10.0500	-15	18		
1006	10.0600	-13	18		
1007	10.0700	-11	17		
1008	10.0800	-9	16		
1009	10.0900	-6	15		
1010	10.1000	-4	14		
1011	10.1100	-1	13		
1012	10.1200	2	12		
1013	10.1300	5	10		
1014	10.1400	8	9		
1015	10.1500	12	8		
1016	10.1600	15	6		
1017	10.1700	18	5		
1018	10.1800	21	4		
1019	10.1900	24	3		
1020	10.2000	27	2		
1021	10.2100	30	1		
1022	10.2200	32	0		
1023	10.2300	34	-1		
1024	10.2400	36	-2		
1025	10.2500	38	-2		
1026	10.2600	39	-3		
1027	10.2700	40	-3		
1028	10.2800	40	-4		
1029	10.2900	40	-4		
1030	10.3000	40	-4		
1031	10.3100	39	-3		
1032	10.3200	38	-3		
1033	10.3300	37	-2		
1034	10.3400	35	-2		
1035	10.3500	33	-1		
1036	10.3600	31	0		
1037	10.3700	28	1		
1038	10.3800	26	2		
1039	10.3900	23	3		
1040	10.4000	20	4		
1041	10.4100	16	5		
1042	10.4200	13	6		
1043	10.4300	10	8		
1044	10.4400	6	9		
1045	10.4500	3	10		
1046	10.4600	0	12		
1047	10.4700	-3	13		
1048	10.4800	-6	14		
1049	10.4900	-8	15		
1050	10.5000	-10	16		
1051	10.5100	-12	17		
1052	10.5200	-14	18		
1053	10.5300	-16	18		
1054	10.5400	-17	19		
1055	10.5500	-18	19		
1056	10.5600	-18	19		
1057	10.5700	-18	19		
1058	10.5800	-18	19		
1059	10.5900	-18	19		
1060	10.6000	-17	19		
1061	10.6100	-16	18		
1062	10.6200	-14	18		
1063	10.6300	-12	17		
1064	10.6400	-10	16		
1065	10.6500	-8	15		
1066	10.6600	-6	14		
1067	10.6700	-3	13		
1068	10.6800	0	12		
1069	10.6900	3	11		
1070	10.7000	6	10		
1071	10.7100	10	8		
1072	10.7200	13	7		
1073	10.7300	16	6		
1074	10.7400	19	5		
1075	10.7500	22	4		
1076	10.7600	25	2		
1077	10.7700	28	2		
1078	10.7800	31	0		
1079	10.7900	33	0		
1080	10.8000	35	-1		
1081	10.8100	37	-2		
1082	10.8200	38	-2		
1083	10.8300	39	-3		
1084	10.8400	40	-3		
1085	10.8500	40	-3		
1086	10.8600	40	-3		
1087	10.8700	40	-3		
1088	10.8800	39	-3		
1089	10.8900	38	-2		
1090	10.9000	36	-2		
1091	10.9100	34	-1		
1092	10.9200	32	0		
1093	10.9300	30	0		
1094	10.9400	27	2		
1095	10.9500	24	3		
1096	10.9600	21	4		
1097	10.9700	18	5		
1098	10.9800	15	6		
1099	10.9900	12	8		
1100	11.0000	8	9		
1101	11.0100	5	10		
1102	11.0200	1	11		
1103	11.0300	-2	12		
1104	11.0400	-5	14		
1105	11.0500	-6	15		
1106	11.0600	-9	16		
1107	11.0700	-11	16		
1108	11.0800	-13	17		
1109	11.0900	-15	18		
1110	11.1000	-16	18		
1111	11.1100	-18	19		
1112	11.1200	-18	19		
1113	11.1300	-18	19		
1114	11.1400	-18	20		
1115	11.1500	-18	19		
1116	11.1600	-17	19		
1117	11.1700	-16	19		
1118	11.1800	-15	18		
1119	11.1900	-13	18		
1120	11.2000	-11	17		
1121	11.2100	-9	16		
1122	11.2200	-6	15		
1123	11.2300	-5	14		
1124	11.2400	-2	13		
1125	11.2500	1	12		
1126	11.2600	5	10		
1127	11.2700	8	9		
1128	11.2800	11	8		
1129	11.2900	14	6		
1130	11.3000	18	5		
1131	11.3100	21	4		
1132	11.3200	24	3		
1133	11.3300	27	2		
1134	11.3400	29	1		
1135	11.3500	32	0		
1136	11.3600	34	-1		
1137	11.3700	36	-2		
1138	11.3800	37	-2		
1139	11.3900	39	-3		
1140	11.4000	40	-3		
1141	11.4100	40	-4		
1142	11.4200	40	-4		
1143	11.4300	40	-4		
1144	11.4400	39	-3		
1145	11.4500	38	-3		
1146	11.4600	37	-2		
1147	11.4700	35	-2		
1148	11.4800	34	-1		
1149	11.4900	31	0		
1150	11.5000	29	1		
1151	11.5100	26	2		
1152	11.5200	23	3		
1153	11.5300	20	4		
1154	11.5400	17	5		
1155	11.5500	13	6		
1156	11.5600	10	8		
1157	11.5700	7	9		
1158	11.5800	3	10		
1159	11.5900	0	12		
1160	11.6000	-3	13		
1161	11.6100	-6	14		
1162	11.6200	-8	15		
1163	11.6300	-10	16		
1164	11.6400	-12	17		
1165	11.6500	-14	18		
1166	11.6600	-16	18		
1167	11.6700	-17	19		
1168	11.6800	-18	19		
1169	11.6900	-18	20		
1170	11.7000	-18	20		
1171	11.7100	-18	20		
1172	11.7200	-18	20		
1173	11.7300	-17	19		
1174	11.7400	-16	19		
1175	11.7500	-14	18		
1176	11.7600	-12	18		
1177	11.7700	-10	17		
1178	11.7800	-8	16		
1179	11.7900	-6	15		
1180	11.8000	-3	14		
1181	11.8100	0	12		
1182	11.8200	3	11		
1183	11.8300	6	10		
1184	11.8400	9	9		
1185	11.8500	13	8		
1186	11.8600	16	6		
1187	11.8700	19	5		
1188	11.8800	22	4		
1189	11.8900	25	3		
1190	11.9000	28	2		
1191	11.9100	30	1		
1192	11.9200	33	0		
1193	11.9300	35	-1		
1194	11.9400	36	-2		
1195	11.9500	38	-2		
1196	11.9600	39	-3		
1197	11.9700	40	-3		
1198	11.9800	40	-3		
1199	11.9900	40	-3		
1200	12.0000	40	-3		
1201	12.0100	39	-3		
1202	12.0200	38	-2		
1203	12.0300	36	-2		
1204	12.0400	35	-1		
1205	12.0500	32	-1		
1206	12.0600	30	0		
1207	12.0700	28	1		
1208	12.0800	25	2		
1209	12.0900	22	3		
1210	12.1000	18	4		
1211	12.1100	15	6		
1212	12.1200	12	7		
1213	12.1300	8	8		
1214	12.1400	5	10		
1215	12.1500	2	11		
1216	12.1600	-1	12		
1217	12.1700	-4	13		
1218	12.1800	-6	14		
1219	12.1900	-9	15		
1220	12.2000	-11	16		
1221	12.2100	-13	17		
1222	12.2200	-15	18		
1223	12.2300	-16	18		
1224	12.2400	-17	19		
1225	12.2500	-18	19		
1226	12.2600	-18	19		
1227	12.2700	-18	19		
1228	12.2800	-18	19		
1229	12.2900	-18	19		
1230	12.3000	-16	18		
1231	12.3100	-15	18		
1232	12.3200	-13	17		
1233	12.3300	-11	17		
1234	12.3400	-9	16		
1235	12.3500	-7	15		
1236	12.3600	-5	14		
1237	12.3700	-2	13		
1238	12.3800	1	12		
1239	12.3900	4	10		
1240	12.4000	8	9		
1241	12.4100	11	8		
1242	12.4200	14	6		
1243	12.4300	17	5		
1244	12.4400	20	4		
1245	12.4500	24	3		
1246	12.4600	26	2		
1247	12.4700	29	1		
1248	12.4800	32	0		
1249	12.4900	34	-1		
1250	12.5000	36	-2		
1251	12.5100	37	-2		
1252	12.5200	38	-3		
1253	12.5300	39	-3		
1254	12.5400	40	-3		
1255	12.5500	40	-4		
1256	12.5600	40	-4		
1257	12.5700	40	-3		
1258	12.5800	38	-3		
1259	12.5900	37	-2		
1260	12.6000	36	-2		
1261	12.6100	34	-1		
1262	12.6200	32	0		
1263	12.6300	29	1		
1264	12.6400	26	2		
1265	12.6500	23	3		
1266	12.6600	20	4		
1267	12.6700	17	5		
1268	12.6800	14	7		
1269	12.6900	10	8		
1270	12.7000	7	9		
1271	12.7100	4	10		
1272	12.7200	0	12		
1273	12.7300	-3	13		
1274	12.7400	-6	14		
1275	12.7500	-7	15		
1276	12.7600	-10	16		
1277	12.7700	-12	17		
1278	12.7800	-14	18		
1279	12.7900	-16	18		
1280	12.8000	-17	19		
1281	12.8100	-18	19		
1282	12.8200	-18	20		
1283	12.8300	-18	20		
1284	12.8400	-18	20		
1285	12.8500	-18	20		
1286	12.8600	-17	19		
1287	12.8700	-16	19		
1288	12.8800	-14	18		
1289	12.8900	-13	18		
1290	12.9000	-11	17		
1291	12.9100	-8	16		
1292	12.9200	-6	15		
1293	12.9300	-4	14		
1294	12.9400	-1	12		
1295	12.9500	2	11		
1296	12.9600	6	10		
1297	12.9700	9	9		
1298	12.9800	12	8		
1299	12.9900	16	6		
1300	13.0000	19	5		
1301	13.0100	22	4		
1302	13.0200	25	3		
1303	13.0300	28	2		
1304	13.0400	30	0		
1305	13.0500	32	0		
1306	13.0600	34	-1		
1307	13.0700	36	-2		
1308	13.0800	38	-3		
1309	13.0900	39	-3		
1310	13.1000	40	-3		
1311	13.1100	40	-4		
1312	13.1200	40	-4		
1313	13.1300	40	-4		
1314	13.1400	39	-3		
1315	13.1500	38	-3		
1316	13.1600	37	-2		
1317	13.1700	35	-2		
1318	13.1800	33	-1		
1319	13.1900	30	0		
1320	13.2000	28	1		
1321	13.2100	25	2		
1322	13.2200	22	3		
1323	13.2300	19	4		
1324	13.2400	16	6		
1325	13.2500	12	7		
1326	13.2600	9	8		
1327	13.2700	6	9		
1328	13.2800	2	10		
1329	13.2900	-1	12		
1330	13.3000	-4	13		
1331	13.3100	-6	14		
1332	13.3200	-9	15		
1333	13.3300	-11	16		
1334	13.3400	-13	17		
1335	13.3500	-15	18		
1336	13.3600	-16	18		
1337	13.3700	-17	19		
1338	13.3800	-18	19		
1339	13.3900	-18	19		
1340	13.4000	-18	19		
1341	13.4100	-18	19		
1342	13.4200	-18	19		
1343	13.4300	-17	19		
1344	13.4400	-15	18		
1345	13.4500	-14	18		
1346	13.4600	-12	17		
1347	13.4700	-10	16		
1348	13.4800	-7	15		
1349	13.4900	-5	14		
1350	13.5000	-2	13		
1351	13.5100	1	12		
1352	13.5200	4	11		
1353	13.5300	7	9		
1354	13.5400	10	8		
1355	13.5500	14	7		
1356	13.5600	17	6		
1357	13.5700	20	4		
1358	13.5800	23	3		
1359	13.5900	26	2		
1360	13.6000	29	1		
1361	13.6100	31	0		
1362	13.6200	34	-1		
1363	13.6300	35	-2		
1364	13.6400	37	-2		
1365	13.6500	38	-3		
1366	13.6600	39	-3		
1367	13.6700	40	-3		
1368	13.6800	40	-3		
1369	13.6900	40	-3		
1370	13.7000	40	-3		
1371	13.7100	39	-3		
1372	13.7200	37	-2		
1373	13.7300	36	-2		
1374	13.7400	34	-1		
1375	13.7500	32	0		
1376	13.7600	29	1		
1377	13.7700	27	2		
1378	13.7800	24	3		
1379	13.7900	21	4		
1380	13.8000	17	5		
1381	13.8100	14	6		
1382	13.8200	11	8		
1383	13.8300	7	9		
1384	13.8400	4	10		
1385	13.8500	1	12		
1386	13.8600	-2	13		
1387	13.8700	-5	14		
1388	13.8800	-7	15		
1389	13.8900	-10	16		
1390	13.9000	-12	17		
1391	13.9100	-14	18		
1392	13.9200	-15	18		
1393	13.9300	-17	19		
1394	13.9400	-18	19		
1395	13.9500	-18	19		
1396	13.9600	-18	20		
1397	13.9700	-18	20		
1398	13.9800	-18	19		
1399	13.9900	-17	19		
1400	14.0000	-16	19		
1401	14.0100	-14	18		
1402	14.0200	-13	17		
1403	14.0300	-11	16		
1404	14.0400	-8	16		
1405	14.0500	-6	15		
1406	14.0600	-4	14		
1407	14.0700	-1	12		
1408	14.0800	2	11		
1409	14.0900	5	10		
1410	14.1000	9	9		
1411	14.1100	12	7		
1412	14.1200	15	6		
1413	14.1300	18	5		
1414	14.1400	22	4		
1415	14.1500	24	2		
1416	14.1600	27	1		
1417	14.1700	30	0		
1418	14.1800	32	-1		
1419	14.1900	34	-1		
1420	14.2000	36	-2		
1421	14.2100	38	-3		
1422	14.2200	39	-3		
1423	14.2300	40	-4		
1424	14.2400	40	-4		
1425	14.2500	40	-4		
1426	14.2600	40	-4		
1427	14.2700	39	-3		
1428	14.2800	38	-3		
1429	14.2900	37	-2		
1430	14.3000	35	-2		
1431	14.3100	33	-1		
1432	14.3200	31	0		
1433	14.3300	28	1		
1434	14.3400	25	2		
1435	14.3500	22	3		
1436	14.3600	19	4		
1437	14.3700	16	5		
1438	14.3800	13	7		
1439	14.3900	9	8		
1440	14.4000	6	9		
1441	14.4100	2	10		
1442	14.4200	-1	12		
1443	14.4300	-4	13		
1444	14.4400	-6	14		
1445	14.4500	-8	15		
1446	14.4600	-11	16		
1447	14.4700	-13	17		
1448	14.4800	-14	18		
1449	14.4900	-16	18		
1450	14.5000	-17	19		
1451	14.5100	-18	19		
1452	14.5200	-18	19		
1453	14.5300	-18	20		
1454	14.5400	-18	20		
1455	14.5500	-18	19		
1456	14.5600	-17	19		
1457	14.5700	-15	18		
1458	14.5800	-14	18		
1459	14.5900	-12	17		
1460	14.6000	-10	16		
1461	14.6100	-7	15		
1462	14.6200	-6	14		
1463	14.6300	-3	13		
1464	14.6400	0	12		
1465	14.6500	4	11		
1466	14.6600	7	10		
1467	14.6700	10	8		
1468	14.6800	13	7		
1469	14.6900	17	6		
1470	14.7000	20	5		
1471	14.7100	23	4		
1472	14.7200	26	2		
1473	14.7300	28	1		
1474	14.7400	31	0		
1475	14.7500	33	0		
1476	14.7600	35	-1		
1477	14.7700	37	-2		
1478	14.7800	38	-2		
1479	14.7900	39	-3		
1480	14.8000	40	-3		
1481	14.8100	40	-3		
1482	14.8200	40	-3		
1483	14.8300	40	-3		
1484	14.8400	39	-3		
1485	14.8500	38	-2		
1486	14.8600	36	-2		
1487	14.8700	34	-1		
1488	14.8800	32	0		
1489	14.8900	30	0		
1490	14.9000	27	2		
1491	14.9100	24	3		
1492	14.9200	21	4		
1493	14.9300	18	5		
1494	14.9400	14	6		
1495	14.9500	11	8		
1496	14.9600	8	9		
1497	14.9700	4	10		
1498	14.9800	1	11		
1499	14.9900	-2	12		
1500	15.0000	-5	14		
1501	15.0100	-7	15		
1502	15.0200	-9	16		
1503	15.0300	-12	16		
1504	15.0400	-14	17		
1505	15.0500	-15	18		
1506	15.0600	-17	18		
1507	15.0700	-18	19		
1508	15.0800	-18	19		
1509	15.0900	-18	19		
1510	15.1000	-18	19		
1511	15.1100	-18	19		
1512	15.1200	-17	19		
1513	15.1300	-16	18		
1514	15.1400	-15	18		
1515	15.1500	-13	17		
1516	15.1600	-11	16		
1517	15.1700	-9	16		
1518	15.1800	-6	14		
1519	15.1900	-4	14		
1520	15.2000	-1	12		
1521	15.2100	2	11		
1522	15.2200	5	10		
1523	15.2300	8	9		
1524	15.2400	12	7		
1525	15.2500	15	6		
1526	15.2600	18	5		
1527	15.2700	21	4		
1528	15.2800	24	2		
1529	15.2900	27	1		
1530	15.3000	30	0		
1531	15.3100	32	-1		
1532	15.3200	34	-1		
1533	15.3300	36	-2		
1534	15.3400	38	-3		
1535	15.3500	39	-3		
1536	15.3600	40	-4		
1537	15.3700	40	-4		
1538	15.3800	40	-4		
1539	15.3900	40	-4		
1540	15.4000	39	-3		
1541	15.4100	38	-3		
1542	15.4200	37	-2		
1543	15.4300	35	-2		
1544	15.4400	33	-1		
1545	15.4500	31	0		
1546	15.4600	28	1		
1547	15.4700	26	2		
1548	15.4800	23	3		
1549	15.4900	20	4		
1550	15.5000	16	5		
1551	15.5100	13	7		
1552	15.5200	10	8		
1553	15.5300	6	9		
1554	15.5400	3	10		
1555	15.5500	0	12		
1556	15.5600	-4	13		
1557	15.5700	-6	14		
1558	15.5800	-8	15		
1559	15.5900	-10	16		
1560	15.6000	-13	17		
1561	15.6100	-14	18		
1562	15.6200	-16	18		
1563	15.6300	-17	19		
1564	15.6400	-18	19		
1565	15.6500	-18	20		
1566	15.6600	-18	20		
1567	15.6700	-18	20		
1568	15.6800	-18	20		
1569	15.6900	-17	19		
1570	15.7000	-16	19		
1571	15.7100	-14	18		
1572	15.7200	-12	17		
1573	15.7300	-10	16		
1574	15.7400	-8	16		
1575	15.7500	-6	15		
1576	15.7600	-3	14		
1577	15.7700	0	12		
1578	15.7800	3	11		
1579	15.7900	6	10		
1580	15.8000	10	9		
1581	15.8100	13	7		
1582	15.8200	16	6		
1583	15.8300	19	5		
1584	15.8400	22	4		
1585	15.8500	25	2		
1586	15.8600	28	1		
1587	15.8700	31	0		
1588	15.8800	33	0		
1589	15.8900	35	-1		
1590	15.9000	37	-2		
1591	15.9100	38	-3		
1592	15.9200	39	-3		
1593	15.9300	40	-3		
1594	15.9400	40	-4		
1595	15.9500	40	-4		
1596	15.9600	40	-3		
1597	15.9700	39	-3		
1598	15.9800	38	-3		
1599	15.9900	36	-2		
1600	16.0000	34	-2		
1601	16.0100	32	-1		
1602	16.0200	30	0		
1603	16.0300	27	1		
1604	16.0400	24	2		
1605	16.0500	21	3		
1606	16.0600	18	4		
1607	16.0700	15	6		
1608	16.0800	12	7		
1609	16.0900	8	8		
1610	16.1000	5	10		
1611	16.1100	1	11		
1612	16.1200	-2	12		
1613	16.1300	-5	13		
1614	16.1400	-7	14		
1615	16.1500	-9	15		
1616	16.1600	-11	16		
1617	16.1700	-13	17		
1618	16.1800	-15	18		
1619	16.1900	-16	18		
1620	16.2000	-18	18		
1621	16.2100	-18	19		
1622	16.2200	-18	19		
1623	16.2300	-18	19		
1624	16.2400	-18	19		
1625	16.2500	-17	19		
1626	16.2600	-16	18		
1627	16.2700	-15	18		
1628	16.2800	-13	17		
1629	16.2900	-11	16		
1630	16.3000	-9	16		
1631	16.3100	-6	15		
1632	16.3200	-5	14		
1633	16.3300	-2	12		
1634	16.3400	1	11		
1635	16.3500	5	10		
1636	16.3600	8	9		
1637	16.3700	11	8		
1638	16.3800	14	6		
1639	16.3900	18	5		
1640	16.4000	21	4		
1641	16.4100	24	3		
1642	16.4200	27	2		
1643	16.4300	29	1		
1644	16.4400	32	0		
1645	16.4500	34	-1		
1646	16.4600	36	-2		
1647	16.4700	37	-2		
1648	16.4800	39	-3		
1649	16.4900	40	-3		
1650	16.5000	40	-3		
1651	16.5100	40	-3		
1652	16.5200	40	-3		
1653	16.5300	39	-3		
1654	16.5400	38	-3		
1655	16.5500	37	-2		
1656	16.5600	35	-2		
1657	16.5700	34	-1		
1658	16.5800	31	0		
1659	16.5900	29	1		
1660	16.6000	26	2		
1661	16.6100	23	3		
1662	16.6200	20	4		
1663	16.6300	17	6		
1664	16.6400	13	7		
1665	16.6500	10	8		
1666	16.6600	7	9		
1667	16.6700	3	11		
1668	16.6800	0	12		
1669	16.6900	-3	13		
1670	16.7000	-6	14		
1671	16.7100	-8	15		
1672	16.7200	-10	16		
1673	16.7300	-12	17		
1674	16.7400	-14	18		
1675	16.7500	-16	18		
1676	16.7600	-17	19		
1677	16.7700	-18	19		
1678	16.7800	-18	20		
1679	16.7900	-18	20		
1680	16.8000	-18	20		
1681	16.8100	-18	20		
1682	16.8200	-17	19		
1683	16.8300	-16	19		
1684	16.8400	-14	18		
1685	16.8500	-12	18		
1686	16.8600	-10	17		
1687	16.8700	-8	16		
1688	16.8800	-6	15		
1689	16.8900	-3	14		
1690	16.9000	0	12		
1691	16.9100	3	11		
1692	16.9200	6	10		
1693	16.9300	9	9		
1694	16.9400	13	7		
1695	16.9500	16	6		
1696	16.9600	19	5		
1697	16.9700	22	4		
1698	16.9800	25	2		
1699	16.9900	28	1		
1700	17.0000	30	0		
1701	17.0100	33	-1		
1702	17.0200	35	-2		
1703	17.0300	36	-2		
1704	17.0400	38	-3		
1705	17.0500	39	-3		
1706	17.0600	40	-3		
1707	17.0700	40	-4		
1708	17.0800	40	-4		
1709	17.0900	40	-4		
1710	17.1000	39	-3		
1711	17.1100	38	-3		
1712	17.1200	36	-2		
1713	17.1300	35	-2		
1714	17.1400	32	-1		
1715	17.1500	30	0		
1716	17.1600	28	1		
1717	17.1700	25	2		
1718	17.1800	22	3		
1719	17.1900	18	4		
1720	17.2000	15	6		
1721	17.2100	12	7		
1722	17.2200	8	8		
1723	17.2300	5	9		
1724	17.2400	2	11		
1725	17.2500	-1	12		
1726	17.2600	-4	13		
1727	17.2700	-6	14		
1728	17.2800	-9	15		
1729	17.2900	-11	16		
1730	17.3000	-13	17		
1731	17.3100	-15	18		
1732	17.3200	-16	18		
1733	17.3300	-17	19		
1734	17.3400	-18	19		
1735	17.3500	-18	19		
1736	17.3600	-18	19		
1737	17.3700	-18	19		
1738	17.3800	-18	19		
1739	17.3900	-16	19		
1740	17.4000	-15	18		
1741	17.4100	-13	18		
1742	17.4200	-11	17		
1743	17.4300	-9	16		
1744	17.4400	-7	15		
1745	17.4500	-5	14		
1746	17.4600	-2	13		
1747	17.4700	1	12		
1748	17.4800	4	10		
1749	17.4900	7	9		
1750	17.5000	11	8		
1751	17.5100	14	7		
1752	17.5200	17	6		
1753	17.5300	20	4		
1754	17.5400	24	3		
1755	17.5500	26	2		
1756	17.5600	29	1		
1757	17.5700	32	0		
1758	17.5800	34	-1		
1759	17.5900	36	-2		
1760	17.6000	37	-2		
1761	17.6100	38	-3		
1762	17.6200	39	-3		
1763	17.6300	40	-3		
1764	17.6400	40	-3		
1765	17.6500	40	-3		
1766	17.6600	40	-3		
1767	17.6700	38	-3		
1768	17.6800	37	-2		
1769	17.6900	36	-2		
1770	17.7000	34	-1		
1771	17.7100	32	0		
1772	17.7200	29	1		
1773	17.7300	26	2		
1774	17.7400	23	3		
1775	17.7500	20	4		
1776	17.7600	17	5		
1777	17.7700	14	7		
1778	17.7800	10	8		
1779	17.7900	7	9		
1780	17.8000	4	10		
1781	17.8100	0	12		
1782	17.8200	-3	13		
1783	17.8300	-6	14		
1784	17.8400	-7	15		
1785	17.8500	-10	16		
1786	17.8600	-12	17		
1787	17.8700	-14	18		
1788	17.8800	-16	18		
1789	17.8900	-17	19		
1790	17.9000	-18	19		
1791	17.9100	-18	19		
1792	17.9200	-18	20		
1793	17.9300	-18	20		
1794	17.9400	-18	19		
1795	17.9500	-17	19		
1796	17.9600	-16	18		
1797	17.9700	-14	18		
1798	17.9800	-13	17		
1799	17.9900	-11	16		
1800	18.0000	-8	16		
1801	18.0100	-6	14		
1802	18.0200	-4	14		
1803	18.0300	-1	12		
1804	18.0400	2	11		
1805	18.0500	6	10		
1806	18.0600	9	9		
1807	18.0700	12	7		
1808	18.0800	16	6		
1809	18.0900	19	5		
1810	18.1000	22	4		
1811	18.1100	25	2		
1812	18.1200	28	1		
1813	18.1300	30	0		
1814	18.1400	33	-1		
1815	18.1500	35	-2		
1816	18.1600	36	-2		
1817	18.1700	38	-3		
1818	18.1800	39	-3		
1819	18.1900	40	-4		
1820	18.2000	40	-4		
1821	18.2100	40	-4		
1822	18.2200	40	-4		
1823	18.2300	39	-3		
1824	18.2400	38	-3		
1825	18.2500	36	-2		
1826	18.2600	35	-2		
1827	18.2700	33	-1		
1828	18.2800	30	0		
1829	18.2900	28	1		
1830	18.3000	25	2		
1831	18.3100	22	3		
1832	18.3200	19	4		
1833	18.3300	16	6		
1834	18.3400	12	7		
1835	18.3500	9	8		
1836	18.3600	6	10		
1837	18.3700	2	11		
1838	18.3800	-1	12		
1839	18.3900	-4	13		
1840	18.4000	-6	14		
1841	18.4100	-8	15		
1842	18.4200	-11	16		
1843	18.4300	-13	17		
1844	18.4400	-15	18		
1845	18.4500	-16	18		
1846	18.4600	-17	19		
1847	18.4700	-18	19		
1848	18.4800	-18	20		
1849	18.4900	-18	20		
1850	18.5000	-18	20		
1851	18.5100	-18	19		
1852	18.5200	-17	19		
1853	18.5300	-15	18		
1854	18.5400	-14	18		
1855	18.5500	-12	17		
1856	18.5600	-10	16		
1857	18.5700	-7	15		
1858	18.5800	-5	14		
1859	18.5900	-2	13		
1860	18.6000	1	12		
1861	18.6100	4	11		
1862	18.6200	7	10		
1863	18.6300	10	8		
1864	18.6400	14	7		
1865	18.6500	17	6		
1866	18.6600	20	5		
1867	18.6700	23	4		
1868	18.6800	26	2		
1869	18.6900	29	1		
1870	18.7000	31	0		
1871	18.7100	34	-1		
1872	18.7200	35	-1		
1873	18.7300	37	-2		
1874	18.7400	38	-2		
1875	18.7500	39	-3		
1876	18.7600	40	-3		
1877	18.7700	40	-3		
1878	18.7800	40	-3		
1879	18.7900	40	-3		
1880	18.8000	39	-3		
1881	18.8100	37	-2		
1882	18.8200	36	-2		
1883	18.8300	34	-1		
1884	18.8400	32	0		
1885	18.8500	29	1		
1886	18.8600	27	2		
1887	18.8700	24	3		
1888	18.8800	21	4		
1889	18.8900	17	5		
1890	18.9000	14	6		
1891	18.9100	11	8		
1892	18.9200	7	9		
1893	18.9300	4	10		
1894	18.9400	1	11		
1895	18.9500	-2	12		
1896	18.9600	-5	14		
1897	18.9700	-7	15		
1898	18.9800	-10	16		
1899	18.9900	-12	16		
1900	19.0000	-14	17		
1901	19.0100	-15	18		
1902	19.0200	-17	18		
1903	19.0300	-18	19		
1904	19.0400	-18	19		
1905	19.0500	-18	19		
1906	19.0600	-18	19		
1907	19.0700	-18	19		
1908	19.0800	-17	19		
1909	19.0900	-16	18		
1910	19.1000	-15	18		
1911	19.1100	-13	17		
1912	19.1200	-11	16		
1913	19.1300	-8	15		
1914	19.1400	-6	14		
1915	19.1500	-4	13		
1916	19.1600	-1	12		
1917	19.1700	2	11		
1918	19.1800	5	10		
1919	19.1900	9	8		
1920	19.2000	12	7		
1921	19.2100	15	6		
1922	19.2200	18	5		
1923	19.2300	22	4		
1924	19.2400	24	2		
1925	19.2500	27	1		
1926	19.2600	30	0		
1927	19.2700	32	0		
1928	19.2800	34	-1		
1929	19.2900	36	-2		
1930	19.3000	38	-3		
1931	19.3100	39	-3		
1932	19.3200	40	-3		
1933	19.3300	40	-4		
1934	19.3400	40	-4		
1935	19.3500	40	-4		
1936	19.3600	39	-3		
1937	19.3700	38	-3		
1938	19.3800	37	-2		
1939	19.3900	35	-2		
1940	19.4000	33	-1		
1941	19.4100	31	0		
1942	19.4200	28	1		
1943	19.4300	25	2		
1944	19.4400	22	3		
1945	19.4500	19	4		
1946	19.4600	16	6		
1947	19.4700	13	7		
1948	19.4800	9	8		
1949	19.4900	6	10		
1950	19.5000	3	11		
1951	19.5100	-1	12		
1952	19.5200	-4	13		
1953	19.5300	-6	14		
1954	19.5400	-8	16		
1955	19.5500	-11	16		
1956	19.5600	-13	17		
1957	19.5700	-14	18		
1958	19.5800	-16	19		
1959	19.5900	-17	19		
1960	19.6000	-18	20		
1961	19.6100	-18	20		
1962	19.6200	-18	20		
1963	19.6300	-18	20		
1964	19.6400	-18	20		
1965	19.6500	-17	19		
1966	19.6600	-15	19		
1967	19.6700	-14	18		
1968	19.6800	-12	17		
1969	19.6900	-10	16		
1970	19.7000	-7	16		
1971	19.7100	-6	14		
1972	19.7200	-3	13		
1973	19.7300	0	12		
1974	19.7400	4	11		
1975	19.7500	7	10		
1976	19.7600	10	8		
1977	19.7700	13	7		
1978	19.7800	17	6		
1979	19.7900	20	5		
1980	19.8000	23	4		
1981	19.8100	26	2		
1982	19.8200	28	1		
1983	19.8300	31	0		
1984	19.8400	33	-1		
1985	19.8500	35	-2		
1986	19.8600	37	-2		
1987	19.8700	38	-3		
1988	19.8800	39	-3		
1989	19.8900	40	-3		
1990	19.9000	40	-4		
1991	19.9100	40	-4		
1992	19.9200	40	-3		
1993	19.9300	39	-3		
1994	19.9400	38	-3		
1995	19.9500	36	-2		
1996	19.9600	34	-2		
1997	19.9700	32	-1		
1998	19.9800	30	0		
1999	19.9900	27	1		
2000	20.0000	24	2		
