#	time(s)	count A	count B	count C	count D
1	0.0100	3	9		
2	0.0200	4	8		
3	0.0300	4	8		
4	0.0400	4	8		
5	0.0500	4	8		
6	0.0600	4	7		
7	0.0700	5	7		
8	0.0800	5	6		
9	0.0900	6	6		
10	0.1000	6	6		
11	0.1100	6	6		
12	0.1200	6	6		
13	0.1300	7	5		
14	0.1400	7	5		
15	0.1500	8	5		
16	0.1600	8	5		
17	0.1700	8	5		
18	0.1800	8	5		
19	0.1900	9	5		
20	0.2000	10	5		
21	0.2100	10	5		
22	0.2200	10	5		
23	0.2300	10	5		
24	0.2400	10	6		
25	0.2500	11	6		
26	0.2600	11	6		
27	0.2700	12	6		
28	0.2800	12	7		
29	0.2900	12	7		
30	0.3000	12	8		
31	0.3100	12	8		
32	0.3200	12	9		
33	0.3300	12	9		
34	0.3400	12	10		
35	0.3500	12	11		
36	0.3600	12	11		
37	0.3700	12	12		
38	0.3800	12	13		
39	0.3900	12	13		
40	0.4000	12	14		
41	0.4100	12	15		
42	0.4200	12	16		
43	0.4300	12	16		
44	0.4400	12	17		
45	0.4500	12	18		
46	0.4600	11	18		
47	0.4700	11	19		
48	0.4800	10	20		
49	0.4900	10	20		
50	0.5000	10	21		
51	0.5100	10	22		
52	0.5200	10	22		
53	0.5300	9	23		
54	0.5400	9	24		
55	0.5500	8	24		
56	0.5600	8	24		
57	0.5700	8	25		
58	0.5800	8	25		
59	0.5900	7	26		
60	0.6000	6	26		
61	0.6100	6	26		
62	0.6200	6	26		
63	0.6300	6	26		
64	0.6400	5	26		
65	0.6500	5	26		
66	0.6600	4	26		
67	0.6700	4	26		
68	0.6800	4	26		
69	0.6900	4	25		
70	0.7000	4	25		
71	0.7100	4	25		
72	0.7200	3	24		
73	0.7300	3	24		
74	0.7400	3	23		
75	0.7500	2	22		
76	0.7600	2	22		
77	0.7700	2	21		
78	0.7800	2	20		
79	0.7900	2	19		
80	0.8000	2	18		
81	0.8100	2	17		
82	0.8200	2	16		
83	0.8300	2	15		
84	0.8400	2	14		
85	0.8500	3	13		
86	0.8600	3	12		
87	0.8700	3	11		
88	0.8800	4	10		
89	0.8900	4	9		
90	0.9000	4	8		
91	0.9100	4	7		
92	0.9200	4	6		
93	0.9300	4	5		
94	0.9400	5	4		
95	0.9500	5	3		
96	0.9600	6	2		
97	0.9700	6	1		
98	0.9800	6	0		
99	0.9900	6	0		
100	1.0000	7	-1		
101	1.0100	8	-2		
102	1.0200	8	-2		
103	1.0300	8	-3		
104	1.0400	8	-4		
105	1.0500	9	-4		
106	1.0600	9	-4		
107	1.0700	10	-5		
108	1.0800	10	-5		
109	1.0900	10	-5		
110	1.1000	10	-5		
111	1.1100	10	-5		
112	1.1200	11	-5		
113	1.1300	11	-4		
114	1.1400	12	-4		
115	1.1500	12	-4		
116	1.1600	12	-3		
117	1.1700	12	-2		
118	1.1800	12	-2		
119	1.1900	12	-1		
120	1.2000	12	0		
121	1.2100	12	1		
122	1.2200	12	2		
123	1.2300	12	2		
124	1.2400	12	4		
125	1.2500	12	5		
126	1.2600	12	6		
127	1.2700	12	7		
128	1.2800	12	8		
129	1.2900	12	10		
130	1.3000	12	11		
131	1.3100	12	12		
132	1.3200	12	14		
133	1.3300	11	15		
134	1.3400	11	16		
135	1.3500	10	18		
136	1.3600	10	19		
137	1.3700	10	20		
138	1.3800	10	22		
139	1.3900	10	23		
140	1.4000	9	24		
141	1.4100	8	26		
142	1.4200	8	27		
143	1.4300	8	28		
144	1.4400	8	29		
145	1.4500	7	30		
146	1.4600	7	31		
147	1.4700	6	32		
148	1.4800	6	32		
149	1.4900	6	33		
150	1.5000	6	34		
151	1.5100	5	34		
152	1.5200	5	35		
153	1.5300	4	35		
154	1.5400	4	35		
155	1.5500	4	35		
156	1.5600	4	35		
157	1.5700	4	35		
158	1.5800	3	35		
159	1.5900	3	34		
160	1.6000	3	34		
161	1.6100	3	34		
162	1.6200	2	33		
163	1.6300	2	32		
164	1.6400	2	32		
165	1.6500	2	30		
166	1.6600	2	30		
167	1.6700	2	28		
168	1.6800	2	27		
169	1.6900	2	26		
170	1.7000	2	25		
171	1.7100	2	23		
172	1.7200	3	22		
173	1.7300	3	20		
174	1.7400	3	19		
175	1.7500	4	17		
176	1.7600	4	16		
177	1.7700	4	14		
178	1.7800	4	12		
179	1.7900	4	11		
180	1.8000	4	9		
181	1.8100	5	8		
182	1.8200	6	6		
183	1.8300	6	4		
184	1.8400	6	3		
185	1.8500	6	1		
186	1.8600	6	0		
187	1.8700	7	-2		
188	1.8800	8	-3		
189	1.8900	8	-4		
190	1.9000	8	-5		
191	1.9100	8	-7		
192	1.9200	9	-8		
193	1.9300	9	-9		
194	1.9400	10	-10		
195	1.9500	10	-10		
196	1.9600	10	-11		
197	1.9700	10	-12		
198	1.9800	10	-12		
199	1.9900	11	-12		
200	2.0000	11	-12		
201	2.0100	12	-12		
202	2.0200	12	-12		
203	2.0300	12	-12		
204	2.0400	12	-12		
205	2.0500	12	-12		
206	2.0600	12	-11		
207	2.0700	12	-10		
208	2.0800	12	-10		
209	2.0900	12	-9		
210	2.1000	12	-8		
211	2.1100	12	-7		
212	2.1200	12	-6		
213	2.1300	12	-4		
214	2.1400	12	-3		
215	2.1500	12	-2		
216	2.1600	12	0		
217	2.1700	12	1		
218	2.1800	12	3		
219	2.1900	11	5		
220	2.2000	11	6		
221	2.2100	11	8		
222	2.2200	10	10		
223	2.2300	10	12		
224	2.2400	10	14		
225	2.2500	10	16		
226	2.2600	9	17		
227	2.2700	9	19		
228	2.2800	8	21		
229	2.2900	8	23		
230	2.3000	8	24		
231	2.3100	8	26		
232	2.3200	7	28		
233	2.3300	7	30		
234	2.3400	6	31		
235	2.3500	6	32		
236	2.3600	6	34		
237	2.3700	6	35		
238	2.3800	5	36		
239	2.3900	5	37		
240	2.4000	4	38		
241	2.4100	4	39		
242	2.4200	4	40		
243	2.4300	4	40		
244	2.4400	4	41		
245	2.4500	3	41		
246	2.4600	3	41		
247	2.4700	3	42		
248	2.4800	3	42		
249	2.4900	2	41		
250	2.5000	2	41		
251	2.5100	2	40		
252	2.5200	2	40		
253	2.5300	2	39		
254	2.5400	2	38		
255	2.5500	2	37		
256	2.5600	2	36		
257	2.5700	2	35		
258	2.5800	3	34		
259	2.5900	3	32		
260	2.6000	3	31		
261	2.6100	4	29		
262	2.6200	4	28		
263	2.6300	4	26		
264	2.6400	4	24		
265	2.6500	4	22		
266	2.6600	4	20		
267	2.6700	5	18		
268	2.6800	5	17		
269	2.6900	6	15		
270	2.7000	6	13		
271	2.7100	6	10		
272	2.7200	6	8		
273	2.7300	7	6		
274	2.7400	7	5		
275	2.7500	8	3		
276	2.7600	8	1		
277	2.7700	8	-1		
278	2.7800	8	-3		
279	2.7900	9	-4		
280	2.8000	10	-6		
281	2.8100	10	-8		
282	2.8200	10	-9		
283	2.8300	10	-10		
284	2.8400	10	-12		
285	2.8500	11	-13		
286	2.8600	11	-14		
287	2.8700	12	-15		
288	2.8800	12	-15		
289	2.8900	12	-16		
290	2.9000	12	-16		
291	2.9100	12	-17		
292	2.9200	12	-17		
293	2.9300	12	-17		
294	2.9400	12	-17		
295	2.9500	12	-17		
296	2.9600	12	-16		
297	2.9700	12	-16		
298	2.9800	12	-15		
299	2.9900	12	-14		
300	3.0000	12	-14		
301	3.0100	12	-13		
302	3.0200	12	-12		
303	3.0300	12	-10		
304	3.0400	12	-9		
305	3.0500	12	-7		
306	3.0600	11	-6		
307	3.0700	11	-4		
308	3.0800	10	-2		
309	3.0900	10	0		
310	3.1000	10	1		
311	3.1100	10	3		
312	3.1200	10	5		
313	3.1300	9	7		
314	3.1400	9	10		
315	3.1500	8	12		
316	3.1600	8	14		
317	3.1700	8	16		
318	3.1800	8	18		
319	3.1900	7	20		
320	3.2000	6	22		
321	3.2100	6	24		
322	3.2200	6	26		
323	3.2300	6	28		
324	3.2400	5	30		
325	3.2500	5	31		
326	3.2600	4	33		
327	3.2700	4	34		
328	3.2800	4	36		
329	3.2900	4	37		
330	3.3000	4	39		
331	3.3100	4	40		
332	3.3200	3	41		
333	3.3300	3	42		
334	3.3400	3	42		
335	3.3500	3	43		
336	3.3600	2	44		
337	3.3700	2	44		
338	3.3800	2	44		
339	3.3900	2	44		
340	3.4000	2	44		
341	3.4100	2	44		
342	3.4200	2	43		
343	3.4300	2	43		
344	3.4400	2	42		
345	3.4500	3	41		
346	3.4600	3	40		
347	3.4700	3	40		
348	3.4800	4	38		
349	3.4900	4	37		
350	3.5000	4	36		
351	3.5100	4	34		
352	3.5200	4	32		
353	3.5300	4	31		
354	3.5400	5	29		
355	3.5500	6	27		
356	3.5600	6	25		
357	3.5700	6	23		
358	3.5800	6	21		
359	3.5900	6	19		
360	3.6000	7	17		
361	3.6100	8	15		
362	3.6200	8	13		
363	3.6300	8	10		
364	3.6400	8	8		
365	3.6500	9	6		
366	3.6600	9	4		
367	3.6700	10	2		
368	3.6800	10	0		
369	3.6900	10	-2		
370	3.7000	10	-3		
371	3.7100	10	-5		
372	3.7200	11	-7		
373	3.7300	11	-8		
374	3.7400	12	-10		
375	3.7500	12	-11		
376	3.7600	12	-12		
377	3.7700	12	-14		
378	3.7800	12	-14		
379	3.7900	12	-15		
380	3.8000	12	-16		
381	3.8100	12	-17		
382	3.8200	12	-17		
383	3.8300	12	-17		
384	3.8400	12	-18		
385	3.8500	12	-18		
386	3.8600	12	-18		
387	3.8700	12	-17		
388	3.8800	12	-17		
389	3.8900	12	-16		
390	3.9000	12	-16		
391	3.9100	12	-15		
392	3.9200	12	-14		
393	3.9300	11	-13		
394	3.9400	11	-12		
395	3.9500	10	-10		
396	3.9600	10	-9		
397	3.9700	10	-7		
398	3.9800	10	-6		
399	3.9900	10	-4		
400	4.0000	9	-2		
401	4.0100	8	0		
402	4.0200	8	2		
403	4.0300	8	4		
404	4.0400	8	6		
405	4.0500	7	8		
406	4.0600	7	10		
407	4.0700	6	12		
408	4.0800	6	14		
409	4.0900	6	16		
410	4.1000	6	18		
411	4.1100	5	20		
412	4.1200	5	22		
413	4.1300	4	24		
414	4.1400	4	26		
415	4.1500	4	28		
416	4.1600	4	29		
417	4.1700	4	31		
418	4.1800	4	32		
419	4.1900	3	34		
420	4.2000	3	35		
421	4.2100	3	37		
422	4.2200	2	38		
423	4.2300	2	39		
424	4.2400	2	40		
425	4.2500	2	41		
426	4.2600	2	41		
427	4.2700	2	42		
428	4.2800	2	42		
429	4.2900	2	42		
430	4.3000	2	43		
431	4.3100	3	43		
432	4.3200	3	42		
433	4.3300	3	42		
434	4.3400	3	42		
435	4.3500	4	41		
436	4.3600	4	41		
437	4.3700	4	40		
438	4.3800	4	39		
439	4.3900	4	38		
440	4.4000	5	37		
441	4.4100	5	35		
442	4.4200	6	34		
443	4.4300	6	32		
444	4.4400	6	31		
445	4.4500	6	29		
446	4.4600	7	28		
447	4.4700	7	26		
448	4.4800	8	24		
449	4.4900	8	22		
450	4.5000	8	20		
451	4.5100	8	18		
452	4.5200	9	16		
453	4.5300	9	15		
454	4.5400	10	13		
455	4.5500	10	11		
456	4.5600	10	9		
457	4.5700	10	7		
458	4.5800	10	5		
459	4.5900	11	3		
460	4.6000	11	2		
461	4.6100	12	0		
462	4.6200	12	-2		
463	4.6300	12	-4		
464	4.6400	12	-5		
465	4.6500	12	-6		
466	4.6600	12	-8		
467	4.6700	12	-9		
468	4.6800	12	-10		
469	4.6900	12	-11		
470	4.7000	12	-12		
471	4.7100	12	-12		
472	4.7200	12	-13		
473	4.7300	12	-14		
474	4.7400	12	-14		
475	4.7500	12	-14		
476	4.7600	12	-14		
477	4.7700	12	-14		
478	4.7800	12	-14		
479	4.7900	11	-14		
480	4.8000	11	-13		
481	4.8100	10	-13		
482	4.8200	10	-12		
483	4.8300	10	-12		
484	4.8400	10	-10		
485	4.8500	10	-10		
486	4.8600	9	-8		
487	4.8700	9	-7		
488	4.8800	8	-6		
489	4.8900	8	-5		
490	4.9000	8	-3		
491	4.9100	8	-2		
492	4.9200	7	0		
493	4.9300	6	2		
494	4.9400	6	3		
495	4.9500	6	5		
496	4.9600	6	7		
497	4.9700	6	8		
498	4.9800	5	10		
499	4.9900	4	12		
500	5.0000	4	14		
501	5.0100	4	16		
502	5.0200	4	17		
503	5.0300	4	19		
504	5.0400	4	21		
505	5.0500	3	22		
506	5.0600	3	24		
507	5.0700	3	26		
508	5.0800	3	27		
509	5.0900	2	28		
510	5.1000	2	30		
511	5.1100	2	31		
512	5.1200	2	32		
513	5.1300	2	33		
514	5.1400	2	34		
515	5.1500	2	35		
516	5.1600	2	36		
517	5.1700	2	36		
518	5.1800	3	37		
519	5.1900	3	37		
520	5.2000	3	38		
521	5.2100	4	38		
522	5.2200	4	38		
523	5.2300	4	38		
524	5.2400	4	38		
525	5.2500	4	37		
526	5.2600	4	37		
527	5.2700	5	36		
528	5.2800	5	36		
529	5.2900	6	35		
530	5.3000	6	34		
531	5.3100	6	33		
532	5.3200	6	32		
533	5.3300	7	31		
534	5.3400	8	30		
535	5.3500	8	29		
536	5.3600	8	28		
537	5.3700	8	26		
538	5.3800	8	25		
539	5.3900	9	24		
540	5.4000	10	22		
541	5.4100	10	20		
542	5.4200	10	19		
543	5.4300	10	17		
544	5.4400	10	16		
545	5.4500	11	14		
546	5.4600	11	13		
547	5.4700	12	11		
548	5.4800	12	10		
549	5.4900	12	8		
550	5.5000	12	7		
551	5.5100	12	5		
552	5.5200	12	4		
553	5.5300	12	3		
554	5.5400	12	1		
555	5.5500	12	0		
556	5.5600	12	-1		
557	5.5700	12	-2		
558	5.5800	12	-3		
559	5.5900	12	-4		
560	5.6000	12	-5		
561	5.6100	12	-5		
562	5.6200	12	-6		
563	5.6300	12	-6		
564	5.6400	12	-7		
565	5.6500	12	-7		
566	5.6600	11	-8		
567	5.6700	11	-8		
568	5.6800	10	-8		
569	5.6900	10	-8		
570	5.7000	10	-7		
571	5.7100	10	-7		
572	5.7200	10	-7		
573	5.7300	9	-6		
574	5.7400	9	-6		
575	5.7500	8	-5		
576	5.7600	8	-4		
577	5.7700	8	-4		
578	5.7800	8	-3		
579	5.7900	7	-2		
580	5.8000	6	-1		
581	5.8100	6	0		
582	5.8200	6	1		
583	5.8300	6	2		
584	5.8400	5	3		
585	5.8500	5	5		
586	5.8600	4	6		
587	5.8700	4	7		
588	5.8800	4	8		
589	5.8900	4	10		
590	5.9000	4	11		
591	5.9100	4	12		
592	5.9200	3	14		
593	5.9300	3	15		
594	5.9400	3	16		
595	5.9500	2	17		
596	5.9600	2	18		
597	5.9700	2	20		
598	5.9800	2	20		
599	5.9900	2	22		
600	6.0000	2	23		
601	6.0100	2	24		
602	6.0200	2	24		
603	6.0300	2	25		
604	6.0400	2	26		
605	6.0500	3	27		
606	6.0600	3	27		
607	6.0700	3	28		
608	6.0800	4	28		
609	6.0900	4	29		
610	6.1000	4	29		
611	6.1100	4	29		
612	6.1200	4	30		
613	6.1300	4	30		
614	6.1400	5	30		
615	6.1500	6	30		
616	6.1600	6	29		
617	6.1700	6	29		
618	6.1800	6	29		
619	6.1900	6	28		
620	6.2000	7	28		
621	6.2100	8	28		
622	6.2200	8	27		
623	6.2300	8	26		
624	6.2400	8	26		
625	6.2500	9	25		
626	6.2600	9	24		
627	6.2700	10	23		
628	6.2800	10	22		
629	6.2900	10	22		
630	6.3000	10	21		
631	6.3100	10	20		
632	6.3200	11	19		
633	6.3300	11	18		
634	6.3400	12	17		
635	6.3500	12	16		
636	6.3600	12	15		
637	6.3700	12	14		
638	6.3800	12	13		
639	6.3900	12	12		
640	6.4000	12	11		
641	6.4100	12	10		
642	6.4200	12	10		
643	6.4300	12	9		
644	6.4400	12	8		
645	6.4500	12	7		
646	6.4600	12	6		
647	6.4700	12	6		
648	6.4800	12	5		
649	6.4900	12	4		
650	6.5000	12	4		
651	6.5100	12	4		
652	6.5200	12	3		
653	6.5300	11	3		
654	6.5400	11	2		
655	6.5500	10	2		
656	6.5600	10	2		
657	6.5700	10	2		
658	6.5800	10	2		
659	6.5900	10	2		
660	6.6000	9	2		
661	6.6100	8	2		
662	6.6200	8	2		
663	6.6300	8	2		
664	6.6400	8	2		
665	6.6500	7	3		
666	6.6600	7	3		
667	6.6700	6	3		
668	6.6800	6	4		
669	6.6900	6	4		
670	6.7000	6	5		
671	6.7100	5	5		
672	6.7200	5	6		
673	6.7300	4	6		
674	6.7400	4	7		
675	6.7500	4	7		
676	6.7600	4	8		
677	6.7700	4	9		
678	6.7800	3	9		
679	6.7900	3	10		
680	6.8000	3	10		
681	6.8100	3	11		
682	6.8200	2	12		
683	6.8300	2	12		
684	6.8400	2	13		
685	6.8500	2	14		
686	6.8600	2	14		
687	6.8700	2	15		
688	6.8800	2	15		
689	6.8900	2	16		
690	6.9000	2	16		
691	6.9100	2	17		
692	6.9200	3	17		
693	6.9300	3	18		
694	6.9400	3	18		
695	6.9500	4	18		
696	6.9600	4	18		
697	6.9700	4	19		
698	6.9800	4	19		
699	6.9900	4	19		
700	7.0000	4	19		
701	7.0100	5	19		
702	7.0200	6	20		
703	7.0300	6	20		
704	7.0400	6	20		
705	7.0500	6	20		
706	7.0600	7	20		
707	7.0700	7	20		
708	7.0800	8	19		
709	7.0900	8	19		
710	7.1000	8	19		
711	7.1100	8	19		
712	7.1200	9	19		
713	7.1300	9	18		
714	7.1400	10	18		
715	7.1500	10	18		
716	7.1600	10	18		
717	7.1700	10	18		
718	7.1800	11	17		
719	7.1900	11	17		
720	7.2000	12	17		
721	7.2100	12	16		
722	7.2200	12	16		
723	7.2300	12	16		
724	7.2400	12	16		
725	7.2500	12	15		
726	7.2600	12	15		
727	7.2700	12	15		
728	7.2800	12	14		
729	7.2900	12	14		
730	7.3000	12	14		
731	7.3100	12	14		
732	7.3200	12	14		
733	7.3300	12	13		
734	7.3400	12	13		
735	7.3500	12	13		
736	7.3600	12	13		
737	7.3700	12	13		
738	7.3800	12	12		
739	7.3900	12	12		
740	7.4000	11	12		
741	7.4100	11	12		
742	7.4200	10	12		
743	7.4300	10	12		
744	7.4400	10	12		
745	7.4500	10	12		
746	7.4600	9	12		
747	7.4700	9	12		
748	7.4800	8	12		
749	7.4900	8	12		
750	7.5000	8	12		
751	7.5100	8	12		
752	7.5200	7	12		
753	7.5300	7	12		
754	7.5400	6	12		
755	7.5500	6	12		
756	7.5600	6	12		
757	7.5700	6	12		
758	7.5800	5	12		
759	7.5900	4	12		
760	7.6000	4	12		
761	7.6100	4	12		
762	7.6200	4	13		
763	7.6300	4	13		
764	7.6400	4	13		
765	7.6500	3	13		
766	7.6600	3	13		
767	7.6700	3	12		
768	7.6800	2	12		
769	7.6900	2	12		
770	7.7000	2	12		
771	7.7100	2	12		
772	7.7200	2	12		
773	7.7300	2	12		
774	7.7400	2	12		
775	7.7500	2	12		
776	7.7600	2	12		
777	7.7700	2	12		
778	7.7800	2	12		
779	7.7900	3	11		
780	7.8000	3	11		
781	7.8100	3	11		
782	7.8200	4	11		
783	7.8300	4	11		
784	7.8400	4	10		
785	7.8500	4	10		
786	7.8600	4	10		
787	7.8700	5	10		
788	7.8800	5	10		
789	7.8900	6	10		
790	7.9000	6	10		
791	7.9100	6	9		
792	7.9200	6	9		
793	7.9300	7	9		
794	7.9400	7	9		
795	7.9500	8	9		
796	7.9600	8	9		
797	7.9700	8	9		
798	7.9800	8	9		
799	7.9900	9	9		
800	8.0000	10	9		
801	8.0100	10	9		
802	8.0200	10	9		
803	8.0300	10	9		
804	8.0400	10	9		
805	8.0500	11	9		
806	8.0600	11	10		
807	8.0700	12	10		
808	8.0800	12	10		
809	8.0900	12	10		
810	8.1000	12	10		
811	8.1100	12	11		
812	8.1200	12	11		
813	8.1300	12	12		
814	8.1400	12	12		
815	8.1500	12	12		
816	8.1600	12	13		
817	8.1700	12	13		
818	8.1800	12	14		
819	8.1900	12	14		
820	8.2000	12	14		
821	8.2100	12	15		
822	8.2200	12	15		
823	8.2300	12	16		
824	8.2400	12	16		
825	8.2500	12	17		
826	8.2600	11	17		
827	8.2700	11	18		
828	8.2800	10	18		
829	8.2900	10	19		
830	8.3000	10	19		
831	8.3100	10	20		
832	8.3200	10	20		
833	8.3300	9	20		
834	8.3400	9	21		
835	8.3500	8	21		
836	8.3600	8	22		
837	8.3700	8	22		
838	8.3800	8	22		
839	8.3900	7	22		
840	8.4000	6	22		
841	8.4100	6	22		
842	8.4200	6	23		
843	8.4300	6	23		
844	8.4400	5	23		
845	8.4500	5	23		
846	8.4600	4	22		
847	8.4700	4	22		
848	8.4800	4	22		
849	8.4900	4	22		
850	8.5000	4	22		
851	8.5100	4	21		
852	8.5200	3	21		
853	8.5300	3	20		
854	8.5400	3	20		
855	8.5500	2	19		
856	8.5600	2	19		
857	8.5700	2	18		
858	8.5800	2	18		
859	8.5900	2	17		
860	8.6000	2	16		
861	8.6100	2	16		
862	8.6200	2	15		
863	8.6300	2	14		
864	8.6400	2	13		
865	8.6500	3	12		
866	8.6600	3	12		
867	8.6700	3	11		
868	8.6800	4	10		
869	8.6900	4	9		
870	8.7000	4	8		
871	8.7100	4	8		
872	8.7200	4	7		
873	8.7300	4	6		
874	8.7400	5	5		
875	8.7500	5	4		
876	8.7600	6	4		
877	8.7700	6	3		
878	8.7800	6	2		
879	8.7900	6	2		
880	8.8000	7	1		
881	8.8100	8	1		
882	8.8200	8	0		
883	8.8300	8	0		
884	8.8400	8	0		
885	8.8500	9	-1		
886	8.8600	9	-1		
887	8.8700	10	-1		
888	8.8800	10	-1		
889	8.8900	10	-1		
890	8.9000	10	-1		
891	8.9100	10	-1		
892	8.9200	11	-1		
893	8.9300	11	0		
894	8.9400	12	0		
895	8.9500	12	0		
896	8.9600	12	1		
897	8.9700	12	1		
898	8.9800	12	2		
899	8.9900	12	2		
900	9.0000	12	3		
901	9.0100	12	4		
902	9.0200	12	5		
903	9.0300	12	6		
904	9.0400	12	7		
905	9.0500	12	8		
906	9.0600	12	9		
907	9.0700	12	10		
908	9.0800	12	11		
909	9.0900	12	12		
910	9.1000	12	13		
911	9.1100	12	14		
912	9.1200	12	15		
913	9.1300	11	16		
914	9.1400	11	18		
915	9.1500	10	19		
916	9.1600	10	20		
917	9.1700	10	21		
918	9.1800	10	22		
919	9.1900	10	23		
920	9.2000	9	24		
921	9.2100	8	25		
922	9.2200	8	26		
923	9.2300	8	27		
924	9.2400	8	28		
925	9.2500	7	28		
926	9.2600	7	29		
927	9.2700	6	30		
928	9.2800	6	30		
929	9.2900	6	31		
930	9.3000	6	31		
931	9.3100	5	32		
932	9.3200	5	32		
933	9.3300	4	32		
934	9.3400	4	32		
935	9.3500	4	32		
936	9.3600	4	32		
937	9.3700	4	32		
938	9.3800	4	32		
939	9.3900	3	31		
940	9.4000	3	31		
941	9.4100	3	30		
942	9.4200	2	30		
943	9.4300	2	29		
944	9.4400	2	28		
945	9.4500	2	27		
946	9.4600	2	26		
947	9.4700	2	25		
948	9.4800	2	24		
949	9.4900	2	23		
950	9.5000	2	22		
951	9.5100	2	20		
952	9.5200	3	19		
953	9.5300	3	18		
954	9.5400	3	16		
955	9.5500	4	15		
956	9.5600	4	14		
957	9.5700	4	12		
958	9.5800	4	11		
959	9.5900	4	10		
960	9.6000	4	8		
961	9.6100	5	7		
962	9.6200	6	5		
963	9.6300	6	4		
964	9.6400	6	2		
965	9.6500	6	1		
966	9.6600	6	0		
967	9.6700	7	-1		
968	9.6800	8	-2		
969	9.6900	8	-3		
970	9.7000	8	-4		
971	9.7100	8	-5		
972	9.7200	9	-6		
973	9.7300	9	-7		
974	9.7400	10	-8		
975	9.7500	10	-8		
976	9.7600	10	-8		
977	9.7700	10	-9		
978	9.7800	10	-9		
979	9.7900	11	-9		
980	9.8000	11	-9		
981	9.8100	12	-9		
982	9.8200	12	-9		
983	9.8300	12	-9		
984	9.8400	12	-9		
985	9.8500	12	-8		
986	9.8600	12	-8		
987	9.8700	12	-7		
988	9.8800	12	-6		
989	9.8900	12	-5		
990	9.9000	12	-4		
991	9.9100	12	-3		
992	9.9200	12	-2		
993	9.9300	12	-1		
994	9.9400	12	0		
995	9.9500	12	2		
996	9.9600	12	3		
997	9.9700	12	5		
998	9.9800	12	6		
999	9.9900	11	8		
1000	10.0000	11	10		
1001	10.0100	11	11		
1002	10.0200	10	13		
1003	10.0300	10	14		
1004	10.0400	10	16		
1005	10.0500	10	18		
1006	10.0600	9	19		
1007	10.0700	9	21		
1008	10.0800	8	23		
1009	10.0900	8	24		
1010	10.1000	8	26		
1011	10.1100	8	27		
1012	10.1200	7	29		
1013	10.1300	7	30		
1014	10.1400	6	31		
1015	10.1500	6	32		
1016	10.1600	6	34		
1017	10.1700	6	34		
1018	10.1800	5	36		
1019	10.1900	5	36		
1020	10.2000	4	37		
1021	10.2100	4	38		
1022	10.2200	4	38		
1023	10.2300	4	39		
1024	10.2400	4	39		
1025	10.2500	3	39		
1026	10.2600	3	39		
1027	10.2700	3	39		
1028	10.2800	3	39		
1029	10.2900	2	38		
1030	10.3000	2	38		
1031	10.3100	2	37		
1032	10.3200	2	37		
1033	10.3300	2	36		
1034	10.3400	2	35		
1035	10.3500	2	34		
1036	10.3600	2	33		
1037	10.3700	2	32		
1038	10.3800	3	30		
1039	10.3900	3	29		
1040	10.4000	3	28		
1041	10.4100	3	26		
1042	10.4200	4	24		
1043	10.4300	4	23		
1044	10.4400	4	21		
1045	10.4500	4	19		
1046	10.4600	4	17		
1047	10.4700	5	16		
1048	10.4800	5	14		
1049	10.4900	6	12		
1050	10.5000	6	10		
1051	10.5100	6	8		
1052	10.5200	6	6		
1053	10.5300	7	4		
1054	10.5400	7	3		
1055	10.5500	8	1		
1056	10.5600	8	-1		
1057	10.5700	8	-2		
1058	10.5800	8	-4		
1059	10.5900	9	-5		
1060	10.6000	10	-7		
1061	10.6100	10	-8		
1062	10.6200	10	-9		
1063	10.6300	10	-10		
1064	10.6400	10	-11		
1065	10.6500	11	-12		
1066	10.6600	11	-13		
1067	10.6700	12	-14		
1068	10.6800	12	-14		
1069	10.6900	12	-14		
1070	10.7000	12	-15		
1071	10.7100	12	-15		
1072	10.7200	12	-15		
1073	10.7300	12	-15		
1074	10.7400	12	-14		
1075	10.7500	12	-14		
1076	10.7600	12	-14		
1077	10.7700	12	-13		
1078	10.7800	12	-12		
1079	10.7900	12	-11		
1080	10.8000	12	-10		
1081	10.8100	12	-9		
1082	10.8200	12	-8		
1083	10.8300	12	-6		
1084	10.8400	12	-5		
1085	10.8500	12	-4		
1086	10.8600	11	-2		
1087	10.8700	11	0		
1088	10.8800	10	2		
1089	10.8900	10	3		
1090	10.9000	10	5		
1091	10.9100	10	7		
1092	10.9200	10	9		
1093	10.9300	9	11		
1094	10.9400	9	13		
1095	10.9500	8	15		
1096	10.9600	8	17		
1097	10.9700	8	19		
1098	10.9800	8	21		
1099	10.9900	7	23		
1100	11.0000	6	25		
1101	11.0100	6	26		
1102	11.0200	6	28		
1103	11.0300	6	30		
1104	11.0400	5	32		
1105	11.0500	5	33		
1106	11.0600	4	34		
1107	11.0700	4	36		
1108	11.0800	4	37		
1109	11.0900	4	38		
1110	11.1000	4	39		
1111	11.1100	4	40		
1112	11.1200	3	41		
1113	11.1300	3	42		
1114	11.1400	3	42		
1115	11.1500	3	42		
1116	11.1600	2	43		
1117	11.1700	2	43		
1118	11.1800	2	43		
1119	11.1900	2	42		
1120	11.2000	2	42		
1121	11.2100	2	42		
1122	11.2200	2	41		
1123	11.2300	2	40		
1124	11.2400	2	40		
1125	11.2500	3	39		
1126	11.2600	3	38		
1127	11.2700	3	36		
1128	11.2800	4	35		
1129	11.2900	4	34		
1130	11.3000	4	32		
1131	11.3100	4	30		
1132	11.3200	4	29		
1133	11.3300	4	27		
1134	11.3400	5	25		
1135	11.3500	5	23		
1136	11.3600	6	21		
1137	11.3700	6	19		
1138	11.3800	6	17		
1139	11.3900	6	15		
1140	11.4000	7	13		
1141	11.4100	8	11		
1142	11.4200	8	9		
1143	11.4300	8	7		
1144	11.4400	8	5		
1145	11.4500	9	3		
1146	11.4600	9	1		
1147	11.4700	10	0		
1148	11.4800	10	-2		
1149	11.4900	10	-4		
1150	11.5000	10	-6		
1151	11.5100	10	-7		
1152	11.5200	11	-9		
1153	11.5300	11	-10		
1154	11.5400	12	-11		
1155	11.5500	12	-12		
1156	11.5600	12	-13		
1157	11.5700	12	-14		
1158	11.5800	12	-15		
1159	11.5900	12	-16		
1160	11.6000	12	-16		
1161	11.6100	12	-16		
1162	11.6200	12	-17		
1163	11.6300	12	-17		
1164	11.6400	12	-17		
1165	11.6500	12	-16		
1166	11.6600	12	-16		
1167	11.6700	12	-16		
1168	11.6800	12	-15		
1169	11.6900	12	-14		
1170	11.7000	12	-13		
1171	11.7100	12	-12		
1172	11.7200	12	-11		
1173	11.7300	11	-10		
1174	11.7400	11	-9		
1175	11.7500	10	-7		
1176	11.7600	10	-6		
1177	11.7700	10	-4		
1178	11.7800	10	-2		
1179	11.7900	10	0		
1180	11.8000	9	2		
1181	11.8100	8	3		
1182	11.8200	8	5		
1183	11.8300	8	7		
1184	11.8400	8	9		
1185	11.8500	7	11		
1186	11.8600	7	14		
1187	11.8700	6	16		
1188	11.8800	6	18		
1189	11.8900	6	20		
1190	11.9000	6	22		
1191	11.9100	5	23		
1192	11.9200	5	25		
1193	11.9300	4	27		
1194	11.9400	4	29		
1195	11.9500	4	31		
1196	11.9600	4	32		
1197	11.9700	4	34		
1198	11.9800	4	35		
1199	11.9900	3	36		
1200	12.0000	3	38		
1201	12.0100	3	39		
1202	12.0200	2	40		
1203	12.0300	2	40		
1204	12.0400	2	41		
1205	12.0500	2	42		
1206	12.0600	2	42		
1207	12.0700	2	42		
1208	12.0800	2	43		
1209	12.0900	2	43		
1210	12.1000	2	43		
1211	12.1100	3	42		
1212	12.1200	3	42		
1213	12.1300	3	42		
1214	12.1400	3	41		
1215	12.1500	4	40		
1216	12.1600	4	39		
1217	12.1700	4	38		
1218	12.1800	4	37		
1219	12.1900	4	36		
1220	12.2000	5	34		
1221	12.2100	5	33		
1222	12.2200	6	31		
1223	12.2300	6	30		
1224	12.2400	6	28		
1225	12.2500	6	26		
1226	12.2600	7	24		
1227	12.2700	7	22		
1228	12.2800	8	21		
1229	12.2900	8	19		
1230	12.3000	8	17		
1231	12.3100	8	15		
1232	12.3200	9	13		
1233	12.3300	9	11		
1234	12.3400	10	9		
1235	12.3500	10	7		
1236	12.3600	10	5		
1237	12.3700	10	3		
1238	12.3800	10	1		
1239	12.3900	11	0		
1240	12.4000	11	-2		
1241	12.4100	12	-4		
1242	12.4200	12	-5		
1243	12.4300	12	-7		
1244	12.4400	12	-8		
1245	12.4500	12	-9		
1246	12.4600	12	-10		
1247	12.4700	12	-11		
1248	12.4800	12	-12		
1249	12.4900	12	-13		
1250	12.5000	12	-14		
1251	12.5100	12	-14		
1252	12.5200	12	-14		
1253	12.5300	12	-15		
1254	12.5400	12	-15		
1255	12.5500	12	-15		
1256	12.5600	12	-15		
1257	12.5700	12	-14		
1258	12.5800	12	-14		
1259	12.5900	11	-14		
1260	12.6000	11	-13		
1261	12.6100	10	-12		
1262	12.6200	10	-11		
1263	12.6300	10	-10		
1264	12.6400	10	-9		
1265	12.6500	10	-8		
1266	12.6600	9	-6		
1267	12.6700	9	-5		
1268	12.6800	8	-4		
1269	12.6900	8	-2		
1270	12.7000	8	0		
1271	12.7100	8	1		
1272	12.7200	7	3		
1273	12.7300	6	5		
1274	12.7400	6	6		
1275	12.7500	6	8		
1276	12.7600	6	10		
1277	12.7700	6	12		
1278	12.7800	5	14		
1279	12.7900	4	16		
1280	12.8000	4	18		
1281	12.8100	4	20		
1282	12.8200	4	21		
1283	12.8300	4	23		
1284	12.8400	4	24		
1285	12.8500	3	26		
1286	12.8600	3	28		
1287	12.8700	3	29		
1288	12.8800	3	30		
1289	12.8900	2	32		
1290	12.9000	2	33		
1291	12.9100	2	34		
1292	12.9200	2	35		
1293	12.9300	2	36		
1294	12.9400	2	37		
1295	12.9500	2	38		
1296	12.9600	2	38		
1297	12.9700	2	38		
1298	12.9800	3	39		
1299	12.9900	3	39		
1300	13.0000	3	39		
1301	13.0100	4	39		
1302	13.0200	4	39		
1303	13.0300	4	38		
1304	13.0400	4	38		
1305	13.0500	4	38		
1306	13.0600	4	37		
1307	13.0700	5	36		
1308	13.0800	5	35		
1309	13.0900	6	34		
1310	13.1000	6	33		
1311	13.1100	6	32		
1312	13.1200	6	31		
1313	13.1300	7	30		
1314	13.1400	8	28		
1315	13.1500	8	27		
1316	13.1600	8	25		
1317	13.1700	8	24		
1318	13.1800	8	22		
1319	13.1900	9	21		
1320	13.2000	10	19		
1321	13.2100	10	17		
1322	13.2200	10	16		
1323	13.2300	10	14		
1324	13.2400	10	12		
1325	13.2500	11	11		
1326	13.2600	11	9		
1327	13.2700	12	8		
1328	13.2800	12	6		
1329	13.2900	12	4		
1330	13.3000	12	3		
1331	13.3100	12	2		
1332	13.3200	12	0		
1333	13.3300	12	-1		
1334	13.3400	12	-2		
1335	13.3500	12	-4		
1336	13.3600	12	-5		
1337	13.3700	12	-6		
1338	13.3800	12	-6		
1339	13.3900	12	-7		
1340	13.4000	12	-8		
1341	13.4100	12	-8		
1342	13.4200	12	-9		
1343	13.4300	12	-9		
1344	13.4400	12	-9		
1345	13.4500	12	-10		
1346	13.4600	11	-10		
1347	13.4700	11	-10		
1348	13.4800	10	-9		
1349	13.4900	10	-9		
1350	13.5000	10	-9		
1351	13.5100	10	-8		
1352	13.5200	10	-8		
1353	13.5300	9	-7		
1354	13.5400	9	-6		
1355	13.5500	8	-5		
1356	13.5600	8	-4		
1357	13.5700	8	-3		
1358	13.5800	8	-2		
1359	13.5900	7	-1		
1360	13.6000	6	0		
1361	13.6100	6	2		
1362	13.6200	6	3		
1363	13.6300	6	4		
1364	13.6400	5	6		
1365	13.6500	5	7		
1366	13.6600	4	8		
1367	13.6700	4	10		
1368	13.6800	4	11		
1369	13.6900	4	13		
1370	13.7000	4	14		
1371	13.7100	4	16		
1372	13.7200	3	17		
1373	13.7300	3	18		
1374	13.7400	3	20		
1375	13.7500	2	21		
1376	13.7600	2	22		
1377	13.7700	2	24		
1378	13.7800	2	25		
1379	13.7900	2	26		
1380	13.8000	2	27		
1381	13.8100	2	28		
1382	13.8200	2	28		
1383	13.8300	2	29		
1384	13.8400	2	30		
1385	13.8500	3	30		
1386	13.8600	3	31		
1387	13.8700	3	32		
1388	13.8800	4	32		
1389	13.8900	4	32		
1390	13.9000	4	32		
1391	13.9100	4	32		
1392	13.9200	4	32		
1393	13.9300	4	32		
1394	13.9400	5	32		
1395	13.9500	6	32		
1396	13.9600	6	31		
1397	13.9700	6	31		
1398	13.9800	6	30		
1399	13.9900	6	30		
1400	14.0000	7	29		
1401	14.0100	8	28		
1402	14.0200	8	27		
1403	14.0300	8	26		
1404	14.0400	8	26		
1405	14.0500	9	25		
1406	14.0600	9	24		
1407	14.0700	10	23		
1408	14.0800	10	22		
1409	14.0900	10	20		
1410	14.1000	10	19		
1411	14.1100	10	18		
1412	14.1200	11	17		
1413	14.1300	11	16		
1414	14.1400	12	15		
1415	14.1500	12	13		
1416	14.1600	12	12		
1417	14.1700	12	11		
1418	14.1800	12	10		
1419	14.1900	12	9		
1420	14.2000	12	8		
1421	14.2100	12	7		
1422	14.2200	12	6		
1423	14.2300	12	5		
1424	14.2400	12	4		
1425	14.2500	12	3		
1426	14.2600	12	2		
1427	14.2700	12	2		
1428	14.2800	12	1		
1429	14.2900	12	1		
1430	14.3000	12	0		
1431	14.3100	12	0		
1432	14.3200	12	-1		
1433	14.3300	11	-1		
1434	14.3400	11	-1		
1435	14.3500	10	-1		
1436	14.3600	10	-1		
1437	14.3700	10	-1		
1438	14.3800	10	-1		
1439	14.3900	10	-1		
1440	14.4000	9	-1		
1441	14.4100	8	-1		
1442	14.4200	8	0		
1443	14.4300	8	0		
1444	14.4400	8	0		
1445	14.4500	7	1		
1446	14.4600	7	2		
1447	14.4700	6	2		
1448	14.4800	6	3		
1449	14.4900	6	4		
1450	14.5000	6	4		
1451	14.5100	5	5		
1452	14.5200	5	6		
1453	14.5300	4	6		
1454	14.5400	4	7		
1455	14.5500	4	8		
1456	14.5600	4	9		
1457	14.5700	4	10		
1458	14.5800	3	11		
1459	14.5900	3	12		
1460	14.6000	3	12		
1461	14.6100	3	13		
1462	14.6200	2	14		
1463	14.6300	2	15		
1464	14.6400	2	16		
1465	14.6500	2	17		
1466	14.6600	2	17		
1467	14.6700	2	18		
1468	14.6800	2	19		
1469	14.6900	2	19		
1470	14.7000	2	20		
1471	14.7100	2	20		
1472	14.7200	3	21		
1473	14.7300	3	21		
1474	14.7400	3	22		
1475	14.7500	4	22		
1476	14.7600	4	22		
1477	14.7700	4	23		
1478	14.7800	4	23		
1479	14.7900	4	23		
1480	14.8000	4	23		
1481	14.8100	5	23		
1482	14.8200	6	23		
1483	14.8300	6	23		
1484	14.8400	6	23		
1485	14.8500	6	23		
1486	14.8600	7	23		
1487	14.8700	7	22		
1488	14.8800	8	22		
1489	14.8900	8	22		
1490	14.9000	8	22		
1491	14.9100	8	21		
1492	14.9200	9	21		
1493	14.9300	9	20		
1494	14.9400	10	20		
1495	14.9500	10	19		
1496	14.9600	10	19		
1497	14.9700	10	18		
1498	14.9800	11	18		
1499	14.9900	11	17		
1500	15.0000	12	17		
1501	15.0100	12	16		
1502	15.0200	12	16		
1503	15.0300	12	15		
1504	15.0400	12	14		
1505	15.0500	12	14		
1506	15.0600	12	14		
1507	15.0700	12	13		
1508	15.0800	12	12		
1509	15.0900	12	12		
1510	15.1000	12	12		
1511	15.1100	12	11		
1512	15.1200	12	11		
1513	15.1300	12	10		
1514	15.1400	12	10		
1515	15.1500	12	10		
1516	15.1600	12	9		
1517	15.1700	12	9		
1518	15.1800	12	9		
1519	15.1900	12	9		
1520	15.2000	11	8		
1521	15.2100	11	8		
1522	15.2200	10	8		
1523	15.2300	10	8		
1524	15.2400	10	8		
1525	15.2500	10	8		
1526	15.2600	9	8		
1527	15.2700	9	8		
1528	15.2800	8	8		
1529	15.2900	8	8		
1530	15.3000	8	8		
1531	15.3100	8	8		
1532	15.3200	7	9		
1533	15.3300	7	9		
1534	15.3400	6	9		
1535	15.3500	6	9		
1536	15.3600	6	10		
1537	15.3700	6	10		
1538	15.3800	5	10		
1539	15.3900	4	10		
1540	15.4000	4	10		
1541	15.4100	4	11		
1542	15.4200	4	11		
1543	15.4300	4	11		
1544	15.4400	4	12		
1545	15.4500	3	12		
1546	15.4600	3	12		
1547	15.4700	3	12		
1548	15.4800	2	12		
1549	15.4900	2	13		
1550	15.5000	2	13		
1551	15.5100	2	13		
1552	15.5200	2	13		
1553	15.5300	2	13		
1554	15.5400	2	14		
1555	15.5500	2	14		
1556	15.5600	2	14		
1557	15.5700	2	14		
1558	15.5800	2	14		
1559	15.5900	3	14		
1560	15.6000	3	14		
1561	15.6100	3	14		
1562	15.6200	4	14		
1563	15.6300	4	14		
1564	15.6400	4	14		
1565	15.6500	4	14		
1566	15.6600	4	14		
1567	15.6700	5	14		
1568	15.6800	5	14		
1569	15.6900	6	14		
1570	15.7000	6	14		
1571	15.7100	6	13		
1572	15.7200	6	13		
1573	15.7300	7	13		
1574	15.7400	7	13		
1575	15.7500	8	13		
1576	15.7600	8	13		
1577	15.7700	8	13		
1578	15.7800	8	13		
1579	15.7900	9	12		
1580	15.8000	10	12		
1581	15.8100	10	12		
1582	15.8200	10	12		
1583	15.8300	10	12		
1584	15.8400	10	12		
1585	15.8500	11	12		
1586	15.8600	11	12		
1587	15.8700	12	12		
1588	15.8800	12	12		
1589	15.8900	12	12		
1590	15.9000	12	12		
1591	15.9100	12	12		
1592	15.9200	12	12		
1593	15.9300	12	12		
1594	15.9400	12	13		
1595	15.9500	12	13		
1596	15.9600	12	13		
1597	15.9700	12	13		
1598	15.9800	12	13		
1599	15.9900	12	14		
1600	16.0000	12	14		
1601	16.0100	12	14		
1602	16.0200	12	14		
1603	16.0300	12	14		
1604	16.0400	12	15		
1605	16.0500	12	15		
1606	16.0600	11	15		
1607	16.0700	11	16		
1608	16.0800	10	16		
1609	16.0900	10	16		
1610	16.1000	10	16		
1611	16.1100	10	17		
1612	16.1200	10	17		
1613	16.1300	9	17		
1614	16.1400	9	17		
1615	16.1500	8	18		
1616	16.1600	8	18		
1617	16.1700	8	18		
1618	16.1800	8	18		
1619	16.1900	7	18		
1620	16.2000	6	18		
1621	16.2100	6	19		
1622	16.2200	6	19		
1623	16.2300	6	19		
1624	16.2400	5	19		
1625	16.2500	5	19		
1626	16.2600	4	19		
1627	16.2700	4	19		
1628	16.2800	4	19		
1629	16.2900	4	18		
1630	16.3000	4	18		
1631	16.3100	4	18		
1632	16.3200	3	18		
1633	16.3300	3	18		
1634	16.3400	3	18		
1635	16.3500	2	17		
1636	16.3600	2	17		
1637	16.3700	2	16		
1638	16.3800	2	16		
1639	16.3900	2	16		
1640	16.4000	2	15		
1641	16.4100	2	15		
1642	16.4200	2	14		
1643	16.4300	2	14		
1644	16.4400	2	13		
1645	16.4500	3	12		
1646	16.4600	3	12		
1647	16.4700	3	11		
1648	16.4800	4	11		
1649	16.4900	4	10		
1650	16.5000	4	10		
1651	16.5100	4	9		
1652	16.5200	4	8		
1653	16.5300	4	8		
1654	16.5400	5	7		
1655	16.5500	5	7		
1656	16.5600	6	6		
1657	16.5700	6	6		
1658	16.5800	6	5		
1659	16.5900	6	5		
1660	16.6000	7	4		
1661	16.6100	8	4		
1662	16.6200	8	4		
1663	16.6300	8	4		
1664	16.6400	8	3		
1665	16.6500	9	3		
1666	16.6600	9	3		
1667	16.6700	10	3		
1668	16.6800	10	3		
1669	16.6900	10	3		
1670	16.7000	10	3		
1671	16.7100	10	3		
1672	16.7200	11	3		
1673	16.7300	11	3		
1674	16.7400	12	4		
1675	16.7500	12	4		
1676	16.7600	12	4		
1677	16.7700	12	5		
1678	16.7800	12	5		
1679	16.7900	12	6		
1680	16.8000	12	6		
1681	16.8100	12	7		
1682	16.8200	12	8		
1683	16.8300	12	8		
1684	16.8400	12	9		
1685	16.8500	12	10		
1686	16.8600	12	10		
1687	16.8700	12	11		
1688	16.8800	12	12		
1689	16.8900	12	13		
1690	16.9000	12	14		
1691	16.9100	12	15		
1692	16.9200	12	16		
1693	16.9300	11	16		
1694	16.9400	11	17		
1695	16.9500	10	18		
1696	16.9600	10	19		
1697	16.9700	10	20		
1698	16.9800	10	21		
1699	16.9900	10	22		
1700	17.0000	9	22		
1701	17.0100	8	23		
1702	17.0200	8	24		
1703	17.0300	8	25		
1704	17.0400	8	25		
1705	17.0500	7	26		
1706	17.0600	7	26		
1707	17.0700	6	27		
1708	17.0800	6	27		
1709	17.0900	6	28		
1710	17.1000	6	28		
1711	17.1100	5	28		
1712	17.1200	5	28		
1713	17.1300	4	28		
1714	17.1400	4	28		
1715	17.1500	4	28		
1716	17.1600	4	28		
1717	17.1700	4	28		
1718	17.1800	3	28		
1719	17.1900	3	27		
1720	17.2000	3	27		
1721	17.2100	3	26		
1722	17.2200	2	26		
1723	17.2300	2	25		
1724	17.2400	2	24		
1725	17.2500	2	24		
1726	17.2600	2	23		
1727	17.2700	2	22		
1728	17.2800	2	21		
1729	17.2900	2	20		
1730	17.3000	2	19		
1731	17.3100	2	18		
1732	17.3200	3	17		
1733	17.3300	3	16		
1734	17.3400	3	14		
1735	17.3500	4	13		
1736	17.3600	4	12		
1737	17.3700	4	11		
1738	17.3800	4	10		
1739	17.3900	4	8		
1740	17.4000	4	7		
1741	17.4100	5	6		
1742	17.4200	6	5		
1743	17.4300	6	4		
1744	17.4400	6	3		
1745	17.4500	6	2		
1746	17.4600	6	1		
1747	17.4700	7	0		
1748	17.4800	8	-1		
1749	17.4900	8	-2		
1750	17.5000	8	-3		
1751	17.5100	8	-3		
1752	17.5200	9	-4		
1753	17.5300	9	-4		
1754	17.5400	10	-5		
1755	17.5500	10	-5		
1756	17.5600	10	-6		
1757	17.5700	10	-6		
1758	17.5800	10	-6		
1759	17.5900	11	-6		
1760	17.6000	11	-6		
1761	17.6100	12	-6		
1762	17.6200	12	-6		
1763	17.6300	12	-5		
1764	17.6400	12	-5		
1765	17.6500	12	-4		
1766	17.6600	12	-4		
1767	17.6700	12	-3		
1768	17.6800	12	-2		
1769	17.6900	12	-1		
1770	17.7000	12	0		
1771	17.7100	12	1		
1772	17.7200	12	2		
1773	17.7300	12	3		
1774	17.7400	12	4		
1775	17.7500	12	5		
1776	17.7600	12	6		
1777	17.7700	12	8		
1778	17.7800	12	9		
1779	17.7900	12	11		
1780	17.8000	11	12		
1781	17.8100	11	14		
1782	17.8200	10	15		
1783	17.8300	10	16		
1784	17.8400	10	18		
1785	17.8500	10	19		
1786	17.8600	9	21		
1787	17.8700	9	22		
1788	17.8800	8	24		
1789	17.8900	8	25		
1790	17.9000	8	26		
1791	17.9100	8	27		
1792	17.9200	7	28		
1793	17.9300	7	30		
1794	17.9400	6	31		
1795	17.9500	6	32		
1796	17.9600	6	32		
1797	17.9700	6	33		
1798	17.9800	5	34		
1799	17.9900	5	34		
1800	18.0000	4	35		
1801	18.0100	4	35		
1802	18.0200	4	36		
1803	18.0300	4	36		
1804	18.0400	4	36		
1805	18.0500	3	36		
1806	18.0600	3	36		
1807	18.0700	3	36		
1808	18.0800	3	35		
1809	18.0900	2	35		
1810	18.1000	2	34		
1811	18.1100	2	34		
1812	18.1200	2	33		
1813	18.1300	2	32		
1814	18.1400	2	31		
1815	18.1500	2	30		
1816	18.1600	2	29		
1817	18.1700	2	28		
1818	18.1800	3	26		
1819	18.1900	3	25		
1820	18.2000	3	24		
1821	18.2100	3	22		
1822	18.2200	4	21		
1823	18.2300	4	19		
1824	18.2400	4	18		
1825	18.2500	4	16		
1826	18.2600	4	14		
1827	18.2700	5	12		
1828	18.2800	5	11		
1829	18.2900	6	9		
1830	18.3000	6	8		
1831	18.3100	6	6		
1832	18.3200	6	4		
1833	18.3300	7	3		
1834	18.3400	7	1		
1835	18.3500	8	0		
1836	18.3600	8	-2		
1837	18.3700	8	-3		
1838	18.3800	8	-4		
1839	18.3900	9	-6		
1840	18.4000	9	-7		
1841	18.4100	10	-8		
1842	18.4200	10	-9		
1843	18.4300	10	-10		
1844	18.4400	10	-10		
1845	18.4500	10	-11		
1846	18.4600	11	-12		
1847	18.4700	11	-12		
1848	18.4800	12	-12		
1849	18.4900	12	-12		
1850	18.5000	12	-12		
1851	18.5100	12	-12		
1852	18.5200	12	-12		
1853	18.5300	12	-12		
1854	18.5400	12	-11		
1855	18.5500	12	-11		
1856	18.5600	12	-10		
1857	18.5700	12	-9		
1858	18.5800	12	-8		
1859	18.5900	12	-8		
1860	18.6000	12	-6		
1861	18.6100	12	-5		
1862	18.6200	12	-4		
1863	18.6300	12	-2		
1864	18.6400	12	-1		
1865	18.6500	12	0		
1866	18.6600	11	2		
1867	18.6700	11	4		
1868	18.6800	11	5		
1869	18.6900	10	7		
1870	18.7000	10	9		
1871	18.7100	10	11		
1872	18.7200	10	12		
1873	18.7300	10	14		
1874	18.7400	10	16		
1875	18.7500	9	18		
1876	18.7600	9	20		
1877	18.7700	8	22		
1878	18.7800	8	23		
1879	18.7900	8	25		
1880	18.8000	8	27		
1881	18.8100	8	28		
1882	18.8200	8	30		
1883	18.8300	7	32		
1884	18.8400	7	33		
1885	18.8500	7	34		
1886	18.8600	6	36		
1887	18.8700	6	37		
1888	18.8800	6	38		
1889	18.8900	6	39		
1890	18.9000	6	39		
1891	18.9100	6	40		
1892	18.9200	6	41		
1893	18.9300	6	41		
1894	18.9400	6	42		
1895	18.9500	6	42		
1896	18.9600	6	42		
1897	18.9700	5	42		
1898	18.9800	5	42		
1899	18.9900	5	42		
1900	19.0000	5	41		
1901	19.0100	5	40		
1902	19.0200	5	40		
1903	19.0300	4	39		
1904	19.0400	4	38		
1905	19.0500	4	37		
1906	19.0600	4	36		
1907	19.0700	4	35		
1908	19.0800	4	34		
1909	19.0900	4	32		
1910	19.1000	4	31		
