#	time(s)	count A	count B	count C	count D
1	0.0100	-4	6		
2	0.0200	-4	6		
3	0.0300	-3	6		
4	0.0400	-3	6		
5	0.0500	-3	6		
6	0.0600	-2	6		
7	0.0700	-2	6		
8	0.0800	-2	6		
9	0.0900	-2	6		
10	0.1000	-2	6		
11	0.1100	-2	6		
12	0.1200	-1	6		
13	0.1300	0	6		
14	0.1400	0	6		
15	0.1500	0	6		
16	0.1600	0	6		
17	0.1700	0	6		
18	0.1800	1	6		
19	0.1900	2	6		
20	0.2000	2	6		
21	0.2100	2	6		
22	0.2200	2	7		
23	0.2300	2	7		
24	0.2400	3	7		
25	0.2500	3	7		
26	0.2600	4	7		
27	0.2700	4	7		
28	0.2800	4	8		
29	0.2900	4	8		
30	0.3000	4	8		
31	0.3100	4	8		
32	0.3200	5	8		
33	0.3300	5	9		
34	0.3400	5	9		
35	0.3500	6	9		
36	0.3600	6	10		
37	0.3700	6	10		
38	0.3800	6	10		
39	0.3900	6	10		
40	0.4000	6	11		
41	0.4100	6	11		
42	0.4200	6	11		
43	0.4300	6	12		
44	0.4400	6	12		
45	0.4500	6	12		
46	0.4600	6	13		
47	0.4700	6	13		
48	0.4800	6	13		
49	0.4900	5	14		
50	0.5000	5	14		
51	0.5100	5	14		
52	0.5200	5	14		
53	0.5300	4	15		
54	0.5400	4	15		
55	0.5500	4	15		
56	0.5600	4	16		
57	0.5700	4	16		
58	0.5800	3	16		
59	0.5900	3	16		
60	0.6000	2	16		
61	0.6100	2	16		
62	0.6200	2	16		
63	0.6300	2	16		
64	0.6400	2	16		
65	0.6500	1	16		
66	0.6600	0	16		
67	0.6700	0	16		
68	0.6800	0	16		
69	0.6900	0	16		
70	0.7000	0	16		
71	0.7100	-1	16		
72	0.7200	-1	15		
73	0.7300	-2	15		
74	0.7400	-2	15		
75	0.7500	-2	14		
76	0.7600	-2	14		
77	0.7700	-2	14		
78	0.7800	-3	13		
79	0.7900	-3	13		
80	0.8000	-3	12		
81	0.8100	-4	12		
82	0.8200	-4	11		
83	0.8300	-4	10		
84	0.8400	-4	10		
85	0.8500	-4	9		
86	0.8600	-4	8		
87	0.8700	-4	8		
88	0.8800	-4	7		
89	0.8900	-4	6		
90	0.9000	-4	6		
91	0.9100	-4	5		
92	0.9200	-4	4		
93	0.9300	-4	4		
94	0.9400	-4	3		
95	0.9500	-4	2		
96	0.9600	-4	2		
97	0.9700	-4	1		
98	0.9800	-4	0		
99	0.9900	-4	0		
100	1.0000	-3	-1		
101	1.0100	-3	-1		
102	1.0200	-2	-2		
103	1.0300	-2	-2		
104	1.0400	-2	-3		
105	1.0500	-2	-3		
106	1.0600	-2	-4		
107	1.0700	-2	-4		
108	1.0800	-1	-4		
109	1.0900	-1	-4		
110	1.1000	0	-5		
111	1.1100	0	-5		
112	1.1200	0	-5		
113	1.1300	0	-5		
114	1.1400	1	-5		
115	1.1500	1	-5		
116	1.1600	2	-5		
117	1.1700	2	-5		
118	1.1800	2	-4		
119	1.1900	2	-4		
120	1.2000	3	-4		
121	1.2100	3	-3		
122	1.2200	4	-3		
123	1.2300	4	-2		
124	1.2400	4	-2		
125	1.2500	4	-1		
126	1.2600	4	0		
127	1.2700	4	0		
128	1.2800	5	1		
129	1.2900	5	2		
130	1.3000	5	3		
131	1.3100	6	4		
132	1.3200	6	5		
133	1.3300	6	6		
134	1.3400	6	6		
135	1.3500	6	8		
136	1.3600	6	9		
137	1.3700	6	10		
138	1.3800	6	11		
139	1.3900	6	12		
140	1.4000	6	13		
141	1.4100	6	14		
142	1.4200	6	15		
143	1.4300	6	16		
144	1.4400	6	17		
145	1.4500	6	18		
146	1.4600	5	19		
147	1.4700	5	20		
148	1.4800	5	21		
149	1.4900	4	22		
150	1.5000	4	22		
151	1.5100	4	23		
152	1.5200	4	24		
153	1.5300	4	25		
154	1.5400	4	25		
155	1.5500	3	26		
156	1.5600	3	26		
157	1.5700	2	27		
158	1.5800	2	27		
159	1.5900	2	27		
160	1.6000	2	28		
161	1.6100	1	28		
162	1.6200	1	28		
163	1.6300	0	28		
164	1.6400	0	28		
165	1.6500	0	27		
166	1.6600	0	27		
167	1.6700	-1	27		
168	1.6800	-1	26		
169	1.6900	-2	26		
170	1.7000	-2	25		
171	1.7100	-2	24		
172	1.7200	-2	24		
173	1.7300	-2	23		
174	1.7400	-2	22		
175	1.7500	-3	21		
176	1.7600	-3	20		
177	1.7700	-4	19		
178	1.7800	-4	18		
179	1.7900	-4	16		
180	1.8000	-4	15		
181	1.8100	-4	14		
182	1.8200	-4	12		
183	1.8300	-4	11		
184	1.8400	-4	10		
185	1.8500	-4	8		
186	1.8600	-4	7		
187	1.8700	-4	5		
188	1.8800	-4	4		
189	1.8900	-4	3		
190	1.9000	-4	1		
191	1.9100	-4	0		
192	1.9200	-4	-2		
193	1.9300	-4	-3		
194	1.9400	-4	-4		
195	1.9500	-4	-6		
196	1.9600	-3	-7		
197	1.9700	-3	-8		
198	1.9800	-3	-9		
199	1.9900	-2	-10		
200	2.0000	-2	-11		
201	2.0100	-2	-12		
202	2.0200	-2	-13		
203	2.0300	-2	-14		
204	2.0400	-2	-14		
205	2.0500	-1	-15		
206	2.0600	0	-16		
207	2.0700	0	-16		
208	2.0800	0	-16		
209	2.0900	0	-16		
210	2.1000	0	-16		
211	2.1100	1	-16		
212	2.1200	2	-16		
213	2.1300	2	-16		
214	2.1400	2	-16		
215	2.1500	2	-15		
216	2.1600	2	-15		
217	2.1700	3	-14		
218	2.1800	3	-14		
219	2.1900	4	-13		
220	2.2000	4	-12		
221	2.2100	4	-11		
222	2.2200	4	-10		
223	2.2300	4	-8		
224	2.2400	4	-7		
225	2.2500	5	-6		
226	2.2600	5	-4		
227	2.2700	5	-3		
228	2.2800	6	-1		
229	2.2900	6	0		
230	2.3000	6	2		
231	2.3100	6	4		
232	2.3200	6	5		
233	2.3300	6	7		
234	2.3400	6	9		
235	2.3500	6	11		
236	2.3600	6	12		
237	2.3700	6	14		
238	2.3800	6	16		
239	2.3900	6	18		
240	2.4000	6	20		
241	2.4100	6	21		
242	2.4200	6	23		
243	2.4300	5	25		
244	2.4400	5	26		
245	2.4500	5	28		
246	2.4600	4	29		
247	2.4700	4	30		
248	2.4800	4	32		
249	2.4900	4	33		
250	2.5000	4	34		
251	2.5100	3	35		
252	2.5200	3	36		
253	2.5300	2	37		
254	2.5400	2	38		
255	2.5500	2	38		
256	2.5600	2	38		
257	2.5700	2	39		
258	2.5800	1	39		
259	2.5900	0	39		
260	2.6000	0	39		
261	2.6100	0	39		
262	2.6200	0	38		
263	2.6300	0	38		
264	2.6400	-1	38		
265	2.6500	-1	37		
266	2.6600	-2	36		
267	2.6700	-2	35		
268	2.6800	-2	34		
269	2.6900	-2	33		
270	2.7000	-2	31		
271	2.7100	-3	30		
272	2.7200	-3	28		
273	2.7300	-3	27		
274	2.7400	-4	25		
275	2.7500	-4	23		
276	2.7600	-4	22		
277	2.7700	-4	20		
278	2.7800	-4	18		
279	2.7900	-4	16		
280	2.8000	-4	14		
281	2.8100	-4	12		
282	2.8200	-4	9		
283	2.8300	-4	7		
284	2.8400	-4	5		
285	2.8500	-4	3		
286	2.8600	-4	1		
287	2.8700	-4	-2		
288	2.8800	-4	-4		
289	2.8900	-4	-6		
290	2.9000	-4	-8		
291	2.9100	-4	-10		
292	2.9200	-4	-12		
293	2.9300	-3	-14		
294	2.9400	-3	-15		
295	2.9500	-2	-17		
296	2.9600	-2	-18		
297	2.9700	-2	-20		
298	2.9800	-2	-21		
299	2.9900	-2	-22		
300	3.0000	-2	-24		
301	3.0100	-1	-25		
302	3.0200	-1	-26		
303	3.0300	0	-26		
304	3.0400	0	-27		
305	3.0500	0	-27		
306	3.0600	0	-28		
307	3.0700	1	-28		
308	3.0800	1	-28		
309	3.0900	2	-28		
310	3.1000	2	-27		
311	3.1100	2	-27		
312	3.1200	2	-26		
313	3.1300	3	-26		
314	3.1400	3	-25		
315	3.1500	4	-24		
316	3.1600	4	-22		
317	3.1700	4	-21		
318	3.1800	4	-20		
319	3.1900	4	-18		
320	3.2000	4	-16		
321	3.2100	5	-14		
322	3.2200	5	-13		
323	3.2300	5	-11		
324	3.2400	6	-8		
325	3.2500	6	-6		
326	3.2600	6	-4		
327	3.2700	6	-2		
328	3.2800	6	1		
329	3.2900	6	3		
330	3.3000	6	6		
331	3.3100	6	8		
332	3.3200	6	11		
333	3.3300	6	13		
334	3.3400	6	16		
335	3.3500	6	18		
336	3.3600	6	21		
337	3.3700	6	23		
338	3.3800	6	26		
339	3.3900	5	28		
340	3.4000	5	30		
341	3.4100	5	32		
342	3.4200	4	34		
343	3.4300	4	36		
344	3.4400	4	38		
345	3.4500	4	40		
346	3.4600	4	42		
347	3.4700	4	43		
348	3.4800	3	45		
349	3.4900	3	46		
350	3.5000	2	47		
351	3.5100	2	48		
352	3.5200	2	49		
353	3.5300	2	50		
354	3.5400	1	50		
355	3.5500	1	50		
356	3.5600	0	50		
357	3.5700	0	50		
358	3.5800	0	50		
359	3.5900	0	50		
360	3.6000	-1	49		
361	3.6100	-1	48		
362	3.6200	-2	47		
363	3.6300	-2	46		
364	3.6400	-2	45		
365	3.6500	-2	43		
366	3.6600	-2	42		
367	3.6700	-2	40		
368	3.6800	-3	38		
369	3.6900	-3	36		
370	3.7000	-4	34		
371	3.7100	-4	32		
372	3.7200	-4	29		
373	3.7300	-4	27		
374	3.7400	-4	24		
375	3.7500	-4	22		
376	3.7600	-4	19		
377	3.7700	-4	16		
378	3.7800	-4	13		
379	3.7900	-4	10		
380	3.8000	-4	8		
381	3.8100	-4	4		
382	3.8200	-4	2		
383	3.8300	-4	-1		
384	3.8400	-4	-4		
385	3.8500	-4	-7		
386	3.8600	-4	-10		
387	3.8700	-4	-12		
388	3.8800	-4	-15		
389	3.8900	-3	-18		
390	3.9000	-3	-20		
391	3.9100	-3	-22		
392	3.9200	-2	-25		
393	3.9300	-2	-27		
394	3.9400	-2	-29		
395	3.9500	-2	-30		
396	3.9600	-2	-32		
397	3.9700	-1	-34		
398	3.9800	-1	-35		
399	3.9900	0	-36		
400	4.0000	0	-37		
401	4.0100	0	-38		
402	4.0200	0	-38		
403	4.0300	0	-39		
404	4.0400	1	-39		
405	4.0500	2	-39		
406	4.0600	2	-39		
407	4.0700	2	-38		
408	4.0800	2	-38		
409	4.0900	2	-37		
410	4.1000	3	-36		
411	4.1100	3	-35		
412	4.1200	4	-33		
413	4.1300	4	-32		
414	4.1400	4	-30		
415	4.1500	4	-28		
416	4.1600	4	-26		
417	4.1700	4	-24		
418	4.1800	5	-22		
419	4.1900	5	-19		
420	4.2000	5	-16		
421	4.2100	6	-14		
422	4.2200	6	-11		
423	4.2300	6	-8		
424	4.2400	6	-5		
425	4.2500	6	-2		
426	4.2600	6	2		
427	4.2700	6	5		
428	4.2800	6	8		
429	4.2900	6	11		
430	4.3000	6	14		
431	4.3100	6	18		
432	4.3200	6	21		
433	4.3300	6	24		
434	4.3400	6	27		
435	4.3500	5	30		
436	4.3600	5	33		
437	4.3700	5	36		
438	4.3800	4	39		
439	4.3900	4	42		
440	4.4000	4	44		
441	4.4100	4	46		
442	4.4200	4	49		
443	4.4300	4	51		
444	4.4400	3	53		
445	4.4500	3	55		
446	4.4600	2	56		
447	4.4700	2	58		
448	4.4800	2	59		
449	4.4900	2	60		
450	4.5000	2	60		
451	4.5100	1	61		
452	4.5200	0	61		
453	4.5300	0	61		
454	4.5400	0	61		
455	4.5500	0	61		
456	4.5600	0	60		
457	4.5700	-1	60		
458	4.5800	-1	58		
459	4.5900	-2	57		
460	4.6000	-2	56		
461	4.6100	-2	54		
462	4.6200	-2	52		
463	4.6300	-2	50		
464	4.6400	-3	48		
465	4.6500	-3	46		
466	4.6600	-3	43		
467	4.6700	-4	40		
468	4.6800	-4	38		
469	4.6900	-4	35		
470	4.7000	-4	32		
471	4.7100	-4	28		
472	4.7200	-4	25		
473	4.7300	-4	21		
474	4.7400	-4	18		
475	4.7500	-4	14		
476	4.7600	-4	11		
477	4.7700	-4	7		
478	4.7800	-4	4		
479	4.7900	-4	0		
480	4.8000	-4	-4		
481	4.8100	-4	-7		
482	4.8200	-4	-11		
483	4.8300	-4	-14		
484	4.8400	-4	-17		
485	4.8500	-4	-21		
486	4.8600	-3	-24		
487	4.8700	-3	-27		
488	4.8800	-2	-30		
489	4.8900	-2	-32		
490	4.9000	-2	-35		
491	4.9100	-2	-37		
492	4.9200	-2	-40		
493	4.9300	-2	-42		
494	4.9400	-1	-44		
495	4.9500	0	-45		
496	4.9600	0	-46		
497	4.9700	0	-48		
498	4.9800	0	-48		
499	4.9900	0	-49		
500	5.0000	1	-50		
501	5.0100	1	-50		
502	5.0200	2	-50		
503	5.0300	2	-50		
504	5.0400	2	-49		
505	5.0500	2	-48		
506	5.0600	3	-47		
507	5.0700	3	-46		
508	5.0800	4	-44		
509	5.0900	4	-43		
510	5.1000	4	-41		
511	5.1100	4	-39		
512	5.1200	4	-36		
513	5.1300	4	-34		
514	5.1400	5	-31		
515	5.1500	5	-28		
516	5.1600	5	-25		
517	5.1700	6	-22		
518	5.1800	6	-18		
519	5.1900	6	-15		
520	5.2000	6	-11		
521	5.2100	6	-8		
522	5.2200	6	-4		
523	5.2300	6	0		
524	5.2400	6	4		
525	5.2500	6	8		
526	5.2600	6	12		
527	5.2700	6	16		
528	5.2800	6	20		
529	5.2900	6	24		
530	5.3000	6	28		
531	5.3100	6	31		
532	5.3200	5	35		
533	5.3300	5	39		
534	5.3400	5	42		
535	5.3500	4	46		
536	5.3600	4	49		
537	5.3700	4	52		
538	5.3800	4	55		
539	5.3900	4	58		
540	5.4000	4	60		
541	5.4100	3	62		
542	5.4200	3	64		
543	5.4300	2	66		
544	5.4400	2	68		
545	5.4500	2	69		
546	5.4600	2	70		
547	5.4700	1	71		
548	5.4800	1	72		
549	5.4900	0	72		
550	5.5000	0	72		
551	5.5100	0	72		
552	5.5200	0	72		
553	5.5300	-1	71		
554	5.5400	-1	70		
555	5.5500	-2	69		
556	5.5600	-2	67		
557	5.5700	-2	65		
558	5.5800	-2	63		
559	5.5900	-2	61		
560	5.6000	-2	59		
561	5.6100	-3	56		
562	5.6200	-3	53		
563	5.6300	-4	50		
564	5.6400	-4	46		
565	5.6500	-4	43		
566	5.6600	-4	39		
567	5.6700	-4	36		
568	5.6800	-4	32		
569	5.6900	-4	28		
570	5.7000	-4	24		
571	5.7100	-4	19		
572	5.7200	-4	15		
573	5.7300	-4	11		
574	5.7400	-4	6		
575	5.7500	-4	2		
576	5.7600	-4	-2		
577	5.7700	-4	-6		
578	5.7800	-4	-10		
579	5.7900	-4	-15		
580	5.8000	-4	-19		
581	5.8100	-4	-23		
582	5.8200	-3	-27		
583	5.8300	-3	-30		
584	5.8400	-3	-34		
585	5.8500	-2	-37		
586	5.8600	-2	-40		
587	5.8700	-2	-44		
588	5.8800	-2	-46		
589	5.8900	-2	-49		
590	5.9000	-1	-51		
591	5.9100	-1	-54		
592	5.9200	0	-55		
593	5.9300	0	-57		
594	5.9400	0	-58		
595	5.9500	0	-59		
596	5.9600	0	-60		
597	5.9700	1	-61		
598	5.9800	2	-61		
599	5.9900	2	-61		
600	6.0000	2	-60		
601	6.0100	2	-60		
602	6.0200	2	-59		
603	6.0300	3	-58		
604	6.0400	3	-56		
605	6.0500	4	-54		
606	6.0600	4	-52		
607	6.0700	4	-50		
608	6.0800	4	-47		
609	6.0900	4	-44		
610	6.1000	4	-41		
611	6.1100	5	-38		
612	6.1200	5	-34		
613	6.1300	5	-31		
614	6.1400	6	-27		
615	6.1500	6	-23		
616	6.1600	6	-19		
617	6.1700	6	-14		
618	6.1800	6	-10		
619	6.1900	6	-6		
620	6.2000	6	-1		
621	6.2100	6	4		
622	6.2200	6	8		
623	6.2300	6	13		
624	6.2400	6	18		
625	6.2500	6	22		
626	6.2600	6	27		
627	6.2700	6	31		
628	6.2800	5	36		
629	6.2900	5	40		
630	6.3000	5	44		
631	6.3100	4	49		
632	6.3200	4	52		
633	6.3300	4	56		
634	6.3400	4	60		
635	6.3500	4	63		
636	6.3600	4	66		
637	6.3700	3	69		
638	6.3800	3	72		
639	6.3900	2	74		
640	6.4000	2	76		
641	6.4100	2	78		
642	6.4200	2	80		
643	6.4300	1	81		
644	6.4400	1	82		
645	6.4500	0	83		
646	6.4600	0	83		
647	6.4700	0	83		
648	6.4800	0	83		
649	6.4900	0	82		
650	6.5000	-1	81		
651	6.5100	-2	80		
652	6.5200	-2	78		
653	6.5300	-2	77		
654	6.5400	-2	74		
655	6.5500	-2	72		
656	6.5600	-2	69		
657	6.5700	-3	66		
658	6.5800	-3	63		
659	6.5900	-3	60		
660	6.6000	-4	56		
661	6.6100	-4	52		
662	6.6200	-4	48		
663	6.6300	-4	44		
664	6.6400	-4	40		
665	6.6500	-4	35		
666	6.6600	-4	30		
667	6.6700	-4	26		
668	6.6800	-4	21		
669	6.6900	-4	16		
670	6.7000	-4	11		
671	6.7100	-4	6		
672	6.7200	-4	1		
673	6.7300	-4	-4		
674	6.7400	-4	-9		
675	6.7500	-4	-14		
676	6.7600	-4	-19		
677	6.7700	-4	-24		
678	6.7800	-4	-28		
679	6.7900	-3	-33		
680	6.8000	-3	-37		
681	6.8100	-2	-41		
682	6.8200	-2	-45		
683	6.8300	-2	-49		
684	6.8400	-2	-52		
685	6.8500	-2	-55		
686	6.8600	-2	-58		
687	6.8700	-1	-61		
688	6.8800	0	-64		
689	6.8900	0	-66		
690	6.9000	0	-67		
691	6.9100	0	-69		
692	6.9200	0	-70		
693	6.9300	1	-71		
694	6.9400	1	-71		
695	6.9500	2	-72		
696	6.9600	2	-71		
697	6.9700	2	-71		
698	6.9800	2	-70		
699	6.9900	3	-69		
700	7.0000	3	-67		
701	7.0100	4	-66		
702	7.0200	4	-63		
703	7.0300	4	-61		
704	7.0400	4	-58		
705	7.0500	4	-55		
706	7.0600	4	-52		
707	7.0700	5	-48		
708	7.0800	5	-44		
709	7.0900	5	-40		
710	7.1000	6	-36		
711	7.1100	6	-32		
712	7.1200	6	-27		
713	7.1300	6	-22		
714	7.1400	6	-17		
715	7.1500	6	-12		
716	7.1600	6	-7		
717	7.1700	6	-2		
718	7.1800	6	4		
719	7.1900	6	9		
720	7.2000	6	14		
721	7.2100	6	20		
722	7.2200	6	25		
723	7.2300	6	30		
724	7.2400	5	36		
725	7.2500	5	41		
726	7.2600	5	46		
727	7.2700	5	50		
728	7.2800	4	55		
729	7.2900	4	60		
730	7.3000	4	64		
731	7.3100	4	68		
732	7.3200	4	72		
733	7.3300	3	75		
734	7.3400	3	78		
735	7.3500	2	81		
736	7.3600	2	84		
737	7.3700	2	86		
738	7.3800	2	88		
739	7.3900	2	90		
740	7.4000	1	92		
741	7.4100	1	93		
742	7.4200	0	93		
743	7.4300	0	94		
744	7.4400	0	94		
745	7.4500	0	93		
746	7.4600	-1	92		
747	7.4700	-1	91		
748	7.4800	-2	90		
749	7.4900	-2	88		
750	7.5000	-2	86		
751	7.5100	-2	84		
752	7.5200	-2	81		
753	7.5300	-3	78		
754	7.5400	-3	74		
755	7.5500	-3	70		
756	7.5600	-4	66		
757	7.5700	-4	62		
758	7.5800	-4	58		
759	7.5900	-4	53		
760	7.6000	-4	48		
761	7.6100	-4	43		
762	7.6200	-4	38		
763	7.6300	-4	33		
764	7.6400	-4	27		
765	7.6500	-4	22		
766	7.6600	-4	16		
767	7.6700	-4	10		
768	7.6800	-4	5		
769	7.6900	-4	-1		
770	7.7000	-4	-7		
771	7.7100	-4	-12		
772	7.7200	-4	-18		
773	7.7300	-4	-23		
774	7.7400	-4	-29		
775	7.7500	-3	-34		
776	7.7600	-3	-39		
777	7.7700	-2	-44		
778	7.7800	-2	-48		
779	7.7900	-2	-53		
780	7.8000	-2	-57		
781	7.8100	-2	-61		
782	7.8200	-2	-64		
783	7.8300	-1	-68		
784	7.8400	-1	-71		
785	7.8500	0	-73		
786	7.8600	0	-76		
787	7.8700	0	-78		
788	7.8800	0	-79		
789	7.8900	1	-80		
790	7.9000	1	-81		
791	7.9100	2	-82		
792	7.9200	2	-82		
793	7.9300	2	-82		
794	7.9400	2	-81		
795	7.9500	2	-80		
796	7.9600	3	-79		
797	7.9700	3	-77		
798	7.9800	4	-75		
799	7.9900	4	-72		
800	8.0000	4	-70		
801	8.0100	4	-66		
802	8.0200	4	-63		
803	8.0300	4	-59		
804	8.0400	5	-55		
805	8.0500	5	-51		
806	8.0600	5	-46		
807	8.0700	6	-41		
808	8.0800	6	-36		
809	8.0900	6	-31		
810	8.1000	6	-26		
811	8.1100	6	-20		
812	8.1200	6	-14		
813	8.1300	6	-8		
814	8.1400	6	-2		
815	8.1500	6	4		
816	8.1600	6	10		
817	8.1700	6	16		
818	8.1800	6	22		
819	8.1900	6	28		
820	8.2000	6	34		
821	8.2100	5	40		
822	8.2200	5	45		
823	8.2300	5	51		
824	8.2400	4	56		
825	8.2500	4	62		
826	8.2600	4	66		
827	8.2700	4	71		
828	8.2800	4	76		
829	8.2900	4	80		
830	8.3000	3	84		
831	8.3100	3	88		
832	8.3200	2	91		
833	8.3300	2	94		
834	8.3400	2	96		
835	8.3500	2	99		
836	8.3600	1	100		
837	8.3700	1	102		
838	8.3800	0	103		
839	8.3900	0	104		
840	8.4000	0	104		
841	8.4100	0	104		
842	8.4200	0	104		
843	8.4300	-1	103		
844	8.4400	-2	102		
845	8.4500	-2	100		
846	8.4600	-2	98		
847	8.4700	-2	95		
848	8.4800	-2	92		
849	8.4900	-2	89		
850	8.5000	-3	86		
851	8.5100	-3	82		
852	8.5200	-3	78		
853	8.5300	-4	73		
854	8.5400	-4	68		
855	8.5500	-4	63		
856	8.5600	-4	58		
857	8.5700	-4	52		
858	8.5800	-4	47		
859	8.5900	-4	41		
860	8.6000	-4	35		
861	8.6100	-4	29		
862	8.6200	-4	22		
863	8.6300	-4	16		
864	8.6400	-4	10		
865	8.6500	-4	4		
866	8.6600	-4	-3		
867	8.6700	-4	-9		
868	8.6800	-4	-15		
869	8.6900	-4	-22		
870	8.7000	-4	-28		
871	8.7100	-3	-34		
872	8.7200	-3	-40		
873	8.7300	-3	-45		
874	8.7400	-2	-50		
875	8.7500	-2	-56		
876	8.7600	-2	-60		
877	8.7700	-2	-65		
878	8.7800	-2	-69		
879	8.7900	-2	-73		
880	8.8000	-1	-77		
881	8.8100	0	-80		
882	8.8200	0	-83		
883	8.8300	0	-86		
884	8.8400	0	-88		
885	8.8500	0	-90		
886	8.8600	1	-91		
887	8.8700	2	-92		
888	8.8800	2	-92		
889	8.8900	2	-92		
890	8.9000	2	-92		
891	8.9100	2	-91		
892	8.9200	3	-90		
893	8.9300	3	-88		
894	8.9400	4	-86		
895	8.9500	4	-84		
896	8.9600	4	-81		
897	8.9700	4	-78		
898	8.9800	4	-74		
899	8.9900	4	-71		
900	9.0000	5	-66		
901	9.0100	5	-62		
902	9.0200	5	-57		
903	9.0300	6	-52		
904	9.0400	6	-46		
905	9.0500	6	-40		
906	9.0600	6	-35		
907	9.0700	6	-28		
908	9.0800	6	-22		
909	9.0900	6	-16		
910	9.1000	6	-9		
911	9.1100	6	-3		
912	9.1200	6	4		
913	9.1300	6	11		
914	9.1400	6	17		
915	9.1500	6	24		
916	9.1600	6	31		
917	9.1700	5	37		
918	9.1800	5	44		
919	9.1900	5	50		
920	9.2000	4	56		
921	9.2100	4	62		
922	9.2200	4	68		
923	9.2300	4	73		
924	9.2400	4	78		
925	9.2500	4	84		
926	9.2600	3	88		
927	9.2700	3	92		
928	9.2800	2	96		
929	9.2900	2	100		
930	9.3000	2	103		
931	9.3100	2	106		
932	9.3200	2	109		
933	9.3300	1	111		
934	9.3400	1	112		
935	9.3500	0	113		
936	9.3600	0	114		
937	9.3700	0	114		
938	9.3800	0	114		
939	9.3900	-1	114		
940	9.4000	-1	113		
941	9.4100	-2	111		
942	9.4200	-2	109		
943	9.4300	-2	107		
944	9.4400	-2	104		
945	9.4500	-2	101		
946	9.4600	-3	97		
947	9.4700	-3	93		
948	9.4800	-3	89		
949	9.4900	-4	84		
950	9.5000	-4	79		
951	9.5100	-4	74		
952	9.5200	-4	68		
953	9.5300	-4	62		
954	9.5400	-4	56		
955	9.5500	-4	50		
956	9.5600	-4	44		
957	9.5700	-4	37		
958	9.5800	-4	30		
959	9.5900	-4	23		
960	9.6000	-4	16		
961	9.6100	-4	9		
962	9.6200	-4	2		
963	9.6300	-4	-5		
964	9.6400	-4	-12		
965	9.6500	-4	-19		
966	9.6600	-4	-26		
967	9.6700	-4	-32		
968	9.6800	-3	-39		
969	9.6900	-3	-45		
970	9.7000	-2	-51		
971	9.7100	-2	-57		
972	9.7200	-2	-63		
973	9.7300	-2	-68		
974	9.7400	-2	-73		
975	9.7500	-2	-78		
976	9.7600	-1	-82		
977	9.7700	-1	-86		
978	9.7800	0	-89		
979	9.7900	0	-93		
980	9.8000	0	-95		
981	9.8100	0	-98		
982	9.8200	1	-99		
983	9.8300	1	-99		
984	9.8400	2	-99		
985	9.8500	2	-99		
986	9.8600	2	-99		
987	9.8700	2	-99		
988	9.8800	2	-99		
989	9.8900	3	-99		
990	9.9000	4	-98		
991	9.9100	4	-96		
992	9.9200	4	-93		
993	9.9300	4	-90		
994	9.9400	4	-86		
995	9.9500	4	-82		
996	9.9600	4	-78		
997	9.9700	5	-73		
998	9.9800	5	-68		
999	9.9900	5	-62		
1000	10.0000	6	-57		
1001	10.0100	6	-51		
1002	10.0200	6	-44		
1003	10.0300	6	-38		
1004	10.0400	6	-31		
1005	10.0500	6	-24		
1006	10.0600	6	-17		
1007	10.0700	6	-10		
1008	10.0800	6	-3		
1009	10.0900	6	4		
1010	10.1000	6	12		
1011	10.1100	6	19		
1012	10.1200	6	27		
1013	10.1300	5	34		
1014	10.1400	5	41		
1015	10.1500	5	48		
1016	10.1600	5	55		
1017	10.1700	4	62		
1018	10.1800	4	68		
1019	10.1900	4	74		
1020	10.2000	4	80		
1021	10.2100	4	86		
1022	10.2200	4	92		
1023	10.2300	3	96		
1024	10.2400	3	101		
1025	10.2500	2	106		
1026	10.2600	2	109		
1027	10.2700	2	113		
1028	10.2800	2	116		
1029	10.2900	1	118		
1030	10.3000	1	121		
1031	10.3100	0	122		
1032	10.3200	0	124		
1033	10.3300	0	124		
1034	10.3400	0	124		
1035	10.3500	-1	124		
1036	10.3600	-1	123		
1037	10.3700	-2	122		
1038	10.3800	-2	120		
1039	10.3900	-2	118		
1040	10.4000	-2	116		
1041	10.4100	-2	112		
1042	10.4200	-2	109		
1043	10.4300	-3	105		
1044	10.4400	-3	100		
1045	10.4500	-3	96		
1046	10.4600	-4	90		
1047	10.4700	-4	85		
1048	10.4800	-4	79		
1049	10.4900	-4	73		
1050	10.5000	-4	66		
1051	10.5100	-4	60		
1052	10.5200	-4	53		
1053	10.5300	-4	46		
1054	10.5400	-4	38		
1055	10.5500	-4	31		
1056	10.5600	-4	24		
1057	10.5700	-4	16		
1058	10.5800	-4	8		
1059	10.5900	-4	1		
1060	10.6000	-4	-7		
1061	10.6100	-4	-15		
1062	10.6200	-4	-22		
1063	10.6300	-4	-30		
1064	10.6400	-3	-37		
1065	10.6500	-3	-44		
1066	10.6600	-3	-51		
1067	10.6700	-2	-58		
1068	10.6800	-2	-64		
1069	10.6900	-2	-70		
1070	10.7000	-2	-76		
1071	10.7100	-2	-81		
1072	10.7200	-1	-86		
1073	10.7300	-1	-91		
1074	10.7400	0	-95		
1075	10.7500	0	-99		
1076	10.7600	0	-99		
1077	10.7700	0	-99		
1078	10.7800	0	-99		
1079	10.7900	1	-99		
1080	10.8000	2	-99		
1081	10.8100	2	-99		
1082	10.8200	2	-99		
1083	10.8300	2	-99		
1084	10.8400	2	-99		
1085	10.8500	3	-99		
1086	10.8600	3	-99		
1087	10.8700	4	-99		
1088	10.8800	4	-99		
1089	10.8900	4	-99		
1090	10.9000	4	-98		
1091	10.9100	4	-94		
1092	10.9200	4	-89		
1093	10.9300	5	-84		
1094	10.9400	5	-79		
1095	10.9500	5	-74		
1096	10.9600	6	-68		
1097	10.9700	6	-62		
1098	10.9800	6	-55		
1099	10.9900	6	-48		
1100	11.0000	6	-41		
1101	11.0100	6	-34		
1102	11.0200	6	-26		
1103	11.0300	6	-18		
1104	11.0400	6	-10		
1105	11.0500	6	-2		
1106	11.0600	6	6		
1107	11.0700	6	14		
1108	11.0800	6	21		
1109	11.0900	6	29		
1110	11.1000	5	37		
1111	11.1100	5	45		
1112	11.1200	5	53		
1113	11.1300	4	60		
1114	11.1400	4	67		
1115	11.1500	4	74		
1116	11.1600	4	81		
1117	11.1700	4	88		
1118	11.1800	4	94		
1119	11.1900	3	100		
1120	11.2000	3	105		
1121	11.2100	2	110		
1122	11.2200	2	114		
1123	11.2300	2	119		
1124	11.2400	2	122		
1125	11.2500	2	126		
1126	11.2600	1	128		
1127	11.2700	0	130		
1128	11.2800	0	132		
1129	11.2900	0	133		
1130	11.3000	0	134		
1131	11.3100	0	134		
1132	11.3200	-1	134		
1133	11.3300	-1	133		
1134	11.3400	-2	132		
1135	11.3500	-2	130		
1136	11.3600	-2	127		
1137	11.3700	-2	124		
1138	11.3800	-2	121		
1139	11.3900	-3	117		
1140	11.4000	-3	112		
1141	11.4100	-3	107		
1142	11.4200	-4	102		
1143	11.4300	-4	96		
1144	11.4400	-4	90		
1145	11.4500	-4	84		
1146	11.4600	-4	77		
1147	11.4700	-4	70		
1148	11.4800	-4	63		
1149	11.4900	-4	56		
1150	11.5000	-4	48		
1151	11.5100	-4	40		
1152	11.5200	-4	32		
1153	11.5300	-4	23		
1154	11.5400	-4	15		
1155	11.5500	-4	7		
1156	11.5600	-4	-1		
1157	11.5700	-4	-10		
1158	11.5800	-4	-18		
1159	11.5900	-4	-26		
1160	11.6000	-3	-34		
1161	11.6100	-3	-42		
1162	11.6200	-3	-50		
1163	11.6300	-2	-57		
1164	11.6400	-2	-64		
1165	11.6500	-2	-71		
1166	11.6600	-2	-77		
1167	11.6700	-2	-84		
1168	11.6800	-2	-89		
1169	11.6900	-1	-95		
1170	11.7000	0	-99		
1171	11.7100	0	-99		
1172	11.7200	0	-99		
1173	11.7300	0	-99		
1174	11.7400	0	-99		
1175	11.7500	1	-99		
1176	11.7600	1	-99		
1177	11.7700	2	-99		
1178	11.7800	2	-99		
1179	11.7900	2	-99		
1180	11.8000	2	-99		
1181	11.8100	3	-99		
1182	11.8200	3	-99		
1183	11.8300	4	-99		
1184	11.8400	4	-99		
1185	11.8500	4	-99		
1186	11.8600	4	-99		
1187	11.8700	4	-99		
1188	11.8800	4	-99		
1189	11.8900	4	-96		
1190	11.9000	5	-91		
1191	11.9100	5	-85		
1192	11.9200	5	-79		
1193	11.9300	6	-73		
1194	11.9400	6	-66		
1195	11.9500	6	-59		
1196	11.9600	6	-51		
1197	11.9700	6	-44		
1198	11.9800	6	-36		
1199	11.9900	6	-28		
1200	12.0000	6	-19		
1201	12.0100	6	-11		
1202	12.0200	6	-2		
1203	12.0300	6	7		
1204	12.0400	6	15		
1205	12.0500	6	24		
1206	12.0600	5	32		
1207	12.0700	5	41		
1208	12.0800	5	49		
1209	12.0900	4	57		
1210	12.1000	4	65		
1211	12.1100	4	73		
1212	12.1200	4	81		
1213	12.1300	4	88		
1214	12.1400	4	95		
1215	12.1500	3	101		
1216	12.1600	3	108		
1217	12.1700	2	113		
1218	12.1800	2	118		
1219	12.1900	2	123		
1220	12.2000	2	128		
1221	12.2100	2	132		
1222	12.2200	1	135		
1223	12.2300	1	138		
1224	12.2400	0	137		
1225	12.2500	0	137		
1226	12.2600	0	137		
1227	12.2700	0	137		
1228	12.2800	-1	137		
1229	12.2900	-1	137		
1230	12.3000	-2	137		
1231	12.3100	-2	137		
1232	12.3200	-2	137		
1233	12.3300	-2	136		
1234	12.3400	-2	132		
1235	12.3500	-2	128		
1236	12.3600	-3	124		
1237	12.3700	-3	120		
1238	12.3800	-3	114		
1239	12.3900	-4	108		
1240	12.4000	-4	102		
1241	12.4100	-4	96		
1242	12.4200	-4	89		
1243	12.4300	-4	81		
1244	12.4400	-4	74		
1245	12.4500	-4	66		
1246	12.4600	-4	58		
1247	12.4700	-4	50		
1248	12.4800	-4	41		
1249	12.4900	-4	32		
1250	12.5000	-4	23		
1251	12.5100	-4	14		
1252	12.5200	-4	6		
1253	12.5300	-4	-3		
1254	12.5400	-4	-12		
1255	12.5500	-4	-21		
1256	12.5600	-4	-30		
1257	12.5700	-3	-38		
1258	12.5800	-3	-47		
1259	12.5900	-2	-55		
1260	12.6000	-2	-63		
1261	12.6100	-2	-70		
1262	12.6200	-2	-78		
1263	12.6300	-2	-85		
1264	12.6400	-2	-91		
1265	12.6500	-1	-97		
1266	12.6600	-1	-99		
1267	12.6700	0	-99		
1268	12.6800	0	-99		
1269	12.6900	0	-99		
1270	12.7000	0	-99		
1271	12.7100	1	-99		
1272	12.7200	1	-99		
1273	12.7300	2	-99		
1274	12.7400	2	-99		
1275	12.7500	2	-99		
1276	12.7600	2	-99		
1277	12.7700	2	-99		
1278	12.7800	3	-99		
1279	12.7900	3	-99		
1280	12.8000	4	-99		
1281	12.8100	4	-99		
1282	12.8200	4	-99		
1283	12.8300	4	-99		
1284	12.8400	4	-99		
1285	12.8500	4	-99		
1286	12.8600	5	-99		
1287	12.8700	5	-97		
1288	12.8800	5	-91		
1289	12.8900	6	-85		
1290	12.9000	6	-78		
1291	12.9100	6	-70		
1292	12.9200	6	-62		
1293	12.9300	6	-54		
1294	12.9400	6	-46		
1295	12.9500	6	-38		
1296	12.9600	6	-29		
1297	12.9700	6	-20		
1298	12.9800	6	-11		
1299	12.9900	6	-2		
1300	13.0000	6	8		
1301	13.0100	6	17		
1302	13.0200	5	26		
1303	13.0300	5	35		
1304	13.0400	5	44		
1305	13.0500	5	53		
1306	13.0600	4	62		
1307	13.0700	4	70		
1308	13.0800	4	79		
1309	13.0900	4	87		
1310	13.1000	4	94		
1311	13.1100	4	102		
1312	13.1200	3	109		
1313	13.1300	3	115		
1314	13.1400	2	121		
1315	13.1500	2	127		
1316	13.1600	2	132		
1317	13.1700	2	137		
1318	13.1800	1	137		
1319	13.1900	1	137		
1320	13.2000	0	137		
1321	13.2100	0	137		
1322	13.2200	0	137		
1323	13.2300	0	137		
1324	13.2400	0	137		
1325	13.2500	-1	137		
1326	13.2600	-1	137		
1327	13.2700	-2	137		
1328	13.2800	-2	137		
1329	13.2900	-2	137		
1330	13.3000	-2	137		
1331	13.3100	-2	137		
1332	13.3200	-3	136		
1333	13.3300	-3	132		
1334	13.3400	-3	126		
1335	13.3500	-4	120		
1336	13.3600	-4	114		
1337	13.3700	-4	108		
1338	13.3800	-4	101		
1339	13.3900	-4	93		
1340	13.4000	-4	85		
1341	13.4100	-4	77		
1342	13.4200	-4	68		
1343	13.4300	-4	60		
1344	13.4400	-4	51		
1345	13.4500	-4	42		
1346	13.4600	-4	32		
1347	13.4700	-4	23		
1348	13.4800	-4	14		
1349	13.4900	-4	4		
1350	13.5000	-4	-5		
1351	13.5100	-4	-15		
1352	13.5200	-4	-24		
1353	13.5300	-3	-34		
1354	13.5400	-3	-43		
1355	13.5500	-3	-52		
1356	13.5600	-2	-60		
1357	13.5700	-2	-69		
1358	13.5800	-2	-77		
1359	13.5900	-2	-84		
1360	13.6000	-2	-92		
1361	13.6100	-1	-99		
1362	13.6200	-1	-99		
1363	13.6300	0	-99		
1364	13.6400	0	-99		
1365	13.6500	0	-99		
1366	13.6600	0	-99		
1367	13.6700	0	-99		
1368	13.6800	1	-99		
1369	13.6900	1	-99		
1370	13.7000	2	-99		
1371	13.7100	2	-99		
1372	13.7200	2	-99		
1373	13.7300	2	-99		
1374	13.7400	3	-99		
1375	13.7500	3	-99		
1376	13.7600	3	-99		
1377	13.7700	4	-99		
1378	13.7800	4	-99		
1379	13.7900	4	-99		
1380	13.8000	4	-99		
1381	13.8100	4	-99		
1382	13.8200	4	-99		
1383	13.8300	4	-99		
1384	13.8400	4	-99		
1385	13.8500	5	-97		
1386	13.8600	5	-90		
1387	13.8700	5	-82		
1388	13.8800	5	-74		
1389	13.8900	5	-66		
1390	13.9000	5	-57		
1391	13.9100	6	-48		
1392	13.9200	6	-39		
1393	13.9300	6	-30		
1394	13.9400	6	-20		
1395	13.9500	6	-11		
1396	13.9600	6	-1		
1397	13.9700	6	9		
1398	13.9800	6	19		
1399	13.9900	6	28		
1400	14.0000	6	38		
1401	14.0100	6	48		
1402	14.0200	6	57		
1403	14.0300	6	66		
1404	14.0400	6	76		
1405	14.0500	6	84		
1406	14.0600	6	93		
1407	14.0700	6	101		
1408	14.0800	6	108		
1409	14.0900	6	116		
1410	14.1000	6	123		
1411	14.1100	6	129		
1412	14.1200	6	135		
1413	14.1300	6	137		
1414	14.1400	6	137		
1415	14.1500	6	137		
1416	14.1600	6	137		
1417	14.1700	6	137		
1418	14.1800	6	137		
1419	14.1900	6	137		
1420	14.2000	6	137		
1421	14.2100	6	137		
1422	14.2200	6	137		
1423	14.2300	6	137		
1424	14.2400	6	137		
1425	14.2500	6	137		
1426	14.2600	6	137		
1427	14.2700	6	137		
1428	14.2800	6	137		
1429	14.2900	6	137		
1430	14.3000	6	137		
1431	14.3100	6	137		
1432	14.3200	6	131		
1433	14.3300	6	125		
1434	14.3400	6	118		
1435	14.3500	6	111		
1436	14.3600	6	103		
1437	14.3700	6	95		
1438	14.3800	6	87		
1439	14.3900	6	78		
1440	14.4000	6	69		
1441	14.4100	6	60		
1442	14.4200	6	51		
1443	14.4300	6	41		
1444	14.4400	6	32		
1445	14.4500	6	22		
1446	14.4600	6	12		
1447	14.4700	6	2		
1448	14.4800	6	-7		
1449	14.4900	6	-17		
1450	14.5000	6	-26		
1451	14.5100	6	-36		
1452	14.5200	6	-45		
1453	14.5300	6	-54		
1454	14.5400	6	-62		
1455	14.5500	6	-71		
1456	14.5600	6	-79		
1457	14.5700	6	-86		
1458	14.5800	6	-93		
1459	14.5900	6	-99		
1460	14.6000	6	-99		
1461	14.6100	6	-99		
1462	14.6200	6	-99		
1463	14.6300	6	-99		
1464	14.6400	6	-99		
1465	14.6500	6	-99		
1466	14.6600	6	-99		
1467	14.6700	6	-99		
1468	14.6800	6	-99		
1469	14.6900	6	-99		
1470	14.7000	6	-99		
1471	14.7100	6	-99		
1472	14.7200	6	-99		
1473	14.7300	6	-99		
1474	14.7400	6	-99		
1475	14.7500	6	-99		
1476	14.7600	6	-99		
1477	14.7700	6	-99		
1478	14.7800	6	-99		
1479	14.7900	6	-99		
1480	14.8000	6	-99		
1481	14.8100	6	-99		
1482	14.8200	6	-98		
1483	14.8300	6	-91		
1484	14.8400	6	-83		
1485	14.8500	6	-76		
1486	14.8600	6	-68		
1487	14.8700	6	-59		
1488	14.8800	6	-50		
1489	14.8900	6	-42		
1490	14.9000	6	-32		
1491	14.9100	6	-23		
1492	14.9200	6	-14		
1493	14.9300	6	-4		
1494	14.9400	6	6		
1495	14.9500	6	16		
1496	14.9600	6	25		
1497	14.9700	6	35		
1498	14.9800	6	44		
1499	14.9900	6	54		
1500	15.0000	6	63		
1501	15.0100	6	72		
1502	15.0200	6	81		
1503	15.0300	6	89		
1504	15.0400	6	97		
1505	15.0500	6	105		
1506	15.0600	6	112		
1507	15.0700	6	120		
1508	15.0800	6	126		
1509	15.0900	6	132		
1510	15.1000	6	138		
1511	15.1100	6	137		
1512	15.1200	6	137		
1513	15.1300	6	137		
1514	15.1400	6	137		
1515	15.1500	6	137		
1516	15.1600	6	137		
1517	15.1700	6	137		
1518	15.1800	6	137		
1519	15.1900	6	137		
1520	15.2000	6	137		
1521	15.2100	6	137		
1522	15.2200	6	137		
1523	15.2300	6	137		
1524	15.2400	6	137		
1525	15.2500	6	137		
1526	15.2600	6	137		
1527	15.2700	6	137		
1528	15.2800	6	137		
1529	15.2900	6	132		
1530	15.3000	6	126		
1531	15.3100	6	119		
1532	15.3200	6	112		
1533	15.3300	6	104		
1534	15.3400	6	97		
1535	15.3500	6	89		
1536	15.3600	6	80		
1537	15.3700	6	71		
1538	15.3800	6	62		
1539	15.3900	6	53		
1540	15.4000	6	44		
1541	15.4100	6	34		
1542	15.4200	6	25		
1543	15.4300	6	15		
1544	15.4400	6	6		
1545	15.4500	6	-4		
1546	15.4600	6	-14		
1547	15.4700	6	-23		
1548	15.4800	6	-32		
1549	15.4900	6	-42		
1550	15.5000	6	-50		
1551	15.5100	6	-59		
1552	15.5200	6	-67		
1553	15.5300	6	-75		
1554	15.5400	6	-83		
1555	15.5500	6	-90		
1556	15.5600	6	-97		
1557	15.5700	6	-99		
1558	15.5800	6	-99		
1559	15.5900	6	-99		
1560	15.6000	6	-99		
1561	15.6100	6	-99		
1562	15.6200	6	-99		
1563	15.6300	6	-99		
1564	15.6400	6	-99		
1565	15.6500	6	-99		
1566	15.6600	6	-99		
1567	15.6700	6	-99		
1568	15.6800	6	-99		
1569	15.6900	6	-99		
1570	15.7000	6	-99		
1571	15.7100	6	-99		
1572	15.7200	6	-99		
1573	15.7300	6	-99		
1574	15.7400	6	-99		
1575	15.7500	6	-99		
1576	15.7600	6	-99		
1577	15.7700	6	-99		
1578	15.7800	6	-99		
1579	15.7900	6	-98		
1580	15.8000	6	-92		
1581	15.8100	6	-84		
1582	15.8200	6	-77		
1583	15.8300	6	-69		
1584	15.8400	6	-61		
1585	15.8500	6	-52		
1586	15.8600	6	-44		
1587	15.8700	6	-35		
1588	15.8800	6	-26		
1589	15.8900	6	-16		
1590	15.9000	6	-7		
1591	15.9100	6	3		
1592	15.9200	6	13		
1593	15.9300	6	22		
1594	15.9400	6	32		
1595	15.9500	6	41		
1596	15.9600	6	50		
1597	15.9700	6	60		
1598	15.9800	6	69		
1599	15.9900	6	77		
1600	16.0000	6	86		
1601	16.0100	6	94		
1602	16.0200	6	102		
1603	16.0300	6	109		
1604	16.0400	6	116		
1605	16.0500	6	123		
1606	16.0600	6	129		
1607	16.0700	6	134		
1608	16.0800	6	137		
1609	16.0900	6	137		
1610	16.1000	6	137		
1611	16.1100	6	137		
1612	16.1200	6	137		
1613	16.1300	6	137		
1614	16.1400	6	137		
1615	16.1500	6	137		
1616	16.1600	6	137		
1617	16.1700	6	137		
1618	16.1800	6	137		
1619	16.1900	6	137		
1620	16.2000	6	137		
1621	16.2100	6	137		
1622	16.2200	6	137		
1623	16.2300	6	137		
1624	16.2400	6	137		
1625	16.2500	6	137		
1626	16.2600	6	132		
1627	16.2700	6	126		
1628	16.2800	6	120		
1629	16.2900	6	113		
1630	16.3000	6	106		
1631	16.3100	6	98		
1632	16.3200	6	90		
1633	16.3300	6	82		
1634	16.3400	6	73		
1635	16.3500	6	64		
1636	16.3600	6	56		
1637	16.3700	6	46		
1638	16.3800	6	37		
1639	16.3900	6	28		
1640	16.4000	6	18		
1641	16.4100	6	8		
1642	16.4200	6	-1		
1643	16.4300	6	-11		
1644	16.4400	6	-20		
1645	16.4500	6	-29		
1646	16.4600	6	-38		
1647	16.4700	6	-47		
1648	16.4800	6	-56		
1649	16.4900	6	-64		
1650	16.5000	6	-72		
1651	16.5100	6	-80		
1652	16.5200	6	-87		
1653	16.5300	6	-94		
1654	16.5400	6	-99		
1655	16.5500	6	-99		
1656	16.5600	6	-99		
1657	16.5700	6	-99		
1658	16.5800	6	-99		
1659	16.5900	6	-99		
1660	16.6000	6	-99		
1661	16.6100	6	-99		
1662	16.6200	6	-99		
1663	16.6300	6	-99		
1664	16.6400	6	-99		
1665	16.6500	6	-99		
1666	16.6600	6	-99		
1667	16.6700	6	-99		
1668	16.6800	6	-99		
1669	16.6900	6	-99		
1670	16.7000	6	-99		
1671	16.7100	6	-99		
1672	16.7200	6	-99		
1673	16.7300	6	-99		
1674	16.7400	6	-99		
1675	16.7500	6	-99		
1676	16.7600	6	-99		
1677	16.7700	6	-93		
1678	16.7800	6	-86		
1679	16.7900	6	-78		
1680	16.8000	6	-71		
1681	16.8100	6	-63		
1682	16.8200	6	-54		
1683	16.8300	6	-46		
1684	16.8400	6	-37		
1685	16.8500	6	-28		
1686	16.8600	6	-19		
1687	16.8700	6	-9		
1688	16.8800	6	0		
1689	16.8900	6	10		
1690	16.9000	6	19		
1691	16.9100	6	29		
1692	16.9200	6	38		
1693	16.9300	6	47		
1694	16.9400	6	56		
1695	16.9500	6	65		
1696	16.9600	6	74		
1697	16.9700	6	82		
1698	16.9800	6	91		
1699	16.9900	6	98		
1700	17.0000	6	106		
1701	17.0100	6	113		
1702	17.0200	6	120		
1703	17.0300	6	126		
1704	17.0400	6	132		
1705	17.0500	6	137		
1706	17.0600	6	137		
1707	17.0700	6	137		
1708	17.0800	6	137		
1709	17.0900	6	137		
1710	17.1000	6	137		
1711	17.1100	6	137		
1712	17.1200	6	137		
1713	17.1300	6	137		
1714	17.1400	6	137		
1715	17.1500	6	137		
1716	17.1600	6	137		
1717	17.1700	6	137		
1718	17.1800	6	137		
1719	17.1900	6	137		
1720	17.2000	6	137		
