#	time(s)	count A	count B	count C	count D
1	0.0100	2	9		
2	0.0200	2	8		
3	0.0300	2	8		
4	0.0400	2	7		
5	0.0500	2	6		
6	0.0600	2	6		
7	0.0700	2	6		
8	0.0800	2	5		
9	0.0900	3	4		
10	0.1000	3	4		
11	0.1100	3	4		
12	0.1200	3	3		
13	0.1300	4	3		
14	0.1400	4	3		
15	0.1500	4	2		
16	0.1600	4	2		
17	0.1700	4	2		
18	0.1800	4	2		
19	0.1900	4	2		
20	0.2000	5	2		
21	0.2100	5	1		
22	0.2200	6	1		
23	0.2300	6	1		
24	0.2400	6	2		
25	0.2500	6	2		
26	0.2600	6	2		
27	0.2700	7	2		
28	0.2800	7	2		
29	0.2900	8	2		
30	0.3000	8	3		
31	0.3100	8	3		
32	0.3200	8	4		
33	0.3300	8	4		
34	0.3400	9	5		
35	0.3500	9	5		
36	0.3600	10	6		
37	0.3700	10	6		
38	0.3800	10	7		
39	0.3900	10	8		
40	0.4000	10	8		
41	0.4100	10	9		
42	0.4200	11	10		
43	0.4300	11	11		
44	0.4400	11	12		
45	0.4500	12	12		
46	0.4600	12	13		
47	0.4700	12	14		
48	0.4800	12	15		
49	0.4900	12	16		
50	0.5000	12	17		
51	0.5100	12	18		
52	0.5200	12	19		
53	0.5300	12	20		
54	0.5400	12	20		
55	0.5500	12	21		
56	0.5600	12	22		
57	0.5700	12	23		
58	0.5800	12	24		
59	0.5900	12	24		
60	0.6000	12	25		
61	0.6100	12	26		
62	0.6200	12	26		
63	0.6300	12	27		
64	0.6400	12	28		
65	0.6500	12	28		
66	0.6600	12	29		
67	0.6700	12	29		
68	0.6800	12	29		
69	0.6900	11	30		
70	0.7000	11	30		
71	0.7100	11	30		
72	0.7200	10	30		
73	0.7300	10	30		
74	0.7400	10	30		
75	0.7500	10	30		
76	0.7600	10	30		
77	0.7700	9	30		
78	0.7800	9	30		
79	0.7900	8	29		
80	0.8000	8	29		
81	0.8100	8	28		
82	0.8200	8	28		
83	0.8300	8	28		
84	0.8400	7	27		
85	0.8500	7	26		
86	0.8600	6	25		
87	0.8700	6	25		
88	0.8800	6	24		
89	0.8900	6	23		
90	0.9000	6	22		
91	0.9100	5	21		
92	0.9200	5	20		
93	0.9300	5	19		
94	0.9400	4	18		
95	0.9500	4	17		
96	0.9600	4	16		
97	0.9700	4	14		
98	0.9800	4	13		
99	0.9900	4	12		
100	1.0000	3	11		
101	1.0100	3	10		
102	1.0200	3	8		
103	1.0300	3	7		
104	1.0400	3	6		
105	1.0500	2	5		
106	1.0600	2	4		
107	1.0700	2	3		
108	1.0800	2	2		
109	1.0900	2	1		
110	1.1000	2	0		
111	1.1100	2	-2		
112	1.1200	2	-2		
113	1.1300	2	-3		
114	1.1400	2	-4		
115	1.1500	2	-5		
116	1.1600	2	-6		
117	1.1700	2	-6		
118	1.1800	3	-7		
119	1.1900	3	-7		
120	1.2000	3	-8		
121	1.2100	3	-8		
122	1.2200	4	-8		
123	1.2300	4	-8		
124	1.2400	4	-9		
125	1.2500	4	-9		
126	1.2600	4	-9		
127	1.2700	4	-8		
128	1.2800	4	-8		
129	1.2900	5	-8		
130	1.3000	5	-8		
131	1.3100	6	-7		
132	1.3200	6	-7		
133	1.3300	6	-6		
134	1.3400	6	-5		
135	1.3500	6	-5		
136	1.3600	7	-4		
137	1.3700	7	-3		
138	1.3800	8	-2		
139	1.3900	8	-1		
140	1.4000	8	0		
141	1.4100	8	1		
142	1.4200	8	3		
143	1.4300	9	4		
144	1.4400	9	5		
145	1.4500	10	6		
146	1.4600	10	8		
147	1.4700	10	9		
148	1.4800	10	11		
149	1.4900	10	12		
150	1.5000	10	14		
151	1.5100	11	15		
152	1.5200	11	16		
153	1.5300	12	18		
154	1.5400	12	19		
155	1.5500	12	21		
156	1.5600	12	22		
157	1.5700	12	24		
158	1.5800	12	25		
159	1.5900	12	26		
160	1.6000	12	28		
161	1.6100	12	29		
162	1.6200	12	30		
163	1.6300	12	31		
164	1.6400	12	32		
165	1.6500	12	33		
166	1.6600	12	34		
167	1.6700	12	35		
168	1.6800	12	36		
169	1.6900	12	36		
170	1.7000	12	37		
171	1.7100	12	38		
172	1.7200	12	38		
173	1.7300	12	38		
174	1.7400	12	39		
175	1.7500	12	39		
176	1.7600	12	39		
177	1.7700	12	39		
178	1.7800	11	39		
179	1.7900	11	39		
180	1.8000	10	38		
181	1.8100	10	38		
182	1.8200	10	38		
183	1.8300	10	37		
184	1.8400	10	36		
185	1.8500	10	36		
186	1.8600	9	35		
187	1.8700	9	34		
188	1.8800	8	33		
189	1.8900	8	32		
190	1.9000	8	30		
191	1.9100	8	29		
192	1.9200	8	28		
193	1.9300	7	27		
194	1.9400	7	25		
195	1.9500	6	24		
196	1.9600	6	22		
197	1.9700	6	21		
198	1.9800	6	19		
199	1.9900	6	17		
200	2.0000	5	16		
201	2.0100	5	14		
202	2.0200	4	12		
203	2.0300	4	11		
204	2.0400	4	9		
205	2.0500	4	7		
206	2.0600	4	6		
207	2.0700	4	4		
208	2.0800	4	2		
209	2.0900	3	1		
210	2.1000	3	-1		
211	2.1100	3	-2		
212	2.1200	3	-4		
213	2.1300	2	-5		
214	2.1400	2	-6		
215	2.1500	2	-8		
216	2.1600	2	-9		
217	2.1700	2	-10		
218	2.1800	2	-11		
219	2.1900	2	-12		
220	2.2000	2	-13		
221	2.2100	2	-13		
222	2.2200	2	-14		
223	2.2300	2	-15		
224	2.2400	2	-15		
225	2.2500	2	-15		
226	2.2600	2	-16		
227	2.2700	3	-16		
228	2.2800	3	-16		
229	2.2900	3	-16		
230	2.3000	4	-16		
231	2.3100	4	-15		
232	2.3200	4	-15		
233	2.3300	4	-14		
234	2.3400	4	-14		
235	2.3500	4	-13		
236	2.3600	4	-12		
237	2.3700	5	-11		
238	2.3800	5	-10		
239	2.3900	6	-9		
240	2.4000	6	-8		
241	2.4100	6	-7		
242	2.4200	6	-6		
243	2.4300	6	-4		
244	2.4400	7	-3		
245	2.4500	7	-1		
246	2.4600	8	1		
247	2.4700	8	2		
248	2.4800	8	4		
249	2.4900	8	6		
250	2.5000	8	8		
251	2.5100	9	9		
252	2.5200	9	11		
253	2.5300	10	13		
254	2.5400	10	15		
255	2.5500	10	17		
256	2.5600	10	18		
257	2.5700	10	20		
258	2.5800	10	22		
259	2.5900	11	24		
260	2.6000	11	26		
261	2.6100	11	27		
262	2.6200	12	29		
263	2.6300	12	30		
264	2.6400	12	32		
265	2.6500	12	34		
266	2.6600	12	35		
267	2.6700	12	36		
268	2.6800	12	38		
269	2.6900	12	39		
270	2.7000	12	40		
271	2.7100	12	41		
272	2.7200	12	42		
273	2.7300	12	42		
274	2.7400	12	43		
275	2.7500	12	44		
276	2.7600	12	44		
277	2.7700	12	44		
278	2.7800	12	44		
279	2.7900	12	44		
280	2.8000	12	44		
281	2.8100	12	44		
282	2.8200	12	44		
283	2.8300	12	44		
284	2.8400	12	43		
285	2.8500	12	43		
286	2.8600	12	42		
287	2.8700	11	41		
288	2.8800	11	40		
289	2.8900	10	39		
290	2.9000	10	38		
291	2.9100	10	37		
292	2.9200	10	36		
293	2.9300	10	34		
294	2.9400	10	33		
295	2.9500	9	31		
296	2.9600	9	29		
297	2.9700	8	28		
298	2.9800	8	26		
299	2.9900	8	24		
300	3.0000	8	22		
301	3.0100	8	20		
302	3.0200	7	18		
303	3.0300	7	17		
304	3.0400	6	15		
305	3.0500	6	13		
306	3.0600	6	11		
307	3.0700	6	9		
308	3.0800	6	7		
309	3.0900	5	5		
310	3.1000	5	3		
311	3.1100	4	1		
312	3.1200	4	0		
313	3.1300	4	-2		
314	3.1400	4	-4		
315	3.1500	4	-6		
316	3.1600	4	-7		
317	3.1700	4	-9		
318	3.1800	3	-10		
319	3.1900	3	-12		
320	3.2000	3	-13		
321	3.2100	2	-14		
322	3.2200	2	-15		
323	3.2300	2	-16		
324	3.2400	2	-17		
325	3.2500	2	-18		
326	3.2600	2	-18		
327	3.2700	2	-19		
328	3.2800	2	-19		
329	3.2900	2	-19		
330	3.3000	2	-19		
331	3.3100	2	-19		
332	3.3200	2	-19		
333	3.3300	2	-19		
334	3.3400	2	-19		
335	3.3500	3	-18		
336	3.3600	3	-18		
337	3.3700	3	-17		
338	3.3800	3	-16		
339	3.3900	4	-15		
340	3.4000	4	-14		
341	3.4100	4	-13		
342	3.4200	4	-12		
343	3.4300	4	-11		
344	3.4400	4	-9		
345	3.4500	4	-8		
346	3.4600	5	-6		
347	3.4700	5	-4		
348	3.4800	6	-3		
349	3.4900	6	-1		
350	3.5000	6	1		
351	3.5100	6	3		
352	3.5200	6	5		
353	3.5300	7	7		
354	3.5400	7	8		
355	3.5500	8	10		
356	3.5600	8	13		
357	3.5700	8	15		
358	3.5800	8	17		
359	3.5900	8	18		
360	3.6000	9	20		
361	3.6100	9	22		
362	3.6200	10	24		
363	3.6300	10	26		
364	3.6400	10	28		
365	3.6500	10	30		
366	3.6600	10	32		
367	3.6700	10	33		
368	3.6800	11	35		
369	3.6900	11	36		
370	3.7000	12	38		
371	3.7100	12	39		
372	3.7200	12	40		
373	3.7300	12	41		
374	3.7400	12	42		
375	3.7500	12	43		
376	3.7600	12	44		
377	3.7700	12	44		
378	3.7800	12	45		
379	3.7900	12	46		
380	3.8000	12	46		
381	3.8100	12	46		
382	3.8200	12	46		
383	3.8300	12	46		
384	3.8400	12	46		
385	3.8500	12	46		
386	3.8600	12	45		
387	3.8700	12	45		
388	3.8800	12	44		
389	3.8900	12	43		
390	3.9000	12	42		
391	3.9100	12	41		
392	3.9200	12	40		
393	3.9300	12	39		
394	3.9400	12	38		
395	3.9500	11	36		
396	3.9600	11	35		
397	3.9700	11	34		
398	3.9800	10	32		
399	3.9900	10	30		
400	4.0000	10	28		
401	4.0100	10	27		
402	4.0200	10	25		
403	4.0300	9	23		
404	4.0400	9	21		
405	4.0500	8	19		
406	4.0600	8	17		
407	4.0700	8	15		
408	4.0800	8	13		
409	4.0900	8	11		
410	4.1000	7	9		
411	4.1100	7	7		
412	4.1200	6	5		
413	4.1300	6	3		
414	4.1400	6	2		
415	4.1500	6	0		
416	4.1600	6	-2		
417	4.1700	5	-4		
418	4.1800	5	-6		
419	4.1900	4	-7		
420	4.2000	4	-8		
421	4.2100	4	-10		
422	4.2200	4	-11		
423	4.2300	4	-12		
424	4.2400	4	-14		
425	4.2500	4	-15		
426	4.2600	3	-16		
427	4.2700	3	-16		
428	4.2800	3	-17		
429	4.2900	3	-18		
430	4.3000	2	-18		
431	4.3100	2	-18		
432	4.3200	2	-19		
433	4.3300	2	-19		
434	4.3400	2	-19		
435	4.3500	2	-19		
436	4.3600	2	-18		
437	4.3700	2	-18		
438	4.3800	2	-18		
439	4.3900	2	-17		
440	4.4000	2	-16		
441	4.4100	2	-16		
442	4.4200	2	-15		
443	4.4300	2	-14		
444	4.4400	3	-13		
445	4.4500	3	-11		
446	4.4600	3	-10		
447	4.4700	3	-9		
448	4.4800	4	-7		
449	4.4900	4	-6		
450	4.5000	4	-4		
451	4.5100	4	-2		
452	4.5200	4	-1		
453	4.5300	4	1		
454	4.5400	5	3		
455	4.5500	5	5		
456	4.5600	6	6		
457	4.5700	6	8		
458	4.5800	6	10		
459	4.5900	6	12		
460	4.6000	6	14		
461	4.6100	6	16		
462	4.6200	7	18		
463	4.6300	8	20		
464	4.6400	8	22		
465	4.6500	8	23		
466	4.6600	8	25		
467	4.6700	8	27		
468	4.6800	9	28		
469	4.6900	9	30		
470	4.7000	10	32		
471	4.7100	10	33		
472	4.7200	10	34		
473	4.7300	10	36		
474	4.7400	10	37		
475	4.7500	10	38		
476	4.7600	11	39		
477	4.7700	11	40		
478	4.7800	11	41		
479	4.7900	12	42		
480	4.8000	12	42		
481	4.8100	12	43		
482	4.8200	12	43		
483	4.8300	12	43		
484	4.8400	12	44		
485	4.8500	12	44		
486	4.8600	12	44		
487	4.8700	12	43		
488	4.8800	12	43		
489	4.8900	12	43		
490	4.9000	12	42		
491	4.9100	12	42		
492	4.9200	12	41		
493	4.9300	12	40		
494	4.9400	12	39		
495	4.9500	12	38		
496	4.9600	12	37		
497	4.9700	12	36		
498	4.9800	12	35		
499	4.9900	12	33		
500	5.0000	12	32		
501	5.0100	12	30		
502	5.0200	12	29		
503	5.0300	11	27		
504	5.0400	11	26		
505	5.0500	11	24		
506	5.0600	10	22		
507	5.0700	10	21		
508	5.0800	10	19		
509	5.0900	10	17		
510	5.1000	10	15		
511	5.1100	10	14		
512	5.1200	9	12		
513	5.1300	9	10		
514	5.1400	8	8		
515	5.1500	8	7		
516	5.1600	8	5		
517	5.1700	8	3		
518	5.1800	8	2		
519	5.1900	7	0		
520	5.2000	6	-1		
521	5.2100	6	-3		
522	5.2200	6	-4		
523	5.2300	6	-6		
524	5.2400	6	-7		
525	5.2500	6	-8		
526	5.2600	5	-9		
527	5.2700	5	-10		
528	5.2800	4	-11		
529	5.2900	4	-12		
530	5.3000	4	-12		
531	5.3100	4	-13		
532	5.3200	4	-13		
533	5.3300	4	-14		
534	5.3400	4	-14		
535	5.3500	3	-14		
536	5.3600	3	-14		
537	5.3700	3	-14		
538	5.3800	3	-14		
539	5.3900	2	-14		
540	5.4000	2	-14		
541	5.4100	2	-13		
542	5.4200	2	-13		
543	5.4300	2	-12		
544	5.4400	2	-12		
545	5.4500	2	-11		
546	5.4600	2	-10		
547	5.4700	2	-9		
548	5.4800	2	-8		
549	5.4900	2	-7		
550	5.5000	2	-6		
551	5.5100	2	-4		
552	5.5200	3	-3		
553	5.5300	3	-2		
554	5.5400	3	0		
555	5.5500	3	1		
556	5.5600	4	2		
557	5.5700	4	4		
558	5.5800	4	6		
559	5.5900	4	7		
560	5.6000	4	9		
561	5.6100	4	10		
562	5.6200	4	12		
563	5.6300	5	13		
564	5.6400	5	15		
565	5.6500	6	16		
566	5.6600	6	18		
567	5.6700	6	20		
568	5.6800	6	21		
569	5.6900	6	22		
570	5.7000	7	24		
571	5.7100	7	25		
572	5.7200	8	26		
573	5.7300	8	28		
574	5.7400	8	29		
575	5.7500	8	30		
576	5.7600	8	31		
577	5.7700	9	32		
578	5.7800	9	33		
579	5.7900	10	34		
580	5.8000	10	34		
581	5.8100	10	35		
582	5.8200	10	36		
583	5.8300	10	36		
584	5.8400	10	37		
585	5.8500	11	37		
586	5.8600	11	37		
587	5.8700	12	37		
588	5.8800	12	37		
589	5.8900	12	37		
590	5.9000	12	37		
591	5.9100	12	37		
592	5.9200	12	37		
593	5.9300	12	36		
594	5.9400	12	36		
595	5.9500	12	35		
596	5.9600	12	34		
597	5.9700	12	34		
598	5.9800	12	33		
599	5.9900	12	32		
600	6.0000	12	31		
601	6.0100	12	30		
602	6.0200	12	29		
603	6.0300	12	28		
604	6.0400	12	27		
605	6.0500	12	26		
606	6.0600	12	25		
607	6.0700	12	24		
608	6.0800	12	22		
609	6.0900	12	21		
610	6.1000	12	20		
611	6.1100	12	18		
612	6.1200	11	17		
613	6.1300	11	16		
614	6.1400	11	14		
615	6.1500	10	13		
616	6.1600	10	12		
617	6.1700	10	10		
618	6.1800	10	9		
619	6.1900	10	8		
620	6.2000	9	6		
621	6.2100	9	5		
622	6.2200	8	4		
623	6.2300	8	3		
624	6.2400	8	2		
625	6.2500	8	1		
626	6.2600	8	0		
627	6.2700	7	-1		
628	6.2800	7	-2		
629	6.2900	6	-2		
630	6.3000	6	-3		
631	6.3100	6	-4		
632	6.3200	6	-4		
633	6.3300	6	-5		
634	6.3400	5	-5		
635	6.3500	5	-6		
636	6.3600	5	-6		
637	6.3700	4	-6		
638	6.3800	4	-6		
639	6.3900	4	-6		
640	6.4000	4	-6		
641	6.4100	4	-6		
642	6.4200	4	-6		
643	6.4300	3	-6		
644	6.4400	3	-6		
645	6.4500	3	-6		
646	6.4600	3	-5		
647	6.4700	3	-5		
648	6.4800	2	-4		
649	6.4900	2	-4		
650	6.5000	2	-3		
651	6.5100	2	-2		
652	6.5200	2	-2		
653	6.5300	2	-1		
654	6.5400	2	0		
655	6.5500	2	1		
656	6.5600	2	2		
657	6.5700	2	3		
658	6.5800	2	4		
659	6.5900	2	5		
660	6.6000	2	6		
661	6.6100	3	7		
662	6.6200	3	8		
663	6.6300	3	9		
664	6.6400	4	10		
665	6.6500	4	11		
666	6.6600	4	12		
667	6.6700	4	13		
668	6.6800	4	14		
669	6.6900	4	15		
670	6.7000	4	16		
671	6.7100	5	17		
672	6.7200	5	18		
673	6.7300	5	19		
674	6.7400	6	20		
675	6.7500	6	21		
676	6.7600	6	22		
677	6.7700	6	22		
678	6.7800	6	23		
679	6.7900	7	24		
680	6.8000	7	24		
681	6.8100	8	25		
682	6.8200	8	26		
683	6.8300	8	26		
684	6.8400	8	27		
685	6.8500	8	27		
686	6.8600	9	27		
687	6.8700	9	28		
688	6.8800	10	28		
689	6.8900	10	28		
690	6.9000	10	28		
691	6.9100	10	28		
692	6.9200	10	28		
693	6.9300	10	28		
694	6.9400	11	28		
695	6.9500	11	28		
696	6.9600	12	28		
697	6.9700	12	27		
698	6.9800	12	27		
699	6.9900	12	27		
700	7.0000	12	26		
701	7.0100	12	26		
702	7.0200	12	25		
703	7.0300	12	25		
704	7.0400	12	24		
705	7.0500	12	24		
706	7.0600	12	23		
707	7.0700	12	22		
708	7.0800	12	22		
709	7.0900	12	21		
710	7.1000	12	20		
711	7.1100	12	20		
712	7.1200	12	19		
713	7.1300	12	18		
714	7.1400	12	18		
715	7.1500	12	17		
716	7.1600	12	16		
717	7.1700	12	15		
718	7.1800	12	14		
719	7.1900	12	14		
720	7.2000	12	13		
721	7.2100	11	12		
722	7.2200	11	12		
723	7.2300	10	11		
724	7.2400	10	10		
725	7.2500	10	10		
726	7.2600	10	9		
727	7.2700	10	8		
728	7.2800	10	8		
729	7.2900	9	8		
730	7.3000	9	7		
731	7.3100	8	6		
732	7.3200	8	6		
733	7.3300	8	6		
734	7.3400	8	5		
735	7.3500	8	5		
736	7.3600	7	5		
737	7.3700	7	4		
738	7.3800	6	4		
739	7.3900	6	4		
740	7.4000	6	4		
741	7.4100	6	4		
742	7.4200	6	4		
743	7.4300	5	4		
744	7.4400	5	4		
745	7.4500	4	4		
746	7.4600	4	4		
747	7.4700	4	4		
748	7.4800	4	4		
749	7.4900	4	4		
750	7.5000	4	4		
751	7.5100	4	4		
752	7.5200	3	5		
753	7.5300	3	5		
754	7.5400	3	5		
755	7.5500	3	6		
756	7.5600	2	6		
757	7.5700	2	6		
758	7.5800	2	6		
759	7.5900	2	7		
760	7.6000	2	7		
761	7.6100	2	8		
762	7.6200	2	8		
763	7.6300	2	8		
764	7.6400	2	9		
765	7.6500	2	9		
766	7.6600	2	10		
767	7.6700	2	10		
768	7.6800	2	10		
769	7.6900	3	11		
770	7.7000	3	11		
771	7.7100	3	12		
772	7.7200	3	12		
773	7.7300	4	12		
774	7.7400	4	13		
775	7.7500	4	13		
776	7.7600	4	14		
777	7.7700	4	14		
778	7.7800	4	14		
779	7.7900	4	14		
780	7.8000	5	15		
781	7.8100	5	15		
782	7.8200	6	15		
783	7.8300	6	16		
784	7.8400	6	16		
785	7.8500	6	16		
786	7.8600	6	16		
787	7.8700	6	16		
788	7.8800	7	16		
789	7.8900	8	17		
790	7.9000	8	17		
791	7.9100	8	17		
792	7.9200	8	17		
793	7.9300	8	17		
794	7.9400	9	17		
795	7.9500	9	17		
796	7.9600	10	17		
797	7.9700	10	18		
798	7.9800	10	18		
799	7.9900	10	18		
800	8.0000	10	18		
801	8.0100	10	18		
802	8.0200	11	18		
803	8.0300	11	18		
804	8.0400	11	18		
805	8.0500	12	18		
806	8.0600	12	18		
807	8.0700	12	17		
808	8.0800	12	17		
809	8.0900	12	17		
810	8.1000	12	17		
811	8.1100	12	17		
812	8.1200	12	17		
813	8.1300	12	17		
814	8.1400	12	17		
815	8.1500	12	17		
816	8.1600	12	17		
817	8.1700	12	17		
818	8.1800	12	17		
819	8.1900	12	17		
820	8.2000	12	17		
821	8.2100	12	17		
822	8.2200	12	17		
823	8.2300	12	16		
824	8.2400	12	16		
825	8.2500	12	16		
826	8.2600	12	16		
827	8.2700	12	16		
828	8.2800	12	16		
829	8.2900	11	16		
830	8.3000	11	16		
831	8.3100	11	16		
832	8.3200	10	16		
833	8.3300	10	16		
834	8.3400	10	16		
835	8.3500	10	16		
836	8.3600	10	16		
837	8.3700	10	16		
838	8.3800	9	16		
839	8.3900	9	16		
840	8.4000	8	16		
841	8.4100	8	15		
842	8.4200	8	15		
843	8.4300	8	15		
844	8.4400	8	15		
845	8.4500	7	15		
846	8.4600	7	15		
847	8.4700	6	15		
848	8.4800	6	14		
849	8.4900	6	14		
850	8.5000	6	14		
851	8.5100	6	14		
852	8.5200	5	14		
853	8.5300	5	14		
854	8.5400	4	14		
855	8.5500	4	13		
856	8.5600	4	13		
857	8.5700	4	13		
858	8.5800	4	13		
859	8.5900	4	12		
860	8.6000	4	12		
861	8.6100	3	12		
862	8.6200	3	12		
863	8.6300	3	11		
864	8.6400	3	11		
865	8.6500	2	11		
866	8.6600	2	10		
867	8.6700	2	10		
868	8.6800	2	10		
869	8.6900	2	10		
870	8.7000	2	9		
871	8.7100	2	9		
872	8.7200	2	9		
873	8.7300	2	8		
874	8.7400	2	8		
875	8.7500	2	8		
876	8.7600	2	8		
877	8.7700	2	7		
878	8.7800	3	7		
879	8.7900	3	7		
880	8.8000	3	7		
881	8.8100	3	6		
882	8.8200	4	6		
883	8.8300	4	6		
884	8.8400	4	6		
885	8.8500	4	6		
886	8.8600	4	6		
887	8.8700	4	6		
888	8.8800	4	6		
889	8.8900	5	6		
890	8.9000	5	5		
891	8.9100	6	5		
892	8.9200	6	5		
893	8.9300	6	6		
894	8.9400	6	6		
895	8.9500	6	6		
896	8.9600	7	6		
897	8.9700	7	6		
898	8.9800	8	6		
899	8.9900	8	6		
900	9.0000	8	7		
901	9.0100	8	7		
902	9.0200	8	7		
903	9.0300	9	8		
904	9.0400	9	8		
905	9.0500	10	8		
906	9.0600	10	9		
907	9.0700	10	9		
908	9.0800	10	10		
909	9.0900	10	10		
910	9.1000	10	11		
911	9.1100	11	11		
912	9.1200	11	12		
913	9.1300	11	12		
914	9.1400	12	13		
915	9.1500	12	14		
916	9.1600	12	14		
917	9.1700	12	15		
918	9.1800	12	16		
919	9.1900	12	16		
920	9.2000	12	17		
921	9.2100	12	17		
922	9.2200	12	18		
923	9.2300	12	18		
924	9.2400	12	19		
925	9.2500	12	20		
926	9.2600	12	20		
927	9.2700	12	21		
928	9.2800	12	22		
929	9.2900	12	22		
930	9.3000	12	22		
931	9.3100	12	23		
932	9.3200	12	23		
933	9.3300	12	24		
934	9.3400	12	24		
935	9.3500	12	25		
936	9.3600	12	25		
937	9.3700	12	25		
938	9.3800	11	26		
939	9.3900	11	26		
940	9.4000	11	26		
941	9.4100	10	26		
942	9.4200	10	26		
943	9.4300	10	26		
944	9.4400	10	26		
945	9.4500	10	26		
946	9.4600	10	26		
947	9.4700	9	26		
948	9.4800	9	26		
949	9.4900	8	25		
950	9.5000	8	25		
951	9.5100	8	25		
952	9.5200	8	24		
953	9.5300	8	24		
954	9.5400	7	23		
955	9.5500	6	23		
956	9.5600	6	22		
957	9.5700	6	22		
958	9.5800	6	21		
959	9.5900	6	20		
960	9.6000	6	20		
961	9.6100	5	19		
962	9.6200	5	18		
963	9.6300	4	17		
964	9.6400	4	16		
965	9.6500	4	16		
966	9.6600	4	15		
967	9.6700	4	14		
968	9.6800	4	13		
969	9.6900	4	12		
970	9.7000	3	11		
971	9.7100	3	10		
972	9.7200	3	9		
973	9.7300	3	8		
974	9.7400	2	7		
975	9.7500	2	6		
976	9.7600	2	6		
977	9.7700	2	5		
978	9.7800	2	4		
979	9.7900	2	3		
980	9.8000	2	2		
981	9.8100	2	1		
982	9.8200	2	0		
983	9.8300	2	0		
984	9.8400	2	-1		
985	9.8500	2	-2		
986	9.8600	2	-2		
987	9.8700	3	-2		
988	9.8800	3	-3		
989	9.8900	3	-3		
990	9.9000	3	-4		
991	9.9100	4	-4		
992	9.9200	4	-4		
993	9.9300	4	-4		
994	9.9400	4	-5		
995	9.9500	4	-5		
996	9.9600	4	-5		
997	9.9700	4	-4		
998	9.9800	5	-4		
999	9.9900	5	-4		
1000	10.0000	6	-4		
1001	10.0100	6	-4		
1002	10.0200	6	-3		
1003	10.0300	6	-3		
1004	10.0400	6	-2		
1005	10.0500	7	-2		
1006	10.0600	7	-1		
1007	10.0700	8	0		
1008	10.0800	8	1		
1009	10.0900	8	2		
1010	10.1000	8	2		
1011	10.1100	8	3		
1012	10.1200	9	4		
1013	10.1300	9	5		
1014	10.1400	10	6		
1015	10.1500	10	7		
1016	10.1600	10	8		
1017	10.1700	10	10		
1018	10.1800	10	11		
1019	10.1900	10	12		
1020	10.2000	11	13		
1021	10.2100	11	14		
1022	10.2200	12	16		
1023	10.2300	12	17		
1024	10.2400	12	18		
1025	10.2500	12	19		
1026	10.2600	12	20		
1027	10.2700	12	22		
1028	10.2800	12	23		
1029	10.2900	12	24		
1030	10.3000	12	25		
1031	10.3100	12	26		
1032	10.3200	12	27		
1033	10.3300	12	28		
1034	10.3400	12	29		
1035	10.3500	12	30		
1036	10.3600	12	31		
1037	10.3700	12	32		
1038	10.3800	12	32		
1039	10.3900	12	33		
1040	10.4000	12	34		
1041	10.4100	12	34		
1042	10.4200	12	34		
1043	10.4300	12	35		
1044	10.4400	12	35		
1045	10.4500	12	35		
1046	10.4600	12	35		
1047	10.4700	11	35		
1048	10.4800	11	35		
1049	10.4900	10	35		
1050	10.5000	10	35		
1051	10.5100	10	35		
1052	10.5200	10	34		
1053	10.5300	10	34		
1054	10.5400	10	33		
1055	10.5500	9	33		
1056	10.5600	9	32		
1057	10.5700	8	31		
1058	10.5800	8	30		
1059	10.5900	8	30		
1060	10.6000	8	29		
1061	10.6100	8	28		
1062	10.6200	7	26		
1063	10.6300	7	25		
1064	10.6400	6	24		
1065	10.6500	6	23		
1066	10.6600	6	22		
1067	10.6700	6	20		
1068	10.6800	6	19		
1069	10.6900	5	18		
1070	10.7000	5	16		
1071	10.7100	4	15		
1072	10.7200	4	13		
1073	10.7300	4	12		
1074	10.7400	4	10		
1075	10.7500	4	9		
1076	10.7600	4	7		
1077	10.7700	4	6		
1078	10.7800	3	4		
1079	10.7900	3	3		
1080	10.8000	3	2		
1081	10.8100	3	0		
1082	10.8200	2	-1		
1083	10.8300	2	-2		
1084	10.8400	2	-3		
1085	10.8500	2	-4		
1086	10.8600	2	-6		
1087	10.8700	2	-6		
1088	10.8800	2	-8		
1089	10.8900	2	-8		
1090	10.9000	2	-9		
1091	10.9100	2	-10		
1092	10.9200	2	-11		
1093	10.9300	2	-11		
1094	10.9400	2	-12		
1095	10.9500	2	-12		
1096	10.9600	3	-12		
1097	10.9700	3	-12		
1098	10.9800	3	-13		
1099	10.9900	4	-13		
1100	11.0000	4	-13		
1101	11.0100	4	-12		
1102	11.0200	4	-12		
1103	11.0300	4	-12		
1104	11.0400	4	-11		
1105	11.0500	4	-11		
1106	11.0600	5	-10		
1107	11.0700	5	-9		
1108	11.0800	6	-8		
1109	11.0900	6	-8		
1110	11.1000	6	-7		
1111	11.1100	6	-6		
1112	11.1200	6	-4		
1113	11.1300	6	-3		
1114	11.1400	7	-2		
1115	11.1500	8	0		
1116	11.1600	8	1		
1117	11.1700	8	2		
1118	11.1800	8	4		
1119	11.1900	8	5		
1120	11.2000	9	7		
1121	11.2100	9	8		
1122	11.2200	10	10		
1123	11.2300	10	12		
1124	11.2400	10	14		
1125	11.2500	10	15		
1126	11.2600	10	17		
1127	11.2700	10	18		
1128	11.2800	11	20		
1129	11.2900	11	22		
1130	11.3000	11	23		
1131	11.3100	12	25		
1132	11.3200	12	26		
1133	11.3300	12	28		
1134	11.3400	12	29		
1135	11.3500	12	31		
1136	11.3600	12	32		
1137	11.3700	12	33		
1138	11.3800	12	34		
1139	11.3900	12	36		
1140	11.4000	12	36		
1141	11.4100	12	38		
1142	11.4200	12	38		
1143	11.4300	12	39		
1144	11.4400	12	40		
1145	11.4500	12	40		
1146	11.4600	12	41		
1147	11.4700	12	41		
1148	11.4800	12	42		
1149	11.4900	12	42		
1150	11.5000	12	42		
1151	11.5100	12	42		
1152	11.5200	12	42		
1153	11.5300	12	42		
1154	11.5400	12	41		
1155	11.5500	11	41		
1156	11.5600	11	40		
1157	11.5700	11	40		
1158	11.5800	10	39		
1159	11.5900	10	38		
1160	11.6000	10	37		
1161	11.6100	10	36		
1162	11.6200	10	35		
1163	11.6300	10	34		
1164	11.6400	9	32		
1165	11.6500	9	31		
1166	11.6600	8	29		
1167	11.6700	8	28		
1168	11.6800	8	26		
1169	11.6900	8	25		
1170	11.7000	8	23		
1171	11.7100	7	21		
1172	11.7200	7	20		
1173	11.7300	6	18		
1174	11.7400	6	16		
1175	11.7500	6	14		
1176	11.7600	6	12		
1177	11.7700	6	11		
1178	11.7800	5	9		
1179	11.7900	5	7		
1180	11.8000	4	5		
1181	11.8100	4	4		
1182	11.8200	4	2		
1183	11.8300	4	0		
1184	11.8400	4	-1		
1185	11.8500	4	-3		
1186	11.8600	4	-4		
1187	11.8700	3	-6		
1188	11.8800	3	-7		
1189	11.8900	3	-9		
1190	11.9000	3	-10		
1191	11.9100	2	-11		
1192	11.9200	2	-12		
1193	11.9300	2	-13		
1194	11.9400	2	-14		
1195	11.9500	2	-15		
1196	11.9600	2	-16		
1197	11.9700	2	-16		
1198	11.9800	2	-17		
1199	11.9900	2	-17		
1200	12.0000	2	-17		
1201	12.0100	2	-17		
1202	12.0200	2	-17		
1203	12.0300	2	-17		
1204	12.0400	2	-17		
1205	12.0500	3	-17		
1206	12.0600	3	-16		
1207	12.0700	3	-16		
1208	12.0800	4	-15		
1209	12.0900	4	-14		
1210	12.1000	4	-14		
1211	12.1100	4	-13		
1212	12.1200	4	-12		
1213	12.1300	4	-10		
1214	12.1400	4	-9		
1215	12.1500	5	-8		
1216	12.1600	5	-6		
1217	12.1700	6	-5		
1218	12.1800	6	-4		
1219	12.1900	6	-2		
1220	12.2000	6	0		
1221	12.2100	6	2		
1222	12.2200	7	3		
1223	12.2300	7	5		
1224	12.2400	8	7		
1225	12.2500	8	9		
1226	12.2600	8	11		
1227	12.2700	8	12		
1228	12.2800	8	14		
1229	12.2900	9	16		
1230	12.3000	9	18		
1231	12.3100	10	20		
1232	12.3200	10	22		
1233	12.3300	10	24		
1234	12.3400	10	26		
1235	12.3500	10	27		
1236	12.3600	10	29		
1237	12.3700	11	30		
1238	12.3800	11	32		
1239	12.3900	12	34		
1240	12.4000	12	35		
1241	12.4100	12	36		
1242	12.4200	12	38		
1243	12.4300	12	39		
1244	12.4400	12	40		
1245	12.4500	12	41		
1246	12.4600	12	42		
1247	12.4700	12	42		
1248	12.4800	12	43		
1249	12.4900	12	44		
1250	12.5000	12	44		
1251	12.5100	12	44		
1252	12.5200	12	45		
1253	12.5300	12	45		
1254	12.5400	12	45		
1255	12.5500	12	45		
1256	12.5600	12	44		
1257	12.5700	12	44		
1258	12.5800	12	44		
1259	12.5900	12	43		
1260	12.6000	12	42		
1261	12.6100	12	41		
1262	12.6200	12	40		
1263	12.6300	12	40		
1264	12.6400	11	38		
1265	12.6500	11	37		
1266	12.6600	11	36		
1267	12.6700	10	34		
1268	12.6800	10	33		
1269	12.6900	10	32		
1270	12.7000	10	30		
1271	12.7100	10	28		
1272	12.7200	9	26		
1273	12.7300	9	25		
1274	12.7400	9	23		
1275	12.7500	8	21		
1276	12.7600	8	19		
1277	12.7700	8	17		
1278	12.7800	8	15		
1279	12.7900	7	14		
1280	12.8000	7	12		
1281	12.8100	6	10		
1282	12.8200	6	8		
1283	12.8300	6	6		
1284	12.8400	6	4		
1285	12.8500	6	2		
1286	12.8600	5	0		
1287	12.8700	5	-1		
1288	12.8800	4	-3		
1289	12.8900	4	-5		
1290	12.9000	4	-6		
1291	12.9100	4	-8		
1292	12.9200	4	-9		
1293	12.9300	4	-10		
1294	12.9400	4	-12		
1295	12.9500	3	-13		
1296	12.9600	3	-14		
1297	12.9700	3	-15		
1298	12.9800	3	-16		
1299	12.9900	2	-16		
1300	13.0000	2	-17		
1301	13.0100	2	-18		
1302	13.0200	2	-18		
1303	13.0300	2	-18		
1304	13.0400	2	-18		
1305	13.0500	2	-18		
1306	13.0600	2	-18		
1307	13.0700	2	-18		
1308	13.0800	2	-18		
1309	13.0900	2	-17		
1310	13.1000	2	-17		
1311	13.1100	2	-16		
1312	13.1200	2	-16		
1313	13.1300	3	-15		
1314	13.1400	3	-14		
1315	13.1500	3	-13		
1316	13.1600	3	-12		
1317	13.1700	4	-10		
1318	13.1800	4	-9		
1319	13.1900	4	-8		
1320	13.2000	4	-6		
1321	13.2100	4	-4		
1322	13.2200	4	-3		
1323	13.2300	4	-1		
1324	13.2400	5	0		
1325	13.2500	5	2		
1326	13.2600	6	4		
1327	13.2700	6	6		
1328	13.2800	6	8		
1329	13.2900	6	10		
1330	13.3000	6	12		
1331	13.3100	7	14		
1332	13.3200	7	15		
1333	13.3300	8	17		
1334	13.3400	8	19		
1335	13.3500	8	21		
1336	13.3600	8	23		
1337	13.3700	8	24		
1338	13.3800	9	26		
1339	13.3900	9	28		
1340	13.4000	10	30		
1341	13.4100	10	31		
1342	13.4200	10	33		
1343	13.4300	10	34		
1344	13.4400	10	35		
1345	13.4500	11	37		
1346	13.4600	11	38		
1347	13.4700	11	39		
1348	13.4800	12	40		
1349	13.4900	12	41		
1350	13.5000	12	42		
1351	13.5100	12	42		
1352	13.5200	12	43		
1353	13.5300	12	43		
1354	13.5400	12	44		
1355	13.5500	12	44		
1356	13.5600	12	44		
1357	13.5700	12	44		
1358	13.5800	12	44		
1359	13.5900	12	44		
1360	13.6000	12	43		
1361	13.6100	12	43		
1362	13.6200	12	42		
1363	13.6300	12	42		
1364	13.6400	12	41		
1365	13.6500	12	40		
1366	13.6600	12	39		
1367	13.6700	12	38		
1368	13.6800	12	37		
1369	13.6900	12	36		
1370	13.7000	12	34		
1371	13.7100	12	33		
1372	13.7200	12	31		
1373	13.7300	11	30		
1374	13.7400	11	28		
1375	13.7500	10	27		
1376	13.7600	10	25		
1377	13.7700	10	23		
1378	13.7800	10	22		
1379	13.7900	10	20		
1380	13.8000	10	18		
1381	13.8100	9	16		
1382	13.8200	9	14		
1383	13.8300	8	12		
1384	13.8400	8	11		
1385	13.8500	8	9		
1386	13.8600	8	7		
1387	13.8700	8	6		
1388	13.8800	7	4		
1389	13.8900	7	2		
1390	13.9000	6	0		
1391	13.9100	6	-1		
1392	13.9200	6	-3		
1393	13.9300	6	-4		
1394	13.9400	6	-6		
1395	13.9500	5	-7		
1396	13.9600	5	-8		
1397	13.9700	4	-9		
1398	13.9800	4	-10		
1399	13.9900	4	-11		
1400	14.0000	4	-12		
1401	14.0100	4	-13		
1402	14.0200	4	-14		
1403	14.0300	4	-14		
1404	14.0400	3	-15		
1405	14.0500	3	-15		
1406	14.0600	3	-15		
1407	14.0700	3	-16		
1408	14.0800	2	-16		
1409	14.0900	2	-16		
1410	14.1000	2	-16		
1411	14.1100	2	-15		
1412	14.1200	2	-15		
1413	14.1300	2	-14		
1414	14.1400	2	-14		
1415	14.1500	2	-13		
1416	14.1600	2	-12		
1417	14.1700	2	-12		
1418	14.1800	2	-11		
1419	14.1900	2	-10		
1420	14.2000	2	-8		
1421	14.2100	3	-7		
1422	14.2200	3	-6		
1423	14.2300	3	-5		
1424	14.2400	3	-4		
1425	14.2500	4	-2		
1426	14.2600	4	0		
1427	14.2700	4	1		
1428	14.2800	4	2		
1429	14.2900	4	4		
1430	14.3000	4	6		
1431	14.3100	4	7		
1432	14.3200	5	9		
1433	14.3300	5	11		
1434	14.3400	6	12		
1435	14.3500	6	14		
1436	14.3600	6	16		
1437	14.3700	6	17		
1438	14.3800	6	19		
1439	14.3900	7	20		
1440	14.4000	7	22		
1441	14.4100	8	24		
1442	14.4200	8	25		
1443	14.4300	8	26		
1444	14.4400	8	28		
1445	14.4500	8	29		
1446	14.4600	9	30		
1447	14.4700	9	32		
1448	14.4800	10	33		
1449	14.4900	10	34		
1450	14.5000	10	35		
1451	14.5100	10	36		
1452	14.5200	10	36		
1453	14.5300	10	37		
1454	14.5400	11	38		
1455	14.5500	11	38		
1456	14.5600	12	38		
1457	14.5700	12	39		
1458	14.5800	12	39		
1459	14.5900	12	39		
1460	14.6000	12	39		
1461	14.6100	12	39		
1462	14.6200	12	39		
1463	14.6300	12	39		
1464	14.6400	12	38		
1465	14.6500	12	38		
1466	14.6600	12	38		
1467	14.6700	12	37		
1468	14.6800	12	36		
1469	14.6900	12	35		
1470	14.7000	12	34		
1471	14.7100	12	34		
1472	14.7200	12	32		
1473	14.7300	12	32		
1474	14.7400	12	30		
1475	14.7500	12	29		
1476	14.7600	12	28		
1477	14.7700	12	27		
1478	14.7800	12	25		
1479	14.7900	12	24		
1480	14.8000	12	22		
1481	14.8100	11	21		
1482	14.8200	11	20		
1483	14.8300	11	18		
1484	14.8400	10	17		
1485	14.8500	10	15		
1486	14.8600	10	14		
1487	14.8700	10	12		
1488	14.8800	10	11		
1489	14.8900	9	10		
1490	14.9000	9	8		
1491	14.9100	8	7		
1492	14.9200	8	5		
1493	14.9300	8	4		
1494	14.9400	8	3		
1495	14.9500	8	2		
1496	14.9600	7	0		
1497	14.9700	7	-1		
1498	14.9800	6	-2		
1499	14.9900	6	-3		
1500	15.0000	6	-4		
1501	15.0100	6	-5		
1502	15.0200	6	-6		
1503	15.0300	5	-6		
1504	15.0400	5	-7		
1505	15.0500	5	-8		
1506	15.0600	4	-8		
1507	15.0700	4	-8		
1508	15.0800	4	-9		
1509	15.0900	4	-9		
1510	15.1000	4	-9		
1511	15.1100	4	-9		
1512	15.1200	3	-9		
1513	15.1300	3	-9		
1514	15.1400	3	-9		
1515	15.1500	3	-9		
1516	15.1600	3	-8		
1517	15.1700	2	-8		
1518	15.1800	2	-8		
1519	15.1900	2	-7		
1520	15.2000	2	-6		
1521	15.2100	2	-6		
1522	15.2200	2	-5		
1523	15.2300	2	-4		
1524	15.2400	2	-3		
1525	15.2500	2	-2		
1526	15.2600	2	-2		
1527	15.2700	2	0		
1528	15.2800	2	0		
1529	15.2900	2	2		
1530	15.3000	3	3		
1531	15.3100	3	4		
1532	15.3200	3	5		
1533	15.3300	3	6		
1534	15.3400	4	8		
1535	15.3500	4	9		
1536	15.3600	4	10		
1537	15.3700	4	11		
1538	15.3800	4	12		
1539	15.3900	4	14		
1540	15.4000	4	15		
1541	15.4100	5	16		
1542	15.4200	5	17		
1543	15.4300	6	18		
1544	15.4400	6	20		
1545	15.4500	6	21		
1546	15.4600	6	22		
1547	15.4700	6	23		
1548	15.4800	7	24		
1549	15.4900	7	25		
1550	15.5000	8	26		
1551	15.5100	8	26		
1552	15.5200	8	27		
1553	15.5300	8	28		
1554	15.5400	8	28		
1555	15.5500	9	29		
1556	15.5600	9	30		
1557	15.5700	10	30		
1558	15.5800	10	30		
1559	15.5900	10	31		
1560	15.6000	10	31		
1561	15.6100	10	31		
1562	15.6200	10	31		
1563	15.6300	11	31		
1564	15.6400	11	31		
1565	15.6500	12	31		
1566	15.6600	12	31		
1567	15.6700	12	31		
1568	15.6800	12	31		
1569	15.6900	12	30		
1570	15.7000	12	30		
1571	15.7100	12	30		
1572	15.7200	12	29		
1573	15.7300	12	29		
1574	15.7400	12	28		
1575	15.7500	12	27		
1576	15.7600	12	27		
1577	15.7700	12	26		
1578	15.7800	12	25		
1579	15.7900	12	24		
1580	15.8000	12	24		
1581	15.8100	12	23		
1582	15.8200	12	22		
1583	15.8300	12	21		
1584	15.8400	12	20		
1585	15.8500	12	19		
1586	15.8600	12	18		
1587	15.8700	12	17		
1588	15.8800	12	16		
1589	15.8900	12	15		
1590	15.9000	11	14		
1591	15.9100	11	13		
1592	15.9200	10	12		
1593	15.9300	10	12		
1594	15.9400	10	11		
1595	15.9500	10	10		
1596	15.9600	10	9		
1597	15.9700	10	8		
1598	15.9800	9	7		
1599	15.9900	9	6		
1600	16.0000	8	6		
1601	16.0100	8	5		
1602	16.0200	8	4		
1603	16.0300	8	4		
1604	16.0400	8	3		
1605	16.0500	7	2		
1606	16.0600	7	2		
1607	16.0700	6	2		
1608	16.0800	6	1		
1609	16.0900	6	1		
1610	16.1000	6	0		
1611	16.1100	6	0		
1612	16.1200	5	0		
1613	16.1300	5	0		
1614	16.1400	4	0		
1615	16.1500	4	0		
1616	16.1600	4	0		
1617	16.1700	4	0		
1618	16.1800	4	0		
1619	16.1900	4	0		
1620	16.2000	4	0		
1621	16.2100	3	0		
1622	16.2200	3	0		
1623	16.2300	3	1		
1624	16.2400	3	1		
1625	16.2500	3	2		
1626	16.2600	2	2		
1627	16.2700	2	2		
1628	16.2800	2	3		
1629	16.2900	2	3		
1630	16.3000	2	4		
1631	16.3100	2	4		
1632	16.3200	2	5		
1633	16.3300	2	6		
1634	16.3400	2	6		
1635	16.3500	2	7		
1636	16.3600	2	7		
1637	16.3700	2	8		
1638	16.3800	3	9		
1639	16.3900	3	9		
1640	16.4000	3	10		
1641	16.4100	3	11		
1642	16.4200	4	11		
1643	16.4300	4	12		
1644	16.4400	4	13		
1645	16.4500	4	13		
1646	16.4600	4	14		
1647	16.4700	4	14		
1648	16.4800	4	15		
1649	16.4900	5	16		
1650	16.5000	5	16		
1651	16.5100	6	17		
1652	16.5200	6	17		
1653	16.5300	6	18		
1654	16.5400	6	18		
1655	16.5500	6	19		
1656	16.5600	6	19		
1657	16.5700	7	19		
1658	16.5800	8	20		
1659	16.5900	8	20		
1660	16.6000	8	20		
1661	16.6100	8	21		
1662	16.6200	8	21		
1663	16.6300	9	21		
1664	16.6400	9	21		
1665	16.6500	10	22		
1666	16.6600	10	22		
1667	16.6700	10	22		
1668	16.6800	10	22		
1669	16.6900	10	22		
1670	16.7000	10	22		
1671	16.7100	10	22		
1672	16.7200	11	22		
1673	16.7300	11	22		
1674	16.7400	12	22		
1675	16.7500	12	21		
1676	16.7600	12	21		
1677	16.7700	12	21		
1678	16.7800	12	21		
1679	16.7900	12	21		
1680	16.8000	12	20		
1681	16.8100	12	20		
1682	16.8200	12	20		
1683	16.8300	12	20		
1684	16.8400	12	20		
1685	16.8500	12	19		
1686	16.8600	12	19		
1687	16.8700	12	18		
1688	16.8800	12	18		
1689	16.8900	12	18		
1690	16.9000	12	18		
1691	16.9100	12	17		
1692	16.9200	12	17		
1693	16.9300	12	17		
1694	16.9400	12	16		
1695	16.9500	12	16		
1696	16.9600	12	16		
1697	16.9700	12	15		
1698	16.9800	11	15		
1699	16.9900	11	15		
1700	17.0000	11	14		
1701	17.0100	10	14		
1702	17.0200	10	14		
1703	17.0300	10	13		
1704	17.0400	10	13		
1705	17.0500	10	13		
1706	17.0600	10	12		
1707	17.0700	9	12		
1708	17.0800	9	12		
1709	17.0900	8	12		
1710	17.1000	8	12		
1711	17.1100	8	11		
1712	17.1200	8	11		
1713	17.1300	8	11		
1714	17.1400	7	11		
1715	17.1500	7	10		
1716	17.1600	6	10		
1717	17.1700	6	10		
1718	17.1800	6	10		
1719	17.1900	6	10		
1720	17.2000	6	10		
1721	17.2100	5	10		
1722	17.2200	5	10		
1723	17.2300	4	10		
1724	17.2400	4	9		
1725	17.2500	4	9		
1726	17.2600	4	9		
1727	17.2700	4	9		
1728	17.2800	4	9		
1729	17.2900	4	9		
1730	17.3000	3	9		
1731	17.3100	3	9		
1732	17.3200	3	9		
1733	17.3300	3	9		
1734	17.3400	2	9		
1735	17.3500	2	9		
1736	17.3600	2	8		
1737	17.3700	2	8		
1738	17.3800	2	8		
1739	17.3900	2	8		
1740	17.4000	2	8		
1741	17.4100	2	8		
1742	17.4200	2	8		
1743	17.4300	2	8		
1744	17.4400	2	8		
1745	17.4500	2	8		
1746	17.4600	2	8		
1747	17.4700	3	8		
1748	17.4800	3	8		
1749	17.4900	3	8		
1750	17.5000	3	8		
1751	17.5100	4	9		
1752	17.5200	4	9		
1753	17.5300	4	9		
1754	17.5400	4	9		
1755	17.5500	4	9		
1756	17.5600	4	9		
1757	17.5700	4	9		
1758	17.5800	5	9		
1759	17.5900	5	9		
1760	17.6000	6	9		
1761	17.6100	6	9		
1762	17.6200	6	10		
1763	17.6300	6	10		
1764	17.6400	6	10		
1765	17.6500	7	10		
1766	17.6600	7	10		
1767	17.6700	8	10		
1768	17.6800	8	10		
1769	17.6900	8	11		
1770	17.7000	8	11		
1771	17.7100	8	11		
1772	17.7200	9	12		
1773	17.7300	9	12		
1774	17.7400	10	12		
1775	17.7500	10	12		
1776	17.7600	10	12		
1777	17.7700	10	13		
1778	17.7800	10	13		
1779	17.7900	10	14		
1780	17.8000	11	14		
1781	17.8100	11	14		
1782	17.8200	11	14		
1783	17.8300	12	15		
1784	17.8400	12	15		
1785	17.8500	12	16		
1786	17.8600	12	16		
1787	17.8700	12	16		
1788	17.8800	12	16		
1789	17.8900	12	17		
1790	17.9000	12	17		
1791	17.9100	12	18		
1792	17.9200	12	18		
1793	17.9300	12	18		
1794	17.9400	12	19		
1795	17.9500	12	19		
1796	17.9600	12	19		
1797	17.9700	12	20		
1798	17.9800	12	20		
1799	17.9900	12	20		
1800	18.0000	12	20		
1801	18.0100	12	21		
1802	18.0200	12	21		
1803	18.0300	12	21		
1804	18.0400	12	21		
1805	18.0500	12	22		
1806	18.0600	12	22		
1807	18.0700	11	22		
1808	18.0800	11	22		
1809	18.0900	11	22		
1810	18.1000	10	22		
1811	18.1100	10	22		
1812	18.1200	10	22		
1813	18.1300	10	22		
1814	18.1400	10	22		
1815	18.1500	10	22		
1816	18.1600	9	22		
1817	18.1700	9	22		
1818	18.1800	8	22		
1819	18.1900	8	21		
1820	18.2000	8	21		
1821	18.2100	8	21		
1822	18.2200	7	20		
1823	18.2300	7	20		
1824	18.2400	6	20		
1825	18.2500	6	19		
1826	18.2600	6	19		
1827	18.2700	6	18		
1828	18.2800	6	18		
1829	18.2900	6	17		
1830	18.3000	5	17		
1831	18.3100	5	16		
1832	18.3200	4	16		
1833	18.3300	4	15		
1834	18.3400	4	14		
1835	18.3500	4	14		
1836	18.3600	4	13		
1837	18.3700	4	12		
1838	18.3800	4	12		
1839	18.3900	3	11		
1840	18.4000	3	10		
1841	18.4100	3	10		
1842	18.4200	3	9		
1843	18.4300	2	8		
1844	18.4400	2	8		
1845	18.4500	2	7		
1846	18.4600	2	6		
1847	18.4700	2	6		
1848	18.4800	2	5		
1849	18.4900	2	5		
1850	18.5000	2	4		
1851	18.5100	2	4		
1852	18.5200	2	3		
1853	18.5300	2	2		
1854	18.5400	2	2		
1855	18.5500	2	2		
1856	18.5600	3	1		
1857	18.5700	3	1		
1858	18.5800	3	0		
1859	18.5900	3	0		
1860	18.6000	4	0		
1861	18.6100	4	0		
1862	18.6200	4	0		
1863	18.6300	4	0		
1864	18.6400	4	0		
1865	18.6500	4	-1		
1866	18.6600	4	-1		
1867	18.6700	5	0		
1868	18.6800	5	0		
1869	18.6900	6	0		
1870	18.7000	6	0		
1871	18.7100	6	0		
1872	18.7200	6	1		
1873	18.7300	6	1		
1874	18.7400	7	2		
1875	18.7500	7	2		
1876	18.7600	8	2		
1877	18.7700	8	3		
1878	18.7800	8	4		
1879	18.7900	8	4		
1880	18.8000	8	5		
1881	18.8100	9	6		
1882	18.8200	9	6		
1883	18.8300	10	7		
1884	18.8400	10	8		
1885	18.8500	10	9		
1886	18.8600	10	10		
1887	18.8700	10	11		
1888	18.8800	10	12		
1889	18.8900	11	13		
1890	18.9000	11	14		
1891	18.9100	12	15		
1892	18.9200	12	16		
1893	18.9300	12	16		
1894	18.9400	12	18		
1895	18.9500	12	18		
1896	18.9600	12	19		
1897	18.9700	12	20		
1898	18.9800	12	21		
1899	18.9900	12	22		
1900	19.0000	12	23		
1901	19.0100	12	24		
1902	19.0200	12	25		
1903	19.0300	12	26		
1904	19.0400	12	26		
1905	19.0500	12	27		
1906	19.0600	12	28		
1907	19.0700	12	28		
1908	19.0800	12	29		
1909	19.0900	12	29		
1910	19.1000	12	30		
1911	19.1100	12	30		
1912	19.1200	12	31		
1913	19.1300	12	31		
1914	19.1400	12	31		
1915	19.1500	12	31		
1916	19.1600	11	32		
1917	19.1700	11	32		
1918	19.1800	10	32		
1919	19.1900	10	32		
1920	19.2000	10	31		
1921	19.2100	10	31		
1922	19.2200	10	31		
1923	19.2300	10	30		
1924	19.2400	9	30		
1925	19.2500	9	30		
1926	19.2600	8	29		
1927	19.2700	8	28		
1928	19.2800	8	28		
1929	19.2900	8	27		
1930	19.3000	8	26		
