#	time(s)	count A	count B	count C	count D
1	0.0100	6	-2		
2	0.0200	8	-2		
3	0.0300	9	-3		
4	0.0400	10	-3		
5	0.0500	10	-4		
6	0.0600	10	-4		
7	0.0700	10	-4		
8	0.0800	10	-4		
9	0.0900	10	-4		
10	0.1000	10	-4		
11	0.1100	10	-4		
12	0.1200	10	-4		
13	0.1300	9	-4		
14	0.1400	8	-4		
15	0.1500	7	-4		
16	0.1600	5	-4		
17	0.1700	4	-3		
18	0.1800	2	-3		
19	0.1900	0	-2		
20	0.2000	0	-2		
21	0.2100	-2	-2		
22	0.2200	-3	-2		
23	0.2300	-4	-1		
24	0.2400	-6	-1		
25	0.2500	-7	0		
26	0.2600	-8	0		
27	0.2700	-9	0		
28	0.2800	-10	0		
29	0.2900	-10	0		
30	0.3000	-10	0		
31	0.3100	-10	0		
32	0.3200	-10	0		
33	0.3300	-10	1		
34	0.3400	-10	1		
35	0.3500	-10	1		
36	0.3600	-10	1		
37	0.3700	-10	0		
38	0.3800	-9	0		
39	0.3900	-8	0		
40	0.4000	-7	0		
41	0.4100	-5	0		
42	0.4200	-4	0		
43	0.4300	-2	-1		
44	0.4400	-1	-1		
45	0.4500	0	-1		
46	0.4600	2	-2		
47	0.4700	3	-2		
48	0.4800	4	-2		
49	0.4900	6	-2		
50	0.5000	7	-2		
51	0.5100	8	-2		
52	0.5200	9	-2		
53	0.5300	10	-2		
54	0.5400	10	-2		
55	0.5500	10	-2		
56	0.5600	10	-2		
57	0.5700	10	-2		
58	0.5800	10	-2		
59	0.5900	10	-2		
60	0.6000	10	-2		
61	0.6100	9	-1		
62	0.6200	9	-1		
63	0.6300	8	0		
64	0.6400	6	0		
65	0.6500	5	0		
66	0.6600	3	1		
67	0.6700	2	1		
68	0.6800	0	2		
69	0.6900	-1	2		
70	0.7000	-2	2		
71	0.7100	-4	3		
72	0.7200	-5	3		
73	0.7300	-6	3		
74	0.7400	-8	4		
75	0.7500	-9	4		
76	0.7600	-10	4		
77	0.7700	-10	4		
78	0.7800	-10	4		
79	0.7900	-10	4		
80	0.8000	-10	4		
81	0.8100	-10	4		
82	0.8200	-10	4		
83	0.8300	-10	4		
84	0.8400	-10	3		
85	0.8500	-10	3		
86	0.8600	-10	3		
87	0.8700	-9	2		
88	0.8800	-8	2		
89	0.8900	-6	1		
90	0.9000	-5	1		
91	0.9100	-3	0		
92	0.9200	-2	0		
93	0.9300	0	-1		
94	0.9400	1	-1		
95	0.9500	2	-2		
96	0.9600	3	-2		
97	0.9700	4	-3		
98	0.9800	6	-3		
99	0.9900	7	-4		
100	1.0000	8	-4		
101	1.0100	9	-4		
102	1.0200	10	-4		
103	1.0300	10	-5		
104	1.0400	10	-5		
105	1.0500	10	-5		
106	1.0600	10	-5		
107	1.0700	10	-5		
108	1.0800	10	-5		
109	1.0900	10	-5		
110	1.1000	9	-4		
111	1.1100	8	-4		
112	1.1200	7	-4		
113	1.1300	6	-4		
114	1.1400	4	-4		
115	1.1500	2	-3		
116	1.1600	1	-2		
117	1.1700	0	-2		
118	1.1800	-2	-2		
119	1.1900	-3	-1		
120	1.2000	-4	-1		
121	1.2100	-6	0		
122	1.2200	-7	0		
123	1.2300	-8	0		
124	1.2400	-9	1		
125	1.2500	-10	1		
126	1.2600	-10	1		
127	1.2700	-10	2		
128	1.2800	-10	2		
129	1.2900	-10	2		
130	1.3000	-10	2		
131	1.3100	-10	2		
132	1.3200	-10	2		
133	1.3300	-10	2		
134	1.3400	-10	2		
135	1.3500	-10	2		
136	1.3600	-9	2		
137	1.3700	-7	2		
138	1.3800	-6	1		
139	1.3900	-4	1		
140	1.4000	-2	1		
141	1.4100	-1	0		
142	1.4200	0	0		
143	1.4300	1	0		
144	1.4400	2	0		
145	1.4500	4	0		
146	1.4600	5	-1		
147	1.4700	6	-1		
148	1.4800	8	-1		
149	1.4900	9	-2		
150	1.5000	10	-2		
151	1.5100	10	-2		
152	1.5200	10	-2		
153	1.5300	10	-2		
154	1.5400	10	-2		
155	1.5500	10	-2		
156	1.5600	10	-2		
157	1.5700	10	-1		
158	1.5800	10	-1		
159	1.5900	9	-1		
160	1.6000	8	-1		
161	1.6100	7	0		
162	1.6200	5	0		
163	1.6300	4	0		
164	1.6400	2	0		
165	1.6500	0	1		
166	1.6600	-1	1		
167	1.6700	-2	2		
168	1.6800	-3	2		
169	1.6900	-4	2		
170	1.7000	-6	2		
171	1.7100	-7	2		
172	1.7200	-8	3		
173	1.7300	-10	3		
174	1.7400	-10	3		
175	1.7500	-10	3		
176	1.7600	-10	3		
177	1.7700	-10	3		
178	1.7800	-10	3		
179	1.7900	-10	3		
180	1.8000	-10	2		
181	1.8100	-10	2		
182	1.8200	-10	2		
183	1.8300	-10	2		
184	1.8400	-9	1		
185	1.8500	-8	1		
186	1.8600	-7	0		
187	1.8700	-5	0		
188	1.8800	-4	0		
189	1.8900	-2	-1		
190	1.9000	-1	-2		
191	1.9100	0	-2		
192	1.9200	2	-2		
193	1.9300	3	-3		
194	1.9400	4	-4		
195	1.9500	6	-4		
196	1.9600	7	-4		
197	1.9700	8	-4		
198	1.9800	9	-4		
199	1.9900	10	-5		
200	2.0000	10	-5		
201	2.0100	10	-5		
202	2.0200	10	-5		
203	2.0300	10	-5		
204	2.0400	10	-5		
205	2.0500	10	-5		
206	2.0600	10	-4		
207	2.0700	9	-4		
208	2.0800	8	-4		
209	2.0900	8	-4		
210	2.1000	6	-3		
211	2.1100	4	-3		
212	2.1200	3	-2		
213	2.1300	1	-2		
214	2.1400	0	-1		
215	2.1500	-1	-1		
216	2.1600	-2	0		
217	2.1700	-4	0		
218	2.1800	-5	0		
219	2.1900	-6	1		
220	2.2000	-8	2		
221	2.2100	-9	2		
222	2.2200	-10	2		
223	2.2300	-10	2		
224	2.2400	-10	3		
225	2.2500	-10	3		
226	2.2600	-10	3		
227	2.2700	-10	3		
228	2.2800	-10	3		
229	2.2900	-10	3		
230	2.3000	-10	3		
231	2.3100	-10	3		
232	2.3200	-10	3		
233	2.3300	-9	3		
234	2.3400	-8	2		
235	2.3500	-6	2		
236	2.3600	-5	2		
237	2.3700	-3	2		
238	2.3800	-2	1		
239	2.3900	0	1		
240	2.4000	1	0		
241	2.4100	2	0		
242	2.4200	3	0		
243	2.4300	5	0		
244	2.4400	6	-1		
245	2.4500	8	-1		
246	2.4600	8	-1		
247	2.4700	9	-2		
248	2.4800	10	-2		
249	2.4900	10	-2		
250	2.5000	10	-2		
251	2.5100	10	-2		
252	2.5200	10	-2		
253	2.5300	10	-2		
254	2.5400	10	-2		
255	2.5500	10	-2		
256	2.5600	9	-2		
257	2.5700	8	-2		
258	2.5800	7	-1		
259	2.5900	6	-1		
260	2.6000	4	-1		
261	2.6100	2	0		
262	2.6200	1	0		
263	2.6300	0	0		
264	2.6400	-2	0		
265	2.6500	-3	1		
266	2.6600	-4	1		
267	2.6700	-6	1		
268	2.6800	-7	1		
269	2.6900	-8	2		
270	2.7000	-9	2		
271	2.7100	-10	2		
272	2.7200	-10	2		
273	2.7300	-10	2		
274	2.7400	-10	2		
275	2.7500	-10	2		
276	2.7600	-10	2		
277	2.7700	-10	2		
278	2.7800	-10	1		
279	2.7900	-10	1		
280	2.8000	-10	1		
281	2.8100	-10	0		
282	2.8200	-8	0		
283	2.8300	-7	0		
284	2.8400	-6	0		
285	2.8500	-4	-1		
286	2.8600	-2	-1		
287	2.8700	-1	-2		
288	2.8800	0	-2		
289	2.8900	1	-2		
290	2.9000	2	-3		
291	2.9100	4	-3		
292	2.9200	5	-4		
293	2.9300	6	-4		
294	2.9400	8	-4		
295	2.9500	9	-4		
296	2.9600	10	-4		
297	2.9700	10	-4		
298	2.9800	10	-4		
299	2.9900	10	-4		
300	3.0000	10	-4		
301	3.0100	10	-4		
302	3.0200	10	-4		
303	3.0300	10	-4		
304	3.0400	9	-4		
305	3.0500	9	-3		
306	3.0600	8	-3		
307	3.0700	7	-2		
308	3.0800	5	-2		
309	3.0900	4	-2		
310	3.1000	2	-1		
311	3.1100	0	0		
312	3.1200	-1	0		
313	3.1300	-2	0		
314	3.1400	-3	1		
315	3.1500	-5	2		
316	3.1600	-6	2		
317	3.1700	-8	2		
318	3.1800	-8	3		
319	3.1900	-9	3		
320	3.2000	-10	3		
321	3.2100	-10	4		
322	3.2200	-10	4		
323	3.2300	-10	4		
324	3.2400	-10	4		
325	3.2500	-10	4		
326	3.2600	-10	4		
327	3.2700	-10	4		
328	3.2800	-10	4		
329	3.2900	-10	4		
330	3.3000	-9	3		
331	3.3100	-8	3		
332	3.3200	-7	2		
333	3.3300	-5	2		
334	3.3400	-4	2		
335	3.3500	-2	2		
336	3.3600	-1	1		
337	3.3700	0	0		
338	3.3800	2	0		
339	3.3900	3	0		
340	3.4000	4	-1		
341	3.4100	6	-1		
342	3.4200	7	-2		
343	3.4300	8	-2		
344	3.4400	9	-2		
345	3.4500	10	-2		
346	3.4600	10	-2		
347	3.4700	10	-2		
348	3.4800	10	-3		
349	3.4900	10	-3		
350	3.5000	10	-3		
351	3.5100	10	-3		
352	3.5200	10	-3		
353	3.5300	9	-2		
354	3.5400	8	-2		
355	3.5500	8	-2		
356	3.5600	6	-2		
357	3.5700	4	-2		
358	3.5800	3	-2		
359	3.5900	1	-1		
360	3.6000	0	-1		
361	3.6100	-1	0		
362	3.6200	-2	0		
363	3.6300	-4	0		
364	3.6400	-5	0		
365	3.6500	-6	0		
366	3.6600	-8	1		
367	3.6700	-9	1		
368	3.6800	-10	1		
369	3.6900	-10	1		
370	3.7000	-10	1		
371	3.7100	-10	1		
372	3.7200	-10	1		
373	3.7300	-10	1		
374	3.7400	-10	1		
375	3.7500	-10	1		
376	3.7600	-10	1		
377	3.7700	-10	1		
378	3.7800	-10	0		
379	3.7900	-9	0		
380	3.8000	-8	0		
381	3.8100	-6	0		
382	3.8200	-4	-1		
383	3.8300	-3	-1		
384	3.8400	-2	-1		
385	3.8500	0	-2		
386	3.8600	1	-2		
387	3.8700	2	-2		
388	3.8800	4	-2		
389	3.8900	5	-3		
390	3.9000	6	-3		
391	3.9100	8	-3		
392	3.9200	8	-4		
393	3.9300	9	-4		
394	3.9400	10	-4		
395	3.9500	10	-4		
396	3.9600	10	-4		
397	3.9700	10	-4		
398	3.9800	10	-4		
399	3.9900	10	-3		
400	4.0000	10	-3		
401	4.0100	9	-3		
402	4.0200	9	-2		
403	4.0300	8	-2		
404	4.0400	7	-2		
405	4.0500	6	-1		
406	4.0600	4	-1		
407	4.0700	2	0		
408	4.0800	1	0		
409	4.0900	0	1		
410	4.1000	-2	1		
411	4.1100	-3	2		
412	4.1200	-4	2		
413	4.1300	-6	2		
414	4.1400	-7	3		
415	4.1500	-8	3		
416	4.1600	-9	3		
417	4.1700	-10	4		
418	4.1800	-10	4		
419	4.1900	-10	4		
420	4.2000	-10	4		
421	4.2100	-10	4		
422	4.2200	-10	4		
423	4.2300	-10	4		
424	4.2400	-10	4		
425	4.2500	-10	4		
426	4.2600	-10	3		
427	4.2700	-9	3		
428	4.2800	-8	3		
429	4.2900	-7	2		
430	4.3000	-6	2		
431	4.3100	-4	2		
432	4.3200	-2	1		
433	4.3300	-1	0		
434	4.3400	0	0		
435	4.3500	2	0		
436	4.3600	2	-1		
437	4.3700	4	-1		
438	4.3800	5	-2		
439	4.3900	7	-2		
440	4.4000	8	-2		
441	4.4100	9	-3		
442	4.4200	10	-3		
443	4.4300	10	-3		
444	4.4400	10	-4		
445	4.4500	10	-4		
446	4.4600	10	-4		
447	4.4700	10	-4		
448	4.4800	10	-4		
449	4.4900	10	-4		
450	4.5000	9	-4		
451	4.5100	9	-3		
452	4.5200	8	-3		
453	4.5300	6	-3		
454	4.5400	5	-2		
455	4.5500	3	-2		
456	4.5600	2	-2		
457	4.5700	0	-2		
458	4.5800	-1	-1		
459	4.5900	-2	-1		
460	4.6000	-4	0		
461	4.6100	-5	0		
462	4.6200	-6	0		
463	4.6300	-8	0		
464	4.6400	-9	1		
465	4.6500	-10	1		
466	4.6600	-10	1		
467	4.6700	-10	1		
468	4.6800	-10	2		
469	4.6900	-10	2		
470	4.7000	-10	2		
471	4.7100	-10	2		
472	4.7200	-10	2		
473	4.7300	-10	2		
474	4.7400	-10	1		
475	4.7500	-10	1		
476	4.7600	-9	1		
477	4.7700	-8	0		
478	4.7800	-6	0		
479	4.7900	-5	0		
480	4.8000	-4	0		
481	4.8100	-2	0		
482	4.8200	0	-1		
483	4.8300	0	-1		
484	4.8400	2	-2		
485	4.8500	3	-2		
486	4.8600	4	-2		
487	4.8700	6	-2		
488	4.8800	7	-2		
489	4.8900	8	-3		
490	4.9000	9	-3		
491	4.9100	10	-3		
492	4.9200	10	-3		
493	4.9300	10	-3		
494	4.9400	10	-3		
495	4.9500	10	-3		
496	4.9600	10	-3		
497	4.9700	10	-2		
498	4.9800	10	-2		
499	4.9900	9	-2		
500	5.0000	8	-2		
501	5.0100	8	-1		
502	5.0200	6	-1		
503	5.0300	4	0		
504	5.0400	2	0		
505	5.0500	1	0		
506	5.0600	0	1		
507	5.0700	-2	1		
508	5.0800	-2	2		
509	5.0900	-4	2		
510	5.1000	-5	2		
511	5.1100	-7	2		
512	5.1200	-8	3		
513	5.1300	-9	3		
514	5.1400	-10	4		
515	5.1500	-10	4		
516	5.1600	-10	4		
517	5.1700	-10	4		
518	5.1800	-10	4		
519	5.1900	-10	4		
520	5.2000	-10	4		
521	5.2100	-10	3		
522	5.2200	-10	3		
523	5.2300	-10	3		
524	5.2400	-10	2		
525	5.2500	-9	2		
526	5.2600	-8	2		
527	5.2700	-6	1		
528	5.2800	-4	1		
529	5.2900	-3	0		
530	5.3000	-2	0		
531	5.3100	0	0		
532	5.3200	1	-1		
533	5.3300	2	-2		
534	5.3400	4	-2		
535	5.3500	5	-2		
536	5.3600	6	-3		
537	5.3700	8	-3		
538	5.3800	9	-3		
539	5.3900	9	-4		
540	5.4000	10	-4		
541	5.4100	10	-4		
542	5.4200	10	-4		
543	5.4300	10	-4		
544	5.4400	10	-4		
545	5.4500	10	-4		
546	5.4600	10	-4		
547	5.4700	9	-4		
548	5.4800	9	-4		
549	5.4900	8	-3		
550	5.5000	7	-3		
551	5.5100	6	-3		
552	5.5200	4	-2		
553	5.5300	2	-2		
554	5.5400	0	-2		
555	5.5500	-1	-1		
556	5.5600	-2	-1		
557	5.5700	-3	0		
558	5.5800	-4	0		
559	5.5900	-6	0		
560	5.6000	-7	1		
561	5.6100	-8	1		
562	5.6200	-9	1		
563	5.6300	-10	2		
564	5.6400	-10	2		
565	5.6500	-10	2		
566	5.6600	-10	2		
567	5.6700	-10	2		
568	5.6800	-10	2		
569	5.6900	-10	2		
570	5.7000	-10	2		
571	5.7100	-10	2		
572	5.7200	-10	2		
573	5.7300	-9	2		
574	5.7400	-8	1		
575	5.7500	-7	1		
576	5.7600	-6	1		
577	5.7700	-4	0		
578	5.7800	-2	0		
579	5.7900	-1	0		
580	5.8000	0	0		
581	5.8100	2	-1		
582	5.8200	2	-1		
583	5.8300	4	-2		
584	5.8400	6	-2		
585	5.8500	7	-2		
586	5.8600	8	-2		
587	5.8700	9	-2		
588	5.8800	10	-2		
589	5.8900	10	-2		
590	5.9000	10	-2		
591	5.9100	10	-2		
592	5.9200	10	-2		
593	5.9300	10	-2		
594	5.9400	10	-2		
595	5.9500	10	-2		
596	5.9600	9	-2		
597	5.9700	9	-2		
598	5.9800	8	-1		
599	5.9900	6	-1		
600	6.0000	5	-1		
601	6.0100	3	0		
602	6.0200	2	0		
603	6.0300	0	0		
604	6.0400	-1	1		
605	6.0500	-2	1		
606	6.0600	-4	2		
607	6.0700	-5	2		
608	6.0800	-6	2		
609	6.0900	-8	2		
610	6.1000	-9	2		
611	6.1100	-10	3		
612	6.1200	-10	3		
613	6.1300	-10	3		
614	6.1400	-10	3		
615	6.1500	-10	3		
616	6.1600	-10	3		
617	6.1700	-10	3		
618	6.1800	-10	2		
619	6.1900	-10	2		
620	6.2000	-10	2		
621	6.2100	-10	2		
622	6.2200	-9	2		
623	6.2300	-8	1		
624	6.2400	-6	1		
625	6.2500	-5	0		
626	6.2600	-3	0		
627	6.2700	-2	0		
628	6.2800	0	-1		
629	6.2900	0	-2		
630	6.3000	2	-2		
631	6.3100	3	-2		
632	6.3200	4	-3		
633	6.3300	6	-3		
634	6.3400	8	-4		
635	6.3500	8	-4		
636	6.3600	9	-4		
637	6.3700	10	-4		
638	6.3800	10	-4		
639	6.3900	10	-4		
640	6.4000	10	-4		
641	6.4100	10	-4		
642	6.4200	10	-4		
643	6.4300	10	-4		
644	6.4400	10	-4		
645	6.4500	9	-4		
646	6.4600	8	-4		
647	6.4700	7	-3		
648	6.4800	6	-3		
649	6.4900	4	-2		
650	6.5000	2	-2		
651	6.5100	1	-2		
652	6.5200	0	-1		
653	6.5300	-2	0		
654	6.5400	-3	0		
655	6.5500	-4	0		
656	6.5600	-6	1		
657	6.5700	-7	1		
658	6.5800	-8	2		
659	6.5900	-9	2		
660	6.6000	-10	2		
661	6.6100	-10	2		
662	6.6200	-10	2		
663	6.6300	-10	2		
664	6.6400	-10	2		
665	6.6500	-10	3		
666	6.6600	-10	3		
667	6.6700	-10	3		
668	6.6800	-10	2		
669	6.6900	-10	2		
670	6.7000	-10	2		
671	6.7100	-8	2		
672	6.7200	-7	2		
673	6.7300	-6	2		
674	6.7400	-4	1		
675	6.7500	-2	1		
676	6.7600	-1	0		
677	6.7700	0	0		
678	6.7800	1	0		
679	6.7900	2	0		
680	6.8000	4	-1		
681	6.8100	5	-1		
682	6.8200	6	-2		
683	6.8300	8	-2		
684	6.8400	9	-2		
685	6.8500	9	-2		
686	6.8600	10	-2		
687	6.8700	10	-2		
688	6.8800	10	-2		
689	6.8900	10	-2		
690	6.9000	10	-2		
691	6.9100	10	-2		
692	6.9200	10	-2		
693	6.9300	9	-2		
694	6.9400	9	-2		
695	6.9500	8	-2		
696	6.9600	7	-2		
697	6.9700	5	-1		
698	6.9800	4	-1		
699	6.9900	2	0		
700	7.0000	0	0		
701	7.0100	-1	0		
702	7.0200	-2	0		
703	7.0300	-3	1		
704	7.0400	-4	1		
705	7.0500	-6	1		
706	7.0600	-7	2		
707	7.0700	-8	2		
708	7.0800	-10	2		
709	7.0900	-10	2		
710	7.1000	-10	2		
711	7.1100	-10	2		
712	7.1200	-10	2		
713	7.1300	-10	2		
714	7.1400	-10	2		
715	7.1500	-10	2		
716	7.1600	-10	2		
717	7.1700	-10	2		
718	7.1800	-10	2		
719	7.1900	-9	1		
720	7.2000	-8	1		
721	7.2100	-7	0		
722	7.2200	-5	0		
723	7.2300	-4	0		
724	7.2400	-2	-1		
725	7.2500	-1	-1		
726	7.2600	0	-2		
727	7.2700	2	-2		
728	7.2800	3	-2		
729	7.2900	4	-3		
730	7.3000	6	-3		
731	7.3100	7	-3		
732	7.3200	8	-4		
733	7.3300	9	-4		
734	7.3400	10	-4		
735	7.3500	10	-4		
736	7.3600	10	-4		
737	7.3700	10	-4		
738	7.3800	10	-4		
739	7.3900	10	-4		
740	7.4000	10	-4		
741	7.4100	10	-4		
742	7.4200	9	-3		
743	7.4300	9	-3		
744	7.4400	8	-2		
745	7.4500	6	-2		
746	7.4600	5	-2		
747	7.4700	3	-1		
748	7.4800	1	-1		
749	7.4900	0	0		
750	7.5000	-1	0		
751	7.5100	-2	0		
752	7.5200	-4	1		
753	7.5300	-5	1		
754	7.5400	-6	2		
755	7.5500	-8	2		
756	7.5600	-9	2		
757	7.5700	-10	3		
758	7.5800	-10	3		
759	7.5900	-10	3		
760	7.6000	-10	3		
761	7.6100	-10	3		
762	7.6200	-10	3		
763	7.6300	-10	3		
764	7.6400	-10	3		
765	7.6500	-10	3		
766	7.6600	-10	3		
767	7.6700	-10	3		
768	7.6800	-9	2		
769	7.6900	-8	2		
770	7.7000	-6	2		
771	7.7100	-5	2		
772	7.7200	-3	1		
773	7.7300	-2	1		
774	7.7400	0	0		
775	7.7500	1	0		
776	7.7600	2	0		
777	7.7700	3	-1		
778	7.7800	4	-1		
779	7.7900	6	-2		
780	7.8000	8	-2		
781	7.8100	8	-2		
782	7.8200	9	-2		
783	7.8300	10	-2		
784	7.8400	10	-3		
785	7.8500	10	-3		
786	7.8600	10	-3		
787	7.8700	10	-3		
788	7.8800	10	-3		
789	7.8900	10	-3		
790	7.9000	10	-3		
791	7.9100	9	-2		
792	7.9200	8	-2		
793	7.9300	7	-2		
794	7.9400	6	-2		
795	7.9500	4	-2		
796	7.9600	2	-1		
797	7.9700	1	-1		
798	7.9800	0	0		
799	7.9900	-2	0		
800	8.0000	-3	0		
801	8.0100	-4	0		
802	8.0200	-6	1		
803	8.0300	-7	1		
804	8.0400	-8	1		
805	8.0500	-9	2		
806	8.0600	-10	2		
807	8.0700	-10	2		
808	8.0800	-10	2		
809	8.0900	-10	2		
810	8.1000	-10	2		
811	8.1100	-10	2		
812	8.1200	-10	2		
813	8.1300	-10	2		
814	8.1400	-10	2		
815	8.1500	-10	1		
816	8.1600	-10	1		
817	8.1700	-8	1		
818	8.1800	-7	0		
819	8.1900	-6	0		
820	8.2000	-4	0		
821	8.2100	-2	-1		
822	8.2200	-1	-1		
823	8.2300	0	-2		
824	8.2400	1	-2		
825	8.2500	2	-2		
826	8.2600	4	-2		
827	8.2700	5	-3		
828	8.2800	6	-3		
829	8.2900	8	-3		
830	8.3000	9	-3		
831	8.3100	10	-4		
832	8.3200	10	-4		
833	8.3300	10	-4		
834	8.3400	10	-4		
835	8.3500	10	-4		
836	8.3600	10	-4		
837	8.3700	10	-3		
838	8.3800	10	-3		
839	8.3900	9	-3		
840	8.4000	9	-2		
841	8.4100	8	-2		
842	8.4200	7	-2		
843	8.4300	5	-1		
844	8.4400	4	-1		
845	8.4500	2	0		
846	8.4600	0	0		
847	8.4700	-1	0		
848	8.4800	-2	1		
849	8.4900	-3	1		
850	8.5000	-4	2		
851	8.5100	-6	2		
852	8.5200	-8	2		
853	8.5300	-8	3		
854	8.5400	-10	3		
855	8.5500	-10	3		
856	8.5600	-10	3		
857	8.5700	-10	4		
858	8.5800	-10	4		
859	8.5900	-10	4		
860	8.6000	-10	4		
861	8.6100	-10	4		
862	8.6200	-10	3		
863	8.6300	-10	3		
864	8.6400	-10	3		
865	8.6500	-9	2		
866	8.6600	-8	2		
867	8.6700	-7	2		
868	8.6800	-5	2		
869	8.6900	-4	1		
870	8.7000	-2	1		
871	8.7100	-1	0		
872	8.7200	0	0		
873	8.7300	2	-1		
874	8.7400	3	-1		
875	8.7500	4	-2		
876	8.7600	6	-2		
877	8.7700	7	-2		
878	8.7800	8	-2		
879	8.7900	9	-3		
880	8.8000	10	-3		
881	8.8100	10	-3		
882	8.8200	10	-3		
883	8.8300	10	-4		
884	8.8400	10	-4		
885	8.8500	10	-4		
886	8.8600	10	-4		
887	8.8700	10	-3		
888	8.8800	9	-3		
889	8.8900	8	-3		
890	8.9000	8	-3		
891	8.9100	6	-2		
892	8.9200	4	-2		
893	8.9300	3	-2		
894	8.9400	1	-1		
895	8.9500	0	-1		
896	8.9600	-1	0		
897	8.9700	-2	0		
898	8.9800	-4	0		
899	8.9900	-5	0		
900	9.0000	-6	1		
901	9.0100	-8	1		
902	9.0200	-9	1		
903	9.0300	-10	2		
904	9.0400	-10	2		
905	9.0500	-10	2		
906	9.0600	-10	2		
907	9.0700	-10	2		
908	9.0800	-10	2		
909	9.0900	-10	2		
910	9.1000	-10	2		
911	9.1100	-10	2		
912	9.1200	-10	2		
913	9.1300	-10	1		
914	9.1400	-9	1		
915	9.1500	-8	1		
916	9.1600	-6	0		
917	9.1700	-4	0		
918	9.1800	-3	0		
919	9.1900	-2	0		
920	9.2000	0	-1		
921	9.2100	1	-1		
922	9.2200	2	-2		
923	9.2300	3	-2		
924	9.2400	5	-2		
925	9.2500	6	-2		
926	9.2600	8	-3		
927	9.2700	8	-3		
928	9.2800	9	-3		
929	9.2900	10	-3		
930	9.3000	10	-3		
931	9.3100	10	-3		
932	9.3200	10	-3		
933	9.3300	10	-3		
934	9.3400	10	-3		
935	9.3500	10	-3		
936	9.3600	10	-2		
937	9.3700	9	-2		
938	9.3800	8	-2		
939	9.3900	7	-2		
940	9.4000	6	-1		
941	9.4100	4	-1		
942	9.4200	2	0		
943	9.4300	1	0		
944	9.4400	0	0		
945	9.4500	-2	1		
946	9.4600	-3	1		
947	9.4700	-4	2		
948	9.4800	-6	2		
949	9.4900	-7	2		
950	9.5000	-8	2		
951	9.5100	-9	3		
952	9.5200	-10	3		
953	9.5300	-10	3		
954	9.5400	-10	3		
955	9.5500	-10	3		
956	9.5600	-10	3		
957	9.5700	-10	3		
958	9.5800	-10	3		
959	9.5900	-10	3		
960	9.6000	-10	3		
961	9.6100	-10	2		
962	9.6200	-10	2		
963	9.6300	-8	2		
964	9.6400	-7	2		
965	9.6500	-6	1		
966	9.6600	-4	1		
967	9.6700	-2	0		
968	9.6800	-1	0		
969	9.6900	0	0		
970	9.7000	1	-1		
971	9.7100	2	-2		
972	9.7200	4	-2		
973	9.7300	5	-2		
974	9.7400	7	-3		
975	9.7500	8	-3		
976	9.7600	9	-3		
977	9.7700	10	-4		
978	9.7800	10	-4		
979	9.7900	10	-4		
980	9.8000	10	-4		
981	9.8100	10	-4		
982	9.8200	10	-4		
983	9.8300	10	-4		
984	9.8400	10	-4		
985	9.8500	9	-4		
986	9.8600	9	-3		
987	9.8700	8	-3		
988	9.8800	7	-3		
989	9.8900	5	-2		
990	9.9000	3	-2		
991	9.9100	2	-2		
992	9.9200	0	-1		
993	9.9300	-1	-1		
994	9.9400	-2	0		
995	9.9500	-4	0		
996	9.9600	-5	0		
997	9.9700	-6	1		
998	9.9800	-8	1		
999	9.9900	-8	2		
1000	10.0000	-10	2		
1001	10.0100	-10	2		
1002	10.0200	-10	2		
1003	10.0300	-10	2		
1004	10.0400	-10	2		
1005	10.0500	-10	2		
1006	10.0600	-10	2		
1007	10.0700	-10	2		
1008	10.0800	-10	2		
1009	10.0900	-10	2		
1010	10.1000	-10	2		
1011	10.1100	-9	2		
1012	10.1200	-8	1		
1013	10.1300	-6	1		
1014	10.1400	-5	1		
1015	10.1500	-3	0		
1016	10.1600	-2	0		
1017	10.1700	0	0		
1018	10.1800	0	0		
1019	10.1900	2	-1		
1020	10.2000	3	-1		
1021	10.2100	4	-2		
1022	10.2200	6	-2		
1023	10.2300	7	-2		
1024	10.2400	8	-2		
1025	10.2500	9	-2		
1026	10.2600	10	-2		
1027	10.2700	10	-3		
1028	10.2800	10	-3		
1029	10.2900	10	-3		
1030	10.3000	10	-3		
1031	10.3100	10	-2		
1032	10.3200	10	-2		
1033	10.3300	10	-2		
1034	10.3400	9	-2		
1035	10.3500	8	-2		
1036	10.3600	7	-2		
1037	10.3700	6	-1		
1038	10.3800	4	-1		
1039	10.3900	3	0		
1040	10.4000	1	0		
1041	10.4100	0	0		
1042	10.4200	-1	1		
1043	10.4300	-3	1		
1044	10.4400	-4	2		
1045	10.4500	-6	2		
1046	10.4600	-7	2		
1047	10.4700	-8	2		
1048	10.4800	-9	2		
1049	10.4900	-10	3		
1050	10.5000	-10	3		
1051	10.5100	-10	3		
1052	10.5200	-10	3		
1053	10.5300	-10	3		
1054	10.5400	-10	3		
1055	10.5500	-10	3		
1056	10.5600	-10	3		
1057	10.5700	-10	2		
1058	10.5800	-10	2		
1059	10.5900	-10	2		
1060	10.6000	-9	2		
1061	10.6100	-8	1		
1062	10.6200	-6	1		
1063	10.6300	-4	0		
1064	10.6400	-3	0		
1065	10.6500	-2	0		
1066	10.6600	0	-1		
1067	10.6700	1	-1		
1068	10.6800	2	-2		
1069	10.6900	4	-2		
1070	10.7000	5	-2		
1071	10.7100	6	-3		
1072	10.7200	8	-3		
1073	10.7300	9	-4		
1074	10.7400	9	-4		
1075	10.7500	10	-4		
1076	10.7600	10	-4		
1077	10.7700	10	-4		
1078	10.7800	10	-4		
1079	10.7900	10	-4		
1080	10.8000	10	-4		
1081	10.8100	10	-4		
1082	10.8200	10	-4		
1083	10.8300	9	-3		
1084	10.8400	8	-3		
1085	10.8500	7	-3		
1086	10.8600	6	-2		
1087	10.8700	4	-2		
1088	10.8800	2	-2		
1089	10.8900	1	-1		
1090	10.9000	0	0		
1091	10.9100	-2	0		
1092	10.9200	-3	0		
1093	10.9300	-4	0		
1094	10.9400	-6	1		
1095	10.9500	-7	1		
1096	10.9600	-8	2		
1097	10.9700	-9	2		
1098	10.9800	-10	2		
1099	10.9900	-10	2		
1100	11.0000	-10	2		
1101	11.0100	-10	2		
1102	11.0200	-10	3		
1103	11.0300	-10	3		
1104	11.0400	-10	3		
1105	11.0500	-10	3		
1106	11.0600	-10	2		
1107	11.0700	-10	2		
1108	11.0800	-9	2		
1109	11.0900	-8	2		
1110	11.1000	-7	2		
1111	11.1100	-6	1		
1112	11.1200	-4	1		
1113	11.1300	-2	0		
1114	11.1400	-1	0		
1115	11.1500	0	0		
1116	11.1600	2	0		
1117	11.1700	3	-1		
1118	11.1800	4	-1		
1119	11.1900	6	-2		
1120	11.2000	7	-2		
1121	11.2100	8	-2		
1122	11.2200	9	-2		
1123	11.2300	10	-2		
1124	11.2400	10	-3		
1125	11.2500	10	-3		
1126	11.2600	10	-3		
1127	11.2700	10	-3		
1128	11.2800	10	-3		
1129	11.2900	10	-2		
1130	11.3000	10	-2		
1131	11.3100	9	-2		
1132	11.3200	9	-2		
1133	11.3300	8	-2		
1134	11.3400	6	-2		
1135	11.3500	5	-1		
1136	11.3600	3	-1		
1137	11.3700	2	0		
1138	11.3800	0	0		
1139	11.3900	-1	0		
1140	11.4000	-2	0		
1141	11.4100	-4	1		
1142	11.4200	-5	1		
1143	11.4300	-6	2		
1144	11.4400	-8	2		
1145	11.4500	-9	2		
1146	11.4600	-10	2		
1147	11.4700	-10	2		
1148	11.4800	-10	2		
1149	11.4900	-10	2		
1150	11.5000	-10	2		
1151	11.5100	-10	2		
1152	11.5200	-10	2		
1153	11.5300	-10	2		
1154	11.5400	-10	2		
1155	11.5500	-10	2		
1156	11.5600	-10	2		
1157	11.5700	-9	1		
1158	11.5800	-8	1		
1159	11.5900	-6	0		
1160	11.6000	-5	0		
1161	11.6100	-3	0		
1162	11.6200	-2	0		
1163	11.6300	0	-1		
1164	11.6400	1	-1		
1165	11.6500	2	-2		
1166	11.6600	3	-2		
1167	11.6700	4	-2		
1168	11.6800	6	-3		
1169	11.6900	7	-3		
1170	11.7000	8	-3		
1171	11.7100	9	-4		
1172	11.7200	10	-4		
1173	11.7300	10	-4		
1174	11.7400	10	-4		
1175	11.7500	10	-4		
1176	11.7600	10	-4		
1177	11.7700	10	-4		
1178	11.7800	10	-4		
1179	11.7900	10	-3		
1180	11.8000	9	-3		
1181	11.8100	8	-3		
1182	11.8200	7	-2		
1183	11.8300	6	-2		
1184	11.8400	4	-2		
1185	11.8500	2	-1		
1186	11.8600	1	-1		
1187	11.8700	0	0		
1188	11.8800	-2	0		
1189	11.8900	-3	0		
1190	11.9000	-4	1		
1191	11.9100	-6	1		
1192	11.9200	-7	2		
1193	11.9300	-8	2		
1194	11.9400	-9	2		
1195	11.9500	-10	2		
1196	11.9600	-10	3		
1197	11.9700	-10	3		
1198	11.9800	-10	3		
1199	11.9900	-10	3		
1200	12.0000	-10	3		
1201	12.0100	-10	3		
1202	12.0200	-10	3		
1203	12.0300	-10	3		
1204	12.0400	-10	2		
1205	12.0500	-10	2		
1206	12.0600	-8	2		
1207	12.0700	-8	2		
1208	12.0800	-6	2		
1209	12.0900	-4	1		
1210	12.1000	-3	1		
1211	12.1100	-1	0		
1212	12.1200	0	0		
1213	12.1300	1	0		
1214	12.1400	2	-1		
1215	12.1500	4	-1		
1216	12.1600	5	-2		
1217	12.1700	6	-2		
1218	12.1800	8	-2		
1219	12.1900	9	-2		
1220	12.2000	9	-2		
1221	12.2100	10	-3		
1222	12.2200	10	-3		
1223	12.2300	10	-3		
1224	12.2400	10	-3		
1225	12.2500	10	-3		
1226	12.2600	10	-3		
1227	12.2700	10	-3		
1228	12.2800	9	-3		
1229	12.2900	9	-2		
1230	12.3000	8	-2		
1231	12.3100	7	-2		
1232	12.3200	5	-2		
1233	12.3300	4	-1		
1234	12.3400	2	-1		
1235	12.3500	0	0		
1236	12.3600	-1	0		
1237	12.3700	-2	0		
1238	12.3800	-3	0		
1239	12.3900	-4	1		
1240	12.4000	-6	1		
1241	12.4100	-7	2		
1242	12.4200	-8	2		
1243	12.4300	-9	2		
1244	12.4400	-10	2		
1245	12.4500	-10	2		
1246	12.4600	-10	2		
1247	12.4700	-10	2		
1248	12.4800	-10	2		
1249	12.4900	-10	2		
1250	12.5000	-10	2		
1251	12.5100	-10	2		
1252	12.5200	-10	2		
1253	12.5300	-10	2		
1254	12.5400	-9	1		
1255	12.5500	-8	1		
1256	12.5600	-7	1		
1257	12.5700	-5	0		
1258	12.5800	-4	0		
1259	12.5900	-2	0		
1260	12.6000	-1	-1		
1261	12.6100	0	-1		
1262	12.6200	2	-2		
1263	12.6300	3	-2		
1264	12.6400	4	-2		
1265	12.6500	6	-2		
1266	12.6600	7	-3		
1267	12.6700	8	-3		
1268	12.6800	9	-3		
1269	12.6900	10	-4		
1270	12.7000	10	-4		
1271	12.7100	10	-4		
1272	12.7200	10	-4		
1273	12.7300	10	-4		
1274	12.7400	10	-4		
1275	12.7500	10	-3		
1276	12.7600	10	-3		
1277	12.7700	9	-3		
1278	12.7800	8	-2		
1279	12.7900	8	-2		
1280	12.8000	6	-2		
1281	12.8100	5	-2		
1282	12.8200	3	-1		
1283	12.8300	2	0		
1284	12.8400	0	0		
1285	12.8500	-1	0		
1286	12.8600	-2	1		
1287	12.8700	-4	1		
1288	12.8800	-5	2		
1289	12.8900	-6	2		
1290	12.9000	-8	2		
1291	12.9100	-9	2		
1292	12.9200	-10	3		
1293	12.9300	-10	3		
1294	12.9400	-10	3		
1295	12.9500	-10	3		
1296	12.9600	-10	3		
1297	12.9700	-10	3		
1298	12.9800	-10	3		
1299	12.9900	-10	3		
1300	13.0000	-10	3		
1301	13.0100	-10	3		
1302	13.0200	-10	2		
1303	13.0300	-9	2		
1304	13.0400	-8	2		
1305	13.0500	-6	2		
1306	13.0600	-5	1		
1307	13.0700	-3	1		
1308	13.0800	-2	0		
1309	13.0900	0	0		
1310	13.1000	1	0		
1311	13.1100	2	-1		
1312	13.1200	3	-1		
1313	13.1300	5	-2		
1314	13.1400	6	-2		
1315	13.1500	8	-2		
1316	13.1600	8	-2		
1317	13.1700	9	-3		
1318	13.1800	10	-3		
1319	13.1900	10	-3		
1320	13.2000	10	-3		
1321	13.2100	10	-3		
1322	13.2200	10	-3		
1323	13.2300	10	-3		
1324	13.2400	10	-3		
1325	13.2500	10	-3		
1326	13.2600	9	-3		
1327	13.2700	8	-2		
1328	13.2800	7	-2		
1329	13.2900	6	-2		
1330	13.3000	4	-2		
1331	13.3100	2	-1		
1332	13.3200	1	-1		
1333	13.3300	0	0		
1334	13.3400	-2	0		
1335	13.3500	-3	0		
1336	13.3600	-4	0		
1337	13.3700	-6	1		
1338	13.3800	-7	1		
1339	13.3900	-8	2		
1340	13.4000	-9	2		
1341	13.4100	-10	2		
1342	13.4200	-10	2		
1343	13.4300	-10	2		
1344	13.4400	-10	2		
1345	13.4500	-10	2		
1346	13.4600	-10	2		
1347	13.4700	-10	2		
1348	13.4800	-10	2		
1349	13.4900	-10	2		
1350	13.5000	-10	2		
1351	13.5100	-10	2		
1352	13.5200	-8	1		
1353	13.5300	-7	1		
1354	13.5400	-6	0		
1355	13.5500	-4	0		
1356	13.5600	-2	0		
1357	13.5700	-1	0		
1358	13.5800	0	-1		
1359	13.5900	1	-1		
1360	13.6000	2	-2		
1361	13.6100	4	-2		
1362	13.6200	5	-2		
1363	13.6300	6	-2		
1364	13.6400	8	-3		
1365	13.6500	9	-3		
1366	13.6600	10	-3		
1367	13.6700	10	-3		
1368	13.6800	10	-3		
1369	13.6900	10	-3		
1370	13.7000	10	-3		
1371	13.7100	10	-3		
1372	13.7200	10	-3		
1373	13.7300	10	-3		
1374	13.7400	9	-2		
1375	13.7500	9	-2		
1376	13.7600	8	-2		
1377	13.7700	7	-2		
1378	13.7800	5	-1		
1379	13.7900	4	-1		
1380	13.8000	2	0		
1381	13.8100	0	0		
1382	13.8200	-1	0		
1383	13.8300	-2	1		
1384	13.8400	-3	1		
1385	13.8500	-5	2		
1386	13.8600	-6	2		
1387	13.8700	-8	2		
1388	13.8800	-8	2		
1389	13.8900	-9	3		
1390	13.9000	-10	3		
1391	13.9100	-10	3		
1392	13.9200	-10	3		
1393	13.9300	-10	3		
1394	13.9400	-10	3		
1395	13.9500	-10	3		
1396	13.9600	-10	3		
1397	13.9700	-10	3		
1398	13.9800	-10	2		
1399	13.9900	-10	2		
1400	14.0000	-9	2		
1401	14.0100	-8	2		
1402	14.0200	-7	1		
1403	14.0300	-5	1		
1404	14.0400	-4	0		
1405	14.0500	-2	0		
1406	14.0600	-1	0		
1407	14.0700	0	-1		
1408	14.0800	2	-1		
1409	14.0900	3	-2		
1410	14.1000	4	-2		
1411	14.1100	6	-2		
1412	14.1200	7	-2		
1413	14.1300	8	-3		
1414	14.1400	9	-3		
1415	14.1500	10	-3		
1416	14.1600	10	-4		
1417	14.1700	10	-4		
1418	14.1800	10	-4		
1419	14.1900	10	-4		
1420	14.2000	10	-4		
1421	14.2100	10	-4		
1422	14.2200	10	-3		
1423	14.2300	9	-3		
1424	14.2400	8	-3		
1425	14.2500	8	-2		
1426	14.2600	6	-2		
1427	14.2700	4	-2		
1428	14.2800	3	-2		
1429	14.2900	1	-1		
1430	14.3000	0	-1		
1431	14.3100	-1	0		
1432	14.3200	-2	0		
1433	14.3300	-4	0		
1434	14.3400	-5	1		
1435	14.3500	-7	1		
1436	14.3600	-8	1		
1437	14.3700	-9	2		
1438	14.3800	-10	2		
1439	14.3900	-10	2		
1440	14.4000	-10	2		
1441	14.4100	-10	2		
1442	14.4200	-10	2		
1443	14.4300	-10	2		
1444	14.4400	-10	2		
1445	14.4500	-10	2		
1446	14.4600	-10	2		
1447	14.4700	-10	2		
1448	14.4800	-10	2		
1449	14.4900	-9	2		
1450	14.5000	-8	1		
1451	14.5100	-6	1		
1452	14.5200	-4	0		
1453	14.5300	-3	0		
1454	14.5400	-2	0		
1455	14.5500	0	0		
1456	14.5600	1	-1		
1457	14.5700	2	-1		
1458	14.5800	3	-2		
1459	14.5900	5	-2		
1460	14.6000	6	-2		
1461	14.6100	8	-2		
1462	14.6200	9	-3		
1463	14.6300	10	-3		
1464	14.6400	10	-3		
1465	14.6500	10	-3		
1466	14.6600	10	-3		
1467	14.6700	10	-3		
1468	14.6800	10	-3		
1469	14.6900	10	-3		
1470	14.7000	10	-3		
1471	14.7100	10	-2		
1472	14.7200	9	-2		
1473	14.7300	8	-2		
1474	14.7400	7	-2		
1475	14.7500	6	-2		
1476	14.7600	4	-1		
1477	14.7700	2	0		
1478	14.7800	1	0		
1479	14.7900	0	0		
1480	14.8000	-2	0		
1481	14.8100	-3	1		
1482	14.8200	-4	1		
1483	14.8300	-6	2		
1484	14.8400	-7	2		
1485	14.8500	-8	2		
1486	14.8600	-9	2		
1487	14.8700	-10	3		
1488	14.8800	-10	3		
1489	14.8900	-10	3		
1490	14.9000	-10	3		
1491	14.9100	-10	3		
1492	14.9200	-10	3		
1493	14.9300	-10	3		
1494	14.9400	-10	2		
1495	14.9500	-10	2		
1496	14.9600	-10	2		
1497	14.9700	-9	2		
1498	14.9800	-8	2		
1499	14.9900	-7	1		
1500	15.0000	-6	1		
1501	15.0100	-4	0		
1502	15.0200	-2	0		
1503	15.0300	-1	0		
1504	15.0400	0	-1		
1505	15.0500	1	-1		
1506	15.0600	2	-2		
1507	15.0700	4	-2		
1508	15.0800	5	-2		
1509	15.0900	7	-3		
1510	15.1000	8	-3		
1511	15.1100	9	-3		
1512	15.1200	10	-4		
1513	15.1300	10	-4		
1514	15.1400	10	-4		
1515	15.1500	10	-4		
1516	15.1600	10	-4		
1517	15.1700	10	-4		
1518	15.1800	10	-4		
1519	15.1900	10	-4		
1520	15.2000	9	-3		
1521	15.2100	9	-3		
1522	15.2200	8	-3		
1523	15.2300	6	-2		
1524	15.2400	5	-2		
1525	15.2500	3	-2		
1526	15.2600	2	-1		
1527	15.2700	0	-1		
1528	15.2800	-1	0		
1529	15.2900	-2	0		
1530	15.3000	-4	0		
1531	15.3100	-5	1		
1532	15.3200	-6	1		
1533	15.3300	-8	2		
1534	15.3400	-8	2		
1535	15.3500	-10	2		
1536	15.3600	-10	2		
1537	15.3700	-10	2		
1538	15.3800	-10	2		
1539	15.3900	-10	2		
1540	15.4000	-10	2		
1541	15.4100	-10	2		
1542	15.4200	-10	2		
1543	15.4300	-10	2		
1544	15.4400	-10	2		
1545	15.4500	-10	2		
1546	15.4600	-9	2		
1547	15.4700	-8	2		
1548	15.4800	-6	1		
1549	15.4900	-5	1		
1550	15.5000	-4	0		
1551	15.5100	-2	0		
1552	15.5200	-1	0		
1553	15.5300	0	0		
1554	15.5400	2	-1		
1555	15.5500	3	-1		
1556	15.5600	4	-2		
1557	15.5700	6	-2		
1558	15.5800	7	-2		
1559	15.5900	8	-2		
1560	15.6000	9	-3		
1561	15.6100	10	-3		
1562	15.6200	10	-3		
1563	15.6300	10	-3		
1564	15.6400	10	-3		
1565	15.6500	10	-3		
1566	15.6600	10	-3		
1567	15.6700	10	-3		
1568	15.6800	10	-3		
1569	15.6900	9	-2		
1570	15.7000	8	-2		
1571	15.7100	8	-2		
1572	15.7200	6	-2		
1573	15.7300	4	-1		
1574	15.7400	3	-1		
1575	15.7500	1	0		
1576	15.7600	0	0		
1577	15.7700	-2	0		
1578	15.7800	-2	0		
1579	15.7900	-4	1		
1580	15.8000	-5	1		
1581	15.8100	-7	2		
1582	15.8200	-8	2		
1583	15.8300	-9	2		
1584	15.8400	-10	2		
1585	15.8500	-10	2		
1586	15.8600	-10	2		
1587	15.8700	-10	2		
1588	15.8800	-10	2		
1589	15.8900	-10	2		
1590	15.9000	-10	2		
1591	15.9100	-10	2		
1592	15.9200	-10	2		
1593	15.9300	-10	2		
1594	15.9400	-10	2		
1595	15.9500	-9	2		
1596	15.9600	-8	1		
1597	15.9700	-6	1		
1598	15.9800	-4	0		
1599	15.9900	-3	0		
1600	16.0000	-2	0		
1601	16.0100	0	-1		
1602	16.0200	1	-1		
1603	16.0300	2	-2		
1604	16.0400	4	-2		
1605	16.0500	5	-2		
1606	16.0600	6	-3		
1607	16.0700	8	-3		
1608	16.0800	9	-3		
1609	16.0900	9	-3		
1610	16.1000	10	-4		
1611	16.1100	10	-4		
1612	16.1200	10	-4		
1613	16.1300	10	-4		
1614	16.1400	10	-4		
1615	16.1500	10	-3		
1616	16.1600	10	-3		
1617	16.1700	10	-3		
1618	16.1800	9	-3		
1619	16.1900	8	-2		
1620	16.2000	7	-2		
1621	16.2100	6	-2		
1622	16.2200	4	-2		
1623	16.2300	2	-1		
1624	16.2400	1	0		
1625	16.2500	0	0		
1626	16.2600	-2	0		
1627	16.2700	-3	1		
1628	16.2800	-4	1		
1629	16.2900	-6	1		
1630	16.3000	-7	2		
1631	16.3100	-8	2		
1632	16.3200	-9	2		
1633	16.3300	-10	2		
1634	16.3400	-10	3		
1635	16.3500	-10	3		
1636	16.3600	-10	3		
1637	16.3700	-10	3		
1638	16.3800	-10	3		
1639	16.3900	-10	3		
1640	16.4000	-10	3		
1641	16.4100	-10	3		
1642	16.4200	-10	2		
1643	16.4300	-9	2		
1644	16.4400	-8	2		
1645	16.4500	-7	2		
1646	16.4600	-6	1		
1647	16.4700	-4	1		
1648	16.4800	-2	0		
1649	16.4900	-1	0		
1650	16.5000	0	0		
1651	16.5100	2	-1		
1652	16.5200	2	-1		
1653	16.5300	4	-2		
1654	16.5400	5	-2		
1655	16.5500	7	-2		
1656	16.5600	8	-2		
1657	16.5700	9	-3		
1658	16.5800	10	-3		
1659	16.5900	10	-3		
1660	16.6000	10	-3		
1661	16.6100	10	-3		
1662	16.6200	10	-3		
1663	16.6300	10	-3		
1664	16.6400	10	-3		
1665	16.6500	10	-3		
1666	16.6600	9	-3		
1667	16.6700	9	-2		
1668	16.6800	8	-2		
1669	16.6900	6	-2		
1670	16.7000	5	-2		
1671	16.7100	3	-1		
1672	16.7200	2	-1		
1673	16.7300	0	0		
1674	16.7400	-1	0		
1675	16.7500	-2	0		
1676	16.7600	-4	0		
1677	16.7700	-5	1		
1678	16.7800	-6	1		
1679	16.7900	-8	2		
1680	16.8000	-9	2		
1681	16.8100	-10	2		
1682	16.8200	-10	2		
1683	16.8300	-10	2		
1684	16.8400	-10	2		
1685	16.8500	-10	2		
1686	16.8600	-10	2		
1687	16.8700	-10	2		
1688	16.8800	-10	2		
1689	16.8900	-10	2		
1690	16.9000	-10	2		
1691	16.9100	-10	2		
1692	16.9200	-9	2		
1693	16.9300	-8	1		
1694	16.9400	-6	1		
1695	16.9500	-5	0		
1696	16.9600	-3	0		
1697	16.9700	-2	0		
1698	16.9800	0	0		
1699	16.9900	0	-1		
1700	17.0000	2	-2		
1701	17.0100	3	-2		
1702	17.0200	4	-2		
1703	17.0300	6	-2		
1704	17.0400	7	-3		
1705	17.0500	8	-3		
1706	17.0600	9	-3		
1707	17.0700	10	-3		
1708	17.0800	10	-3		
1709	17.0900	10	-4		
1710	17.1000	10	-4		
1711	17.1100	10	-3		
1712	17.1200	10	-3		
1713	17.1300	10	-3		
1714	17.1400	10	-3		
1715	17.1500	9	-2		
1716	17.1600	8	-2		
1717	17.1700	7	-2		
1718	17.1800	6	-2		
1719	17.1900	4	-1		
1720	17.2000	2	-1		
1721	17.2100	1	0		
1722	17.2200	0	0		
1723	17.2300	-2	0		
1724	17.2400	-3	1		
1725	17.2500	-4	1		
1726	17.2600	-6	2		
1727	17.2700	-7	2		
1728	17.2800	-8	2		
1729	17.2900	-9	2		
1730	17.3000	-10	2		
1731	17.3100	-10	3		
1732	17.3200	-10	3		
1733	17.3300	-10	3		
1734	17.3400	-10	3		
1735	17.3500	-10	3		
1736	17.3600	-10	3		
1737	17.3700	-10	3		
1738	17.3800	-10	2		
1739	17.3900	-10	2		
1740	17.4000	-10	2		
1741	17.4100	-8	2		
1742	17.4200	-8	2		
1743	17.4300	-6	1		
1744	17.4400	-4	1		
1745	17.4500	-3	0		
1746	17.4600	-1	0		
1747	17.4700	0	0		
1748	17.4800	1	-1		
1749	17.4900	2	-1		
1750	17.5000	4	-2		
1751	17.5100	5	-2		
1752	17.5200	6	-2		
1753	17.5300	8	-2		
1754	17.5400	9	-3		
1755	17.5500	10	-3		
1756	17.5600	10	-3		
1757	17.5700	10	-3		
1758	17.5800	10	-4		
1759	17.5900	10	-4		
1760	17.6000	10	-4		
1761	17.6100	10	-3		
1762	17.6200	10	-3		
1763	17.6300	9	-3		
1764	17.6400	9	-3		
1765	17.6500	8	-2		
1766	17.6600	7	-2		
1767	17.6700	5	-2		
1768	17.6800	4	-2		
1769	17.6900	2	-1		
1770	17.7000	0	-1		
1771	17.7100	-1	0		
1772	17.7200	-2	0		
1773	17.7300	-3	0		
1774	17.7400	-4	1		
1775	17.7500	-6	1		
1776	17.7600	-7	1		
1777	17.7700	-8	2		
1778	17.7800	-9	2		
1779	17.7900	-10	2		
1780	17.8000	-10	2		
1781	17.8100	-10	2		
1782	17.8200	-10	2		
1783	17.8300	-10	2		
1784	17.8400	-10	2		
1785	17.8500	-10	2		
1786	17.8600	-10	2		
1787	17.8700	-10	2		
1788	17.8800	-10	2		
1789	17.8900	-9	2		
1790	17.9000	-8	1		
1791	17.9100	-7	1		
1792	17.9200	-5	0		
1793	17.9300	-4	0		
1794	17.9400	-2	0		
1795	17.9500	-1	0		
1796	17.9600	0	-1		
1797	17.9700	2	-1		
1798	17.9800	3	-2		
1799	17.9900	4	-2		
1800	18.0000	6	-2		
1801	18.0100	7	-2		
1802	18.0200	8	-3		
1803	18.0300	9	-3		
1804	18.0400	10	-3		
1805	18.0500	10	-3		
1806	18.0600	10	-3		
1807	18.0700	10	-3		
1808	18.0800	10	-3		
1809	18.0900	10	-3		
1810	18.1000	10	-3		
1811	18.1100	10	-3		
1812	18.1200	9	-3		
1813	18.1300	8	-2		
1814	18.1400	8	-2		
1815	18.1500	6	-2		
1816	18.1600	5	-2		
1817	18.1700	3	-1		
1818	18.1800	2	0		
1819	18.1900	0	0		
1820	18.2000	-1	0		
1821	18.2100	-2	0		
1822	18.2200	-4	1		
1823	18.2300	-5	1		
1824	18.2400	-6	2		
1825	18.2500	-8	2		
1826	18.2600	-9	2		
1827	18.2700	-10	2		
1828	18.2800	-10	2		
1829	18.2900	-10	3		
1830	18.3000	-10	3		
1831	18.3100	-10	3		
1832	18.3200	-10	3		
1833	18.3300	-10	3		
1834	18.3400	-10	3		
1835	18.3500	-10	2		
1836	18.3600	-10	2		
1837	18.3700	-10	2		
1838	18.3800	-9	2		
1839	18.3900	-8	2		
1840	18.4000	-6	1		
1841	18.4100	-5	0		
1842	18.4200	-3	0		
1843	18.4300	-2	0		
1844	18.4400	0	0		
1845	18.4500	1	-1		
1846	18.4600	2	-1		
1847	18.4700	3	-2		
1848	18.4800	4	-2		
1849	18.4900	6	-2		
1850	18.5000	8	-3		
1851	18.5100	8	-3		
1852	18.5200	9	-3		
1853	18.5300	10	-3		
1854	18.5400	10	-4		
1855	18.5500	10	-4		
1856	18.5600	10	-4		
1857	18.5700	10	-4		
1858	18.5800	10	-4		
1859	18.5900	10	-3		
1860	18.6000	10	-3		
1861	18.6100	9	-3		
1862	18.6200	8	-3		
1863	18.6300	7	-2		
1864	18.6400	6	-2		
1865	18.6500	4	-2		
1866	18.6600	2	-1		
1867	18.6700	1	-1		
1868	18.6800	0	0		
1869	18.6900	-2	0		
1870	18.7000	-3	0		
1871	18.7100	-4	1		
1872	18.7200	-6	1		
1873	18.7300	-7	1		
1874	18.7400	-8	2		
1875	18.7500	-9	2		
1876	18.7600	-10	2		
1877	18.7700	-10	2		
1878	18.7800	-10	2		
1879	18.7900	-10	2		
1880	18.8000	-10	2		
1881	18.8100	-10	2		
1882	18.8200	-10	2		
1883	18.8300	-10	2		
1884	18.8400	-10	2		
1885	18.8500	-10	2		
1886	18.8600	-10	2		
1887	18.8700	-8	2		
1888	18.8800	-7	1		
1889	18.8900	-6	1		
1890	18.9000	-4	0		
1891	18.9100	-2	0		
1892	18.9200	-1	0		
1893	18.9300	0	0		
1894	18.9400	1	-1		
1895	18.9500	2	-1		
1896	18.9600	4	-2		
1897	18.9700	5	-2		
1898	18.9800	6	-2		
1899	18.9900	8	-2		
1900	19.0000	9	-3		
1901	19.0100	10	-3		
1902	19.0200	10	-3		
1903	19.0300	10	-3		
1904	19.0400	10	-3		
1905	19.0500	10	-3		
1906	19.0600	10	-3		
1907	19.0700	10	-3		
1908	19.0800	10	-3		
1909	19.0900	9	-3		
1910	19.1000	9	-2		
1911	19.1100	8	-2		
1912	19.1200	7	-2		
1913	19.1300	5	-2		
1914	19.1400	4	-1		
1915	19.1500	2	-1		
1916	19.1600	0	0		
1917	19.1700	-1	0		
1918	19.1800	-2	0		
1919	19.1900	-3	1		
1920	19.2000	-4	1		
1921	19.2100	-6	2		
1922	19.2200	-8	2		
1923	19.2300	-8	2		
1924	19.2400	-9	2		
1925	19.2500	-10	2		
1926	19.2600	-10	2		
1927	19.2700	-10	2		
1928	19.2800	-10	3		
1929	19.2900	-10	3		
1930	19.3000	-10	2		
1931	19.3100	-10	2		
1932	19.3200	-10	2		
1933	19.3300	-10	2		
1934	19.3400	-10	2		
1935	19.3500	-9	2		
1936	19.3600	-8	2		
1937	19.3700	-7	1		
1938	19.3800	-5	1		
1939	19.3900	-4	0		
1940	19.4000	-2	0		
1941	19.4100	-1	0		
1942	19.4200	0	-1		
1943	19.4300	2	-1		
1944	19.4400	3	-2		
1945	19.4500	4	-2		
1946	19.4600	6	-2		
1947	19.4700	7	-3		
1948	19.4800	8	-3		
1949	19.4900	9	-3		
1950	19.5000	10	-3		
1951	19.5100	10	-4		
1952	19.5200	10	-4		
1953	19.5300	10	-4		
1954	19.5400	10	-4		
1955	19.5500	10	-4		
1956	19.5600	10	-3		
1957	19.5700	10	-3		
1958	19.5800	9	-3		
1959	19.5900	8	-3		
1960	19.6000	8	-2		
1961	19.6100	6	-2		
1962	19.6200	4	-2		
1963	19.6300	3	-1		
1964	19.6400	1	-1		
1965	19.6500	0	0		
1966	19.6600	-1	0		
1967	19.6700	-2	0		
1968	19.6800	-4	1		
1969	19.6900	-5	1		
1970	19.7000	-6	2		
1971	19.7100	-8	2		
1972	19.7200	-9	2		
1973	19.7300	-10	2		
1974	19.7400	-10	2		
1975	19.7500	-10	2		
1976	19.7600	-10	2		
1977	19.7700	-10	2		
1978	19.7800	-10	2		
1979	19.7900	-10	2		
1980	19.8000	-10	2		
1981	19.8100	-10	2		
1982	19.8200	-10	2		
1983	19.8300	-10	2		
1984	19.8400	-9	2		
1985	19.8500	-8	2		
1986	19.8600	-6	1		
1987	19.8700	-4	1		
1988	19.8800	-3	0		
1989	19.8900	-2	0		
1990	19.9000	0	0		
1991	19.9100	1	-1		
1992	19.9200	2	-1		
1993	19.9300	3	-2		
1994	19.9400	5	-2		
1995	19.9500	6	-2		
1996	19.9600	8	-2		
1997	19.9700	8	-3		
1998	19.9800	9	-3		
1999	19.9900	10	-3		
2000	20.0000	10	-3		
2001	20.0100	10	-3		
2002	20.0200	10	-3		
2003	20.0300	10	-3		
2004	20.0400	10	-3		
2005	20.0500	10	-3		
2006	20.0600	10	-3		
2007	20.0700	9	-2		
2008	20.0800	8	-2		
2009	20.0900	7	-2		
2010	20.1000	6	-2		
2011	20.1100	4	-1		
2012	20.1200	2	-1		
2013	20.1300	1	0		
2014	20.1400	0	0		
2015	20.1500	-2	0		
2016	20.1600	-3	0		
2017	20.1700	-4	1		
2018	20.1800	-6	1		
2019	20.1900	-7	2		
2020	20.2000	-8	2		
2021	20.2100	-9	2		
2022	20.2200	-10	2		
2023	20.2300	-10	2		
2024	20.2400	-10	2		
2025	20.2500	-10	2		
2026	20.2600	-10	2		
2027	20.2700	-10	2		
2028	20.2800	-10	2		
2029	20.2900	-10	2		
2030	20.3000	-10	2		
2031	20.3100	-10	2		
2032	20.3200	-10	2		
2033	20.3300	-8	2		
2034	20.3400	-7	1		
2035	20.3500	-6	1		
2036	20.3600	-4	0		
2037	20.3700	-2	0		
2038	20.3800	-1	0		
2039	20.3900	0	-1		
2040	20.4000	1	-1		
2041	20.4100	2	-2		
2042	20.4200	4	-2		
2043	20.4300	5	-2		
2044	20.4400	7	-2		
2045	20.4500	8	-3		
2046	20.4600	9	-3		
2047	20.4700	10	-3		
2048	20.4800	10	-3		
2049	20.4900	10	-4		
2050	20.5000	10	-4		
2051	20.5100	10	-4		
2052	20.5200	10	-4		
2053	20.5300	10	-3		
2054	20.5400	10	-3		
2055	20.5500	9	-3		
2056	20.5600	9	-3		
2057	20.5700	8	-2		
2058	20.5800	6	-2		
2059	20.5900	5	-2		
2060	20.6000	3	-1		
2061	20.6100	2	-1		
2062	20.6200	0	0		
2063	20.6300	-1	0		
2064	20.6400	-2	0		
2065	20.6500	-4	0		
2066	20.6600	-5	1		
2067	20.6700	-6	1		
2068	20.6800	-8	2		
2069	20.6900	-8	2		
2070	20.7000	-9	2		
2071	20.7100	-10	2		
2072	20.7200	-10	2		
2073	20.7300	-10	2		
2074	20.7400	-10	2		
2075	20.7500	-10	2		
2076	20.7600	-10	2		
2077	20.7700	-10	2		
2078	20.7800	-10	2		
2079	20.7900	-10	2		
2080	20.8000	-10	2		
2081	20.8100	-9	2		
2082	20.8200	-8	2		
2083	20.8300	-6	1		
2084	20.8400	-5	1		
2085	20.8500	-3	0		
2086	20.8600	-2	0		
2087	20.8700	-1	0		
2088	20.8800	0	-1		
2089	20.8900	2	-1		
2090	20.9000	3	-2		
2091	20.9100	4	-2		
2092	20.9200	6	-2		
2093	20.9300	7	-2		
2094	20.9400	8	-3		
2095	20.9500	9	-3		
2096	20.9600	10	-3		
2097	20.9700	10	-3		
2098	20.9800	10	-3		
2099	20.9900	10	-3		
2100	21.0000	10	-3		
2101	21.0100	10	-3		
2102	21.0200	10	-3		
2103	21.0300	10	-3		
2104	21.0400	9	-3		
2105	21.0500	8	-2		
2106	21.0600	8	-2		
2107	21.0700	6	-2		
2108	21.0800	4	-2		
2109	21.0900	3	-1		
2110	21.1000	1	-1		
2111	21.1100	0	0		
2112	21.1200	-1	0		
2113	21.1300	-2	0		
2114	21.1400	-4	1		
2115	21.1500	-5	1		
2116	21.1600	-6	2		
2117	21.1700	-8	2		
2118	21.1800	-9	2		
2119	21.1900	-10	2		
2120	21.2000	-10	2		
2121	21.2100	-10	2		
2122	21.2200	-10	2		
2123	21.2300	-10	2		
2124	21.2400	-11	2		
2125	21.2500	-10	2		
2126	21.2600	-10	2		
2127	21.2700	-10	2		
2128	21.2800	-10	2		
2129	21.2900	-10	2		
2130	21.3000	-9	2		
2131	21.3100	-8	1		
2132	21.3200	-6	1		
2133	21.3300	-4	0		
2134	21.3400	-3	0		
2135	21.3500	-2	0		
2136	21.3600	0	0		
2137	21.3700	1	-1		
2138	21.3800	2	-2		
2139	21.3900	3	-2		
2140	21.4000	5	-2		
2141	21.4100	6	-2		
2142	21.4200	8	-3		
2143	21.4300	9	-3		
2144	21.4400	9	-3		
2145	21.4500	10	-3		
2146	21.4600	10	-3		
2147	21.4700	10	-4		
2148	21.4800	10	-4		
2149	21.4900	10	-3		
2150	21.5000	10	-3		
2151	21.5100	10	-3		
2152	21.5200	10	-3		
2153	21.5300	9	-3		
2154	21.5400	8	-2		
2155	21.5500	7	-2		
2156	21.5600	6	-2		
2157	21.5700	4	-2		
2158	21.5800	2	-1		
2159	21.5900	1	0		
2160	21.6000	0	0		
2161	21.6100	-2	0		
2162	21.6200	-3	0		
2163	21.6300	-4	1		
2164	21.6400	-6	1		
2165	21.6500	-7	2		
2166	21.6600	-8	2		
2167	21.6700	-9	2		
2168	21.6800	-10	2		
2169	21.6900	-10	2		
2170	21.7000	-10	2		
2171	21.7100	-10	2		
2172	21.7200	-10	2		
2173	21.7300	-10	2		
2174	21.7400	-10	2		
2175	21.7500	-10	2		
2176	21.7600	-10	2		
2177	21.7700	-10	2		
2178	21.7800	-9	2		
2179	21.7900	-8	2		
2180	21.8000	-7	1		
2181	21.8100	-6	1		
2182	21.8200	-4	0		
2183	21.8300	-2	0		
2184	21.8400	-1	0		
2185	21.8500	0	0		
2186	21.8600	1	-1		
2187	21.8700	2	-2		
2188	21.8800	4	-2		
2189	21.8900	5	-2		
2190	21.9000	7	-2		
2191	21.9100	8	-3		
2192	21.9200	9	-3		
2193	21.9300	10	-3		
2194	21.9400	10	-3		
2195	21.9500	10	-3		
2196	21.9600	10	-3		
2197	21.9700	10	-3		
2198	21.9800	10	-3		
2199	21.9900	10	-3		
2200	22.0000	10	-3		
2201	22.0100	9	-3		
2202	22.0200	9	-2		
2203	22.0300	8	-2		
2204	22.0400	6	-2		
2205	22.0500	5	-2		
2206	22.0600	3	-1		
2207	22.0700	2	-1		
2208	22.0800	0	0		
2209	22.0900	-1	0		
2210	22.1000	-2	0		
2211	22.1100	-4	1		
2212	22.1200	-5	1		
2213	22.1300	-6	1		
2214	22.1400	-8	2		
2215	22.1500	-9	2		
2216	22.1600	-10	2		
2217	22.1700	-10	2		
2218	22.1800	-10	2		
2219	22.1900	-10	2		
2220	22.2000	-10	2		
2221	22.2100	-10	2		
2222	22.2200	-10	2		
2223	22.2300	-10	2		
2224	22.2400	-10	2		
2225	22.2500	-10	2		
2226	22.2600	-10	2		
2227	22.2700	-9	2		
2228	22.2800	-8	1		
2229	22.2900	-6	1		
2230	22.3000	-5	1		
2231	22.3100	-3	0		
2232	22.3200	-2	0		
2233	22.3300	0	0		
2234	22.3400	0	-1		
2235	22.3500	2	-1		
2236	22.3600	3	-2		
2237	22.3700	4	-2		
2238	22.3800	6	-2		
2239	22.3900	7	-2		
2240	22.4000	8	-3		
2241	22.4100	9	-3		
2242	22.4200	10	-3		
2243	22.4300	10	-3		
2244	22.4400	10	-3		
2245	22.4500	10	-4		
2246	22.4600	10	-3		
2247	22.4700	10	-3		
2248	22.4800	10	-3		
2249	22.4900	10	-3		
2250	22.5000	9	-3		
2251	22.5100	8	-2		
2252	22.5200	7	-2		
2253	22.5300	6	-2		
2254	22.5400	4	-2		
2255	22.5500	2	-1		
2256	22.5600	1	-1		
2257	22.5700	0	0		
2258	22.5800	-2	0		
2259	22.5900	-2	0		
2260	22.6000	-4	1		
2261	22.6100	-5	1		
2262	22.6200	-7	2		
2263	22.6300	-8	2		
2264	22.6400	-9	2		
2265	22.6500	-10	2		
2266	22.6600	-10	2		
2267	22.6700	-10	3		
2268	22.6800	-10	3		
2269	22.6900	-10	3		
2270	22.7000	-10	3		
2271	22.7100	-10	3		
2272	22.7200	-10	2		
2273	22.7300	-10	2		
2274	22.7400	-10	2		
2275	22.7500	-10	2		
2276	22.7600	-9	2		
2277	22.7700	-8	1		
2278	22.7800	-6	1		
2279	22.7900	-4	0		
2280	22.8000	-3	0		
2281	22.8100	-1	0		
2282	22.8200	0	0		
2283	22.8300	1	-1		
2284	22.8400	2	-1		
2285	22.8500	4	-2		
2286	22.8600	5	-2		
2287	22.8700	6	-2		
2288	22.8800	8	-2		
2289	22.8900	9	-3		
2290	22.9000	10	-3		
2291	22.9100	10	-3		
2292	22.9200	10	-3		
2293	22.9300	10	-3		
2294	22.9400	10	-3		
2295	22.9500	10	-3		
2296	22.9600	10	-3		
2297	22.9700	10	-3		
2298	22.9800	10	-3		
2299	22.9900	9	-2		
2300	23.0000	8	-2		
2301	23.0100	7	-2		
2302	23.0200	5	-2		
2303	23.0300	4	-1		
2304	23.0400	2	-1		
2305	23.0500	0	0		
2306	23.0600	0	0		
2307	23.0700	-2	0		
2308	23.0800	-3	0		
2309	23.0900	-4	1		
2310	23.1000	-6	1		
2311	23.1100	-7	2		
2312	23.1200	-8	2		
2313	23.1300	-9	2		
2314	23.1400	-10	2		
2315	23.1500	-10	2		
2316	23.1600	-10	2		
2317	23.1700	-10	2		
2318	23.1800	-10	2		
2319	23.1900	-10	2		
2320	23.2000	-10	2		
2321	23.2100	-10	2		
2322	23.2200	-10	2		
2323	23.2300	-10	2		
2324	23.2400	-9	2		
2325	23.2500	-8	2		
2326	23.2600	-7	1		
2327	23.2700	-6	1		
2328	23.2800	-4	0		
2329	23.2900	-2	0		
2330	23.3000	-1	0		
2331	23.3100	0	-1		
2332	23.3200	2	-1		
2333	23.3300	3	-2		
2334	23.3400	4	-2		
2335	23.3500	6	-2		
2336	23.3600	7	-2		
2337	23.3700	8	-3		
2338	23.3800	9	-3		
2339	23.3900	10	-3		
2340	23.4000	10	-3		
2341	23.4100	10	-3		
2342	23.4200	10	-3		
2343	23.4300	10	-3		
2344	23.4400	10	-3		
2345	23.4500	10	-3		
2346	23.4600	10	-3		
2347	23.4700	9	-3		
2348	23.4800	9	-2		
2349	23.4900	8	-2		
2350	23.5000	6	-2		
2351	23.5100	5	-2		
2352	23.5200	3	-1		
2353	23.5300	2	-1		
2354	23.5400	0	0		
2355	23.5500	-1	0		
2356	23.5600	-2	0		
2357	23.5700	-4	1		
2358	23.5800	-5	1		
2359	23.5900	-6	2		
2360	23.6000	-8	2		
2361	23.6100	-9	2		
2362	23.6200	-10	2		
2363	23.6300	-10	2		
2364	23.6400	-10	3		
2365	23.6500	-10	3		
2366	23.6600	-10	3		
2367	23.6700	-10	3		
2368	23.6800	-10	3		
2369	23.6900	-10	2		
2370	23.7000	-10	2		
2371	23.7100	-10	2		
2372	23.7200	-10	2		
2373	23.7300	-9	2		
2374	23.7400	-8	2		
2375	23.7500	-6	1		
2376	23.7600	-5	1		
2377	23.7700	-3	0		
2378	23.7800	-2	0		
2379	23.7900	0	0		
2380	23.8000	1	-1		
2381	23.8100	2	-1		
2382	23.8200	3	-2		
2383	23.8300	4	-2		
2384	23.8400	6	-2		
2385	23.8500	8	-2		
2386	23.8600	8	-3		
2387	23.8700	9	-3		
2388	23.8800	10	-3		
2389	23.8900	10	-3		
2390	23.9000	10	-3		
2391	23.9100	10	-3		
2392	23.9200	10	-3		
2393	23.9300	10	-3		
2394	23.9400	10	-3		
2395	23.9500	10	-3		
2396	23.9600	9	-3		
2397	23.9700	8	-2		
2398	23.9800	7	-2		
2399	23.9900	6	-2		
2400	24.0000	4	-2		
2401	24.0100	2	-1		
2402	24.0200	1	0		
2403	24.0300	0	0		
2404	24.0400	-2	0		
2405	24.0500	-3	0		
2406	24.0600	-4	1		
2407	24.0700	-6	1		
2408	24.0800	-7	2		
2409	24.0900	-8	2		
2410	24.1000	-9	2		
2411	24.1100	-10	2		
2412	24.1200	-10	2		
2413	24.1300	-10	2		
2414	24.1400	-10	2		
2415	24.1500	-10	2		
2416	24.1600	-10	2		
2417	24.1700	-10	2		
2418	24.1800	-10	2		
2419	24.1900	-10	2		
2420	24.2000	-10	2		
2421	24.2100	-10	2		
2422	24.2200	-8	2		
2423	24.2300	-7	1		
2424	24.2400	-6	1		
2425	24.2500	-4	0		
2426	24.2600	-2	0		
2427	24.2700	-1	0		
2428	24.2800	0	0		
2429	24.2900	1	-1		
2430	24.3000	2	-1		
2431	24.3100	4	-2		
2432	24.3200	5	-2		
2433	24.3300	6	-2		
2434	24.3400	8	-2		
2435	24.3500	9	-3		
2436	24.3600	10	-3		
2437	24.3700	10	-3		
2438	24.3800	10	-3		
2439	24.3900	10	-3		
2440	24.4000	10	-3		
2441	24.4100	10	-3		
2442	24.4200	10	-3		
2443	24.4300	10	-3		
2444	24.4400	10	-3		
2445	24.4500	9	-2		
2446	24.4600	8	-2		
2447	24.4700	7	-2		
2448	24.4800	5	-2		
2449	24.4900	4	-1		
2450	24.5000	2	-1		
2451	24.5100	0	0		
2452	24.5200	-1	0		
2453	24.5300	-2	0		
2454	24.5400	-3	1		
2455	24.5500	-4	1		
2456	24.5600	-6	2		
2457	24.5700	-7	2		
2458	24.5800	-8	2		
2459	24.5900	-9	2		
2460	24.6000	-10	2		
2461	24.6100	-10	3		
2462	24.6200	-10	3		
2463	24.6300	-10	3		
2464	24.6400	-10	3		
2465	24.6500	-10	3		
2466	24.6600	-10	3		
2467	24.6700	-10	3		
2468	24.6800	-10	2		
2469	24.6900	-10	2		
2470	24.7000	-9	2		
2471	24.7100	-8	2		
2472	24.7200	-7	1		
2473	24.7300	-5	1		
2474	24.7400	-4	0		
2475	24.7500	-2	0		
2476	24.7600	-1	0		
2477	24.7700	0	-1		
2478	24.7800	2	-1		
2479	24.7900	3	-2		
2480	24.8000	4	-2		
2481	24.8100	6	-2		
2482	24.8200	7	-2		
2483	24.8300	8	-3		
2484	24.8400	9	-3		
2485	24.8500	10	-3		
2486	24.8600	10	-4		
2487	24.8700	10	-4		
2488	24.8800	10	-4		
2489	24.8900	10	-4		
2490	24.9000	10	-4		
2491	24.9100	10	-4		
2492	24.9200	10	-3		
2493	24.9300	9	-3		
2494	24.9400	8	-3		
2495	24.9500	8	-2		
2496	24.9600	6	-2		
2497	24.9700	5	-2		
2498	24.9800	3	-1		
2499	24.9900	2	-1		
2500	25.0000	0	0		
2501	25.0100	-1	0		
2502	25.0200	-2	0		
2503	25.0300	-4	0		
2504	25.0400	-5	1		
2505	25.0500	-6	1		
2506	25.0600	-8	2		
2507	25.0700	-9	2		
2508	25.0800	-10	2		
2509	25.0900	-10	2		
2510	25.1000	-10	2		
2511	25.1100	-10	2		
2512	25.1200	-10	2		
2513	25.1300	-10	2		
2514	25.1400	-10	2		
2515	25.1500	-10	2		
2516	25.1600	-10	2		
2517	25.1700	-10	2		
2518	25.1800	-10	2		
2519	25.1900	-9	2		
2520	25.2000	-8	1		
2521	25.2100	-6	1		
2522	25.2200	-4	0		
2523	25.2300	-3	0		
2524	25.2400	-2	0		
2525	25.2500	0	0		
2526	25.2600	1	-1		
2527	25.2700	2	-1		
2528	25.2800	3	-2		
2529	25.2900	5	-2		
2530	25.3000	6	-2		
2531	25.3100	8	-2		
2532	25.3200	8	-3		
2533	25.3300	9	-3		
2534	25.3400	10	-3		
2535	25.3500	10	-3		
2536	25.3600	10	-3		
2537	25.3700	10	-3		
2538	25.3800	10	-3		
2539	25.3900	10	-3		
2540	25.4000	10	-3		
2541	25.4100	10	-3		
2542	25.4200	9	-2		
2543	25.4300	8	-2		
2544	25.4400	7	-2		
2545	25.4500	6	-2		
2546	25.4600	4	-1		
2547	25.4700	2	-1		
2548	25.4800	1	0		
2549	25.4900	0	0		
2550	25.5000	-2	0		
2551	25.5100	-3	1		
2552	25.5200	-4	1		
2553	25.5300	-6	1		
2554	25.5400	-7	2		
2555	25.5500	-8	2		
2556	25.5600	-9	2		
2557	25.5700	-10	2		
2558	25.5800	-10	2		
2559	25.5900	-10	2		
2560	25.6000	-10	2		
2561	25.6100	-10	2		
2562	25.6200	-10	2		
2563	25.6300	-10	2		
2564	25.6400	-10	2		
2565	25.6500	-10	2		
2566	25.6600	-10	2		
2567	25.6700	-10	2		
2568	25.6800	-8	2		
2569	25.6900	-7	1		
2570	25.7000	-6	1		
2571	25.7100	-4	0		
2572	25.7200	-2	0		
2573	25.7300	-1	0		
2574	25.7400	0	-1		
2575	25.7500	1	-1		
2576	25.7600	2	-2		
2577	25.7700	4	-2		
2578	25.7800	5	-2		
2579	25.7900	6	-2		
2580	25.8000	8	-3		
2581	25.8100	9	-3		
2582	25.8200	10	-3		
2583	25.8300	10	-3		
2584	25.8400	10	-3		
2585	25.8500	10	-4		
2586	25.8600	10	-4		
2587	25.8700	10	-3		
2588	25.8800	10	-3		
2589	25.8900	10	-3		
2590	25.9000	9	-3		
2591	25.9100	9	-3		
2592	25.9200	8	-2		
2593	25.9300	7	-2		
2594	25.9400	5	-2		
2595	25.9500	4	-1		
2596	25.9600	2	-1		
2597	25.9700	0	0		
2598	25.9800	-1	0		
2599	25.9900	-2	0		
2600	26.0000	-3	0		
2601	26.0100	-5	1		
2602	26.0200	-6	1		
2603	26.0300	-8	2		
2604	26.0400	-8	2		
2605	26.0500	-10	2		
2606	26.0600	-10	2		
2607	26.0700	-10	2		
2608	26.0800	-10	2		
2609	26.0900	-10	3		
2610	26.1000	-10	3		
2611	26.1100	-10	3		
2612	26.1200	-10	2		
2613	26.1300	-10	2		
2614	26.1400	-10	2		
2615	26.1500	-10	2		
2616	26.1600	-9	2		
2617	26.1700	-8	2		
2618	26.1800	-7	1		
2619	26.1900	-5	1		
2620	26.2000	-4	0		
2621	26.2100	-2	0		
2622	26.2200	0	0		
2623	26.2300	0	-1		
2624	26.2400	2	-1		
2625	26.2500	3	-2		
2626	26.2600	4	-2		
2627	26.2700	6	-2		
2628	26.2800	7	-2		
2629	26.2900	8	-3		
2630	26.3000	9	-3		
2631	26.3100	10	-3		
2632	26.3200	10	-3		
2633	26.3300	10	-3		
2634	26.3400	10	-3		
2635	26.3500	10	-4		
2636	26.3600	10	-3		
2637	26.3700	10	-3		
2638	26.3800	10	-3		
2639	26.3900	9	-3		
2640	26.4000	8	-2		
2641	26.4100	8	-2		
2642	26.4200	6	-2		
2643	26.4300	4	-2		
2644	26.4400	3	-1		
2645	26.4500	1	-1		
2646	26.4600	0	0		
2647	26.4700	-1	0		
2648	26.4800	-2	0		
2649	26.4900	-4	1		
2650	26.5000	-5	1		
2651	26.5100	-6	2		
2652	26.5200	-8	2		
2653	26.5300	-9	2		
2654	26.5400	-10	2		
2655	26.5500	-10	2		
2656	26.5600	-10	2		
2657	26.5700	-10	2		
2658	26.5800	-10	2		
2659	26.5900	-10	2		
2660	26.6000	-10	2		
2661	26.6100	-10	2		
2662	26.6200	-10	2		
2663	26.6300	-10	2		
2664	26.6400	-10	2		
2665	26.6500	-9	2		
2666	26.6600	-8	1		
2667	26.6700	-6	1		
2668	26.6800	-4	0		
2669	26.6900	-3	0		
2670	26.7000	-2	0		
2671	26.7100	0	-1		
2672	26.7200	1	-1		
2673	26.7300	2	-2		
2674	26.7400	4	-2		
2675	26.7500	5	-2		
2676	26.7600	6	-2		
2677	26.7700	8	-3		
2678	26.7800	8	-3		
2679	26.7900	9	-3		
2680	26.8000	10	-3		
2681	26.8100	10	-4		
2682	26.8200	10	-4		
2683	26.8300	10	-4		
2684	26.8400	10	-4		
2685	26.8500	10	-3		
2686	26.8600	10	-3		
2687	26.8700	10	-3		
2688	26.8800	9	-3		
2689	26.8900	8	-2		
2690	26.9000	7	-2		
2691	26.9100	6	-2		
2692	26.9200	4	-1		
2693	26.9300	2	-1		
2694	26.9400	1	0		
2695	26.9500	0	0		
2696	26.9600	-2	0		
2697	26.9700	-3	0		
2698	26.9800	-4	1		
2699	26.9900	-6	1		
2700	27.0000	-7	2		
2701	27.0100	-8	2		
2702	27.0200	-9	2		
2703	27.0300	-10	2		
2704	27.0400	-10	2		
2705	27.0500	-10	2		
2706	27.0600	-10	3		
2707	27.0700	-10	3		
2708	27.0800	-10	3		
2709	27.0900	-10	2		
2710	27.1000	-10	2		
2711	27.1100	-10	2		
2712	27.1200	-10	2		
2713	27.1300	-9	2		
2714	27.1400	-8	2		
2715	27.1500	-7	1		
2716	27.1600	-6	1		
2717	27.1700	-4	0		
2718	27.1800	-2	0		
2719	27.1900	-1	0		
2720	27.2000	0	0		
2721	27.2100	2	-1		
2722	27.2200	3	-1		
2723	27.2300	4	-2		
2724	27.2400	5	-2		
2725	27.2500	7	-2		
2726	27.2600	8	-2		
2727	27.2700	9	-3		
2728	27.2800	10	-3		
2729	27.2900	10	-3		
2730	27.3000	10	-3		
2731	27.3100	10	-3		
2732	27.3200	10	-3		
2733	27.3300	10	-3		
2734	27.3400	10	-3		
2735	27.3500	10	-3		
2736	27.3600	9	-3		
2737	27.3700	9	-2		
2738	27.3800	8	-2		
2739	27.3900	6	-2		
2740	27.4000	5	-2		
2741	27.4100	3	-1		
2742	27.4200	2	-1		
2743	27.4300	0	0		
2744	27.4400	-1	0		
2745	27.4500	-2	0		
2746	27.4600	-4	0		
2747	27.4700	-5	1		
2748	27.4800	-6	1		
2749	27.4900	-8	2		
2750	27.5000	-8	2		
2751	27.5100	-10	2		
2752	27.5200	-10	2		
2753	27.5300	-10	2		
2754	27.5400	-10	2		
2755	27.5500	-10	2		
2756	27.5600	-11	2		
2757	27.5700	-11	2		
2758	27.5800	-11	2		
2759	27.5900	-10	2		
2760	27.6000	-10	2		
2761	27.6100	-10	2		
2762	27.6200	-9	2		
2763	27.6300	-8	1		
2764	27.6400	-6	1		
2765	27.6500	-5	0		
2766	27.6600	-4	0		
2767	27.6700	-2	0		
2768	27.6800	-1	0		
2769	27.6900	1	-1		
2770	27.7000	2	-1		
2771	27.7100	3	-2		
2772	27.7200	4	-2		
2773	27.7300	6	-2		
2774	27.7400	7	-3		
2775	27.7500	8	-3		
2776	27.7600	9	-3		
2777	27.7700	10	-3		
2778	27.7800	10	-3		
2779	27.7900	10	-4		
2780	27.8000	10	-4		
2781	27.8100	10	-4		
2782	27.8200	10	-3		
2783	27.8300	10	-3		
2784	27.8400	10	-3		
2785	27.8500	9	-3		
2786	27.8600	8	-2		
2787	27.8700	8	-2		
2788	27.8800	6	-2		
2789	27.8900	4	-2		
2790	27.9000	2	-1		
2791	27.9100	1	0		
2792	27.9200	0	0		
2793	27.9300	-2	0		
2794	27.9400	-3	0		
2795	27.9500	-4	1		
2796	27.9600	-6	1		
2797	27.9700	-7	2		
2798	27.9800	-8	2		
2799	27.9900	-9	2		
2800	28.0000	-10	2		
2801	28.0100	-10	3		
2802	28.0200	-10	3		
2803	28.0300	-10	3		
2804	28.0400	-11	3		
2805	28.0500	-11	3		
2806	28.0600	-11	3		
2807	28.0700	-10	3		
2808	28.0800	-10	2		
2809	28.0900	-10	2		
2810	28.1000	-10	2		
2811	28.1100	-8	2		
2812	28.1200	-8	1		
2813	28.1300	-6	1		
2814	28.1400	-4	0		
2815	28.1500	-3	0		
2816	28.1600	-2	0		
2817	28.1700	0	0		
2818	28.1800	1	-1		
2819	28.1900	2	-1		
2820	28.2000	4	-2		
2821	28.2100	5	-2		
2822	28.2200	6	-2		
2823	28.2300	8	-3		
2824	28.2400	8	-3		
2825	28.2500	9	-3		
2826	28.2600	10	-3		
2827	28.2700	10	-3		
2828	28.2800	10	-3		
2829	28.2900	10	-3		
2830	28.3000	10	-3		
2831	28.3100	10	-3		
2832	28.3200	10	-3		
2833	28.3300	10	-3		
2834	28.3400	9	-2		
2835	28.3500	8	-2		
2836	28.3600	7	-2		
2837	28.3700	5	-2		
2838	28.3800	4	-1		
2839	28.3900	2	-1		
2840	28.4000	1	0		
2841	28.4100	0	0		
2842	28.4200	-2	0		
2843	28.4300	-3	0		
2844	28.4400	-4	1		
2845	28.4500	-6	1		
2846	28.4600	-7	2		
2847	28.4700	-8	2		
2848	28.4800	-9	2		
2849	28.4900	-10	2		
2850	28.5000	-10	2		
2851	28.5100	-10	2		
2852	28.5200	-11	2		
2853	28.5300	-11	2		
2854	28.5400	-11	2		
2855	28.5500	-11	2		
2856	28.5600	-10	2		
2857	28.5700	-10	2		
2858	28.5800	-10	2		
2859	28.5900	-9	2		
2860	28.6000	-8	2		
2861	28.6100	-7	1		
2862	28.6200	-6	1		
2863	28.6300	-4	0		
2864	28.6400	-2	0		
2865	28.6500	-1	0		
2866	28.6600	0	-1		
2867	28.6700	2	-1		
2868	28.6800	3	-2		
2869	28.6900	4	-2		
2870	28.7000	6	-2		
2871	28.7100	7	-2		
2872	28.7200	8	-3		
2873	28.7300	9	-3		
2874	28.7400	10	-3		
2875	28.7500	10	-3		
2876	28.7600	10	-3		
2877	28.7700	10	-3		
2878	28.7800	10	-3		
2879	28.7900	10	-3		
2880	28.8000	10	-3		
2881	28.8100	10	-3		
2882	28.8200	9	-3		
2883	28.8300	9	-2		
2884	28.8400	8	-2		
2885	28.8500	6	-2		
2886	28.8600	5	-2		
2887	28.8700	3	-1		
2888	28.8800	2	-1		
2889	28.8900	0	0		
2890	28.9000	-1	0		
2891	28.9100	-2	0		
2892	28.9200	-4	1		
2893	28.9300	-5	1		
2894	28.9400	-6	2		
2895	28.9500	-8	2		
2896	28.9600	-9	2		
2897	28.9700	-10	2		
2898	28.9800	-10	2		
2899	28.9900	-10	2		
2900	29.0000	-10	3		
2901	29.0100	-11	3		
2902	29.0200	-11	3		
2903	29.0300	-11	3		
2904	29.0400	-10	2		
2905	29.0500	-10	2		
2906	29.0600	-10	2		
2907	29.0700	-10	2		
2908	29.0800	-9	2		
2909	29.0900	-8	2		
2910	29.1000	-6	1		
2911	29.1100	-5	1		
2912	29.1200	-3	0		
2913	29.1300	-2	0		
2914	29.1400	0	0		
2915	29.1500	1	-1		
2916	29.1600	2	-1		
2917	29.1700	3	-2		
2918	29.1800	4	-2		
2919	29.1900	6	-2		
2920	29.2000	7	-2		
2921	29.2100	8	-3		
2922	29.2200	9	-3		
2923	29.2300	10	-3		
2924	29.2400	10	-3		
2925	29.2500	10	-4		
2926	29.2600	10	-4		
2927	29.2700	10	-4		
2928	29.2800	10	-3		
2929	29.2900	10	-3		
2930	29.3000	10	-3		
2931	29.3100	9	-3		
2932	29.3200	8	-2		
2933	29.3300	7	-2		
2934	29.3400	6	-2		
2935	29.3500	4	-2		
2936	29.3600	2	-1		
2937	29.3700	1	-1		
2938	29.3800	0	0		
2939	29.3900	-2	0		
2940	29.4000	-3	0		
2941	29.4100	-4	1		
2942	29.4200	-6	1		
2943	29.4300	-7	2		
2944	29.4400	-8	2		
2945	29.4500	-9	2		
2946	29.4600	-10	2		
2947	29.4700	-10	2		
2948	29.4800	-10	2		
2949	29.4900	-10	2		
2950	29.5000	-11	2		
2951	29.5100	-11	2		
2952	29.5200	-11	2		
2953	29.5300	-10	2		
2954	29.5400	-10	2		
2955	29.5500	-10	2		
2956	29.5600	-10	2		
2957	29.5700	-8	2		
2958	29.5800	-7	1		
2959	29.5900	-6	1		
2960	29.6000	-4	0		
2961	29.6100	-3	0		
2962	29.6200	-1	0		
2963	29.6300	0	0		
2964	29.6400	1	-1		
2965	29.6500	2	-2		
2966	29.6600	4	-2		
2967	29.6700	5	-2		
2968	29.6800	6	-2		
2969	29.6900	8	-2		
2970	29.7000	9	-3		
2971	29.7100	10	-3		
2972	29.7200	10	-3		
2973	29.7300	10	-3		
2974	29.7400	10	-3		
2975	29.7500	10	-3		
2976	29.7600	10	-3		
2977	29.7700	10	-3		
2978	29.7800	10	-3		
2979	29.7900	9	-3		
2980	29.8000	9	-2		
2981	29.8100	8	-2		
2982	29.8200	7	-2		
2983	29.8300	5	-2		
2984	29.8400	4	-1		
2985	29.8500	2	-1		
2986	29.8600	0	0		
2987	29.8700	-1	0		
2988	29.8800	-2	0		
2989	29.8900	-3	1		
2990	29.9000	-5	1		
2991	29.9100	-6	2		
2992	29.9200	-8	2		
2993	29.9300	-8	2		
2994	29.9400	-9	2		
2995	29.9500	-10	2		
2996	29.9600	-10	2		
2997	29.9700	-10	2		
2998	29.9800	-11	2		
2999	29.9900	-11	2		
3000	30.0000	-11	2		
3001	30.0100	-11	2		
3002	30.0200	-10	2		
3003	30.0300	-10	2		
3004	30.0400	-10	2		
3005	30.0500	-9	2		
3006	30.0600	-8	2		
3007	30.0700	-7	1		
3008	30.0800	-5	1		
3009	30.0900	-4	0		
3010	30.1000	-2	0		
3011	30.1100	-1	0		
3012	30.1200	0	-1		
3013	30.1300	2	-1		
3014	30.1400	3	-2		
3015	30.1500	4	-2		
3016	30.1600	6	-2		
3017	30.1700	7	-3		
3018	30.1800	8	-3		
3019	30.1900	9	-3		
3020	30.2000	10	-3		
3021	30.2100	10	-3		
3022	30.2200	10	-4		
3023	30.2300	10	-4		
3024	30.2400	10	-4		
3025	30.2500	10	-4		
3026	30.2600	10	-3		
3027	30.2700	10	-3		
3028	30.2800	9	-3		
3029	30.2900	8	-3		
3030	30.3000	8	-2		
3031	30.3100	6	-2		
3032	30.3200	4	-2		
3033	30.3300	3	-1		
3034	30.3400	1	-1		
3035	30.3500	0	0		
3036	30.3600	-1	0		
3037	30.3700	-2	0		
3038	30.3800	-4	0		
3039	30.3900	-5	1		
3040	30.4000	-6	1		
3041	30.4100	-8	2		
3042	30.4200	-9	2		
3043	30.4300	-10	2		
3044	30.4400	-10	2		
3045	30.4500	-10	2		
3046	30.4600	-10	2		
3047	30.4700	-11	2		
3048	30.4800	-11	2		
3049	30.4900	-11	2		
3050	30.5000	-10	2		
3051	30.5100	-10	2		
3052	30.5200	-10	2		
3053	30.5300	-10	2		
3054	30.5400	-9	2		
3055	30.5500	-8	1		
3056	30.5600	-6	1		
3057	30.5700	-5	1		
3058	30.5800	-3	0		
3059	30.5900	-2	0		
3060	30.6000	0	0		
3061	30.6100	1	-1		
3062	30.6200	2	-1		
3063	30.6300	3	-2		
3064	30.6400	5	-2		
3065	30.6500	6	-2		
3066	30.6600	8	-2		
3067	30.6700	8	-3		
3068	30.6800	9	-3		
3069	30.6900	10	-3		
3070	30.7000	10	-3		
3071	30.7100	10	-3		
3072	30.7200	10	-3		
3073	30.7300	10	-3		
3074	30.7400	10	-3		
3075	30.7500	10	-3		
3076	30.7600	9	-3		
3077	30.7700	9	-3		
3078	30.7800	8	-2		
3079	30.7900	6	-2		
3080	30.8000	4	-2		
3081	30.8100	2	-2		
3082	30.8200	1	-1		
3083	30.8300	-1	0		
3084	30.8400	-2	0		
3085	30.8500	-3	0		
3086	30.8600	-5	0		
3087	30.8700	-6	1		
3088	30.8800	-8	1		
3089	30.8900	-9	1		
3090	30.9000	-10	2		
3091	30.9100	-10	2		
3092	30.9200	-10	2		
3093	30.9300	-11	2		
3094	30.9400	-11	2		
3095	30.9500	-10	2		
3096	30.9600	-10	2		
3097	30.9700	-10	2		
3098	30.9800	-10	2		
3099	30.9900	-10	2		
3100	31.0000	-8	2		
3101	31.0100	-7	1		
3102	31.0200	-6	1		
3103	31.0300	-4	0		
3104	31.0400	-2	0		
3105	31.0500	0	0		
3106	31.0600	2	0		
3107	31.0700	3	0		
3108	31.0800	4	-1		
3109	31.0900	6	-1		
3110	31.1000	7	-2		
3111	31.1100	8	-2		
3112	31.1200	9	-2		
3113	31.1300	10	-2		
3114	31.1400	10	-2		
3115	31.1500	11	-2		
3116	31.1600	10	-2		
3117	31.1700	10	-2		
3118	31.1800	10	-2		
3119	31.1900	9	-2		
3120	31.2000	8	-2		
3121	31.2100	8	-2		
3122	31.2200	6	-1		
3123	31.2300	5	-1		
3124	31.2400	3	0		
3125	31.2500	0	0		
3126	31.2600	-1	0		
3127	31.2700	-3	0		
3128	31.2800	-4	0		
3129	31.2900	-6	1		
3130	31.3000	-7	1		
3131	31.3100	-8	1		
3132	31.3200	-9	2		
3133	31.3300	-10	2		
3134	31.3400	-11	2		
3135	31.3500	-11	2		
3136	31.3600	-11	2		
3137	31.3700	-11	2		
3138	31.3800	-10	2		
3139	31.3900	-10	1		
3140	31.4000	-10	1		
3141	31.4100	-10	1		
3142	31.4200	-9	1		
3143	31.4300	-7	0		
3144	31.4400	-6	0		
3145	31.4500	-4	0		
3146	31.4600	-2	-1		
3147	31.4700	0	-1		
3148	31.4800	2	-1		
3149	31.4900	3	-2		
3150	31.5000	4	-2		
3151	31.5100	6	-2		
3152	31.5200	7	-2		
3153	31.5300	8	-2		
3154	31.5400	9	-3		
3155	31.5500	10	-3		
3156	31.5600	10	-3		
3157	31.5700	11	-3		
3158	31.5800	11	-3		
3159	31.5900	10	-3		
3160	31.6000	10	-2		
3161	31.6100	9	-2		
3162	31.6200	8	-2		
3163	31.6300	8	-2		
3164	31.6400	6	-2		
3165	31.6500	4	-2		
3166	31.6600	2	-1		
3167	31.6700	0	-1		
3168	31.6800	-1	0		
3169	31.6900	-3	0		
3170	31.7000	-4	0		
3171	31.7100	-6	0		
3172	31.7200	-7	1		
3173	31.7300	-8	1		
3174	31.7400	-9	2		
3175	31.7500	-10	2		
3176	31.7600	-11	2		
3177	31.7700	-11	2		
3178	31.7800	-11	2		
3179	31.7900	-11	2		
3180	31.8000	-10	2		
3181	31.8100	-10	2		
3182	31.8200	-10	2		
3183	31.8300	-10	2		
3184	31.8400	-9	1		
3185	31.8500	-7	1		
3186	31.8600	-6	1		
3187	31.8700	-4	0		
3188	31.8800	-2	0		
3189	31.8900	0	0		
3190	31.9000	2	0		
3191	31.9100	3	-1		
3192	31.9200	4	-1		
3193	31.9300	6	-1		
3194	31.9400	7	-1		
3195	31.9500	8	-2		
3196	31.9600	9	-2		
3197	31.9700	10	-2		
3198	31.9800	10	-2		
3199	31.9900	11	-2		
3200	32.0000	10	-2		
3201	32.0100	10	-2		
3202	32.0200	10	-2		
3203	32.0300	9	-2		
3204	32.0400	8	-2		
3205	32.0500	8	-1		
3206	32.0600	6	-1		
3207	32.0700	5	-1		
3208	32.0800	2	0		
3209	32.0900	0	0		
3210	32.1000	-2	0		
3211	32.1100	-3	0		
3212	32.1200	-4	1		
3213	32.1300	-6	1		
3214	32.1400	-7	1		
3215	32.1500	-8	2		
3216	32.1600	-9	2		
3217	32.1700	-10	2		
3218	32.1800	-11	2		
3219	32.1900	-11	2		
3220	32.2000	-11	2		
3221	32.2100	-11	2		
3222	32.2200	-10	2		
3223	32.2300	-10	2		
3224	32.2400	-10	1		
3225	32.2500	-10	1		
3226	32.2600	-8	1		
3227	32.2700	-7	0		
3228	32.2800	-6	0		
3229	32.2900	-4	0		
3230	32.3000	-2	0		
