#	time(s)	count A	count B	count C	count D
1	0.0100	1	4		
2	0.0200	2	5		
3	0.0300	2	5		
4	0.0400	3	6		
5	0.0500	3	6		
6	0.0600	4	6		
7	0.0700	4	7		
8	0.0800	4	7		
9	0.0900	5	7		
10	0.1000	5	8		
11	0.1100	6	8		
12	0.1200	6	8		
13	0.1300	6	8		
14	0.1400	7	8		
15	0.1500	7	9		
16	0.1600	7	9		
17	0.1700	8	9		
18	0.1800	8	9		
19	0.1900	8	9		
20	0.2000	8	9		
21	0.2100	9	9		
22	0.2200	9	9		
23	0.2300	9	9		
24	0.2400	9	9		
25	0.2500	9	9		
26	0.2600	9	9		
27	0.2700	10	9		
28	0.2800	10	9		
29	0.2900	10	9		
30	0.3000	10	9		
31	0.3100	10	9		
32	0.3200	10	8		
33	0.3300	10	8		
34	0.3400	10	8		
35	0.3500	10	8		
36	0.3600	10	8		
37	0.3700	10	8		
38	0.3800	10	8		
39	0.3900	10	7		
40	0.4000	10	7		
41	0.4100	10	7		
42	0.4200	10	6		
43	0.4300	10	6		
44	0.4400	10	6		
45	0.4500	10	6		
46	0.4600	9	6		
47	0.4700	9	6		
48	0.4800	8	5		
49	0.4900	8	5		
50	0.5000	8	5		
51	0.5100	7	4		
52	0.5200	7	4		
53	0.5300	7	4		
54	0.5400	6	4		
55	0.5500	6	4		
56	0.5600	5	4		
57	0.5700	5	3		
58	0.5800	4	3		
59	0.5900	4	3		
60	0.6000	4	2		
61	0.6100	3	2		
62	0.6200	3	2		
63	0.6300	2	2		
64	0.6400	2	2		
65	0.6500	1	1		
66	0.6600	0	1		
67	0.6700	0	0		
68	0.6800	0	0		
69	0.6900	-1	0		
70	0.7000	-1	0		
71	0.7100	-2	0		
72	0.7200	-2	-1		
73	0.7300	-3	-1		
74	0.7400	-3	-1		
75	0.7500	-4	-2		
76	0.7600	-4	-2		
77	0.7700	-4	-2		
78	0.7800	-5	-2		
79	0.7900	-6	-3		
80	0.8000	-6	-3		
81	0.8100	-6	-4		
82	0.8200	-7	-4		
83	0.8300	-7	-4		
84	0.8400	-7	-4		
85	0.8500	-8	-4		
86	0.8600	-8	-5		
87	0.8700	-8	-5		
88	0.8800	-9	-6		
89	0.8900	-9	-6		
90	0.9000	-9	-6		
91	0.9100	-10	-6		
92	0.9200	-10	-7		
93	0.9300	-10	-7		
94	0.9400	-10	-7		
95	0.9500	-10	-8		
96	0.9600	-10	-8		
97	0.9700	-10	-8		
98	0.9800	-10	-8		
99	0.9900	-10	-8		
100	1.0000	-10	-9		
101	1.0100	-11	-9		
102	1.0200	-11	-9		
103	1.0300	-10	-10		
104	1.0400	-10	-10		
105	1.0500	-10	-10		
106	1.0600	-10	-10		
107	1.0700	-10	-10		
108	1.0800	-10	-10		
109	1.0900	-10	-10		
110	1.1000	-10	-10		
111	1.1100	-10	-10		
112	1.1200	-10	-10		
113	1.1300	-10	-10		
114	1.1400	-10	-10		
115	1.1500	-10	-10		
116	1.1600	-10	-10		
117	1.1700	-10	-10		
118	1.1800	-10	-10		
119	1.1900	-9	-10		
120	1.2000	-9	-10		
121	1.2100	-8	-10		
122	1.2200	-8	-10		
123	1.2300	-8	-9		
124	1.2400	-8	-9		
125	1.2500	-7	-9		
126	1.2600	-7	-8		
127	1.2700	-6	-8		
128	1.2800	-6	-8		
129	1.2900	-6	-8		
130	1.3000	-5	-7		
131	1.3100	-4	-6		
132	1.3200	-4	-6		
133	1.3300	-4	-6		
134	1.3400	-3	-5		
135	1.3500	-2	-5		
136	1.3600	-2	-4		
137	1.3700	-2	-4		
138	1.3800	-1	-4		
139	1.3900	-1	-3		
140	1.4000	0	-2		
141	1.4100	0	-2		
142	1.4200	1	-1		
143	1.4300	1	-1		
144	1.4400	2	0		
145	1.4500	2	0		
146	1.4600	3	1		
147	1.4700	3	2		
148	1.4800	4	2		
149	1.4900	4	3		
150	1.5000	4	3		
151	1.5100	5	4		
152	1.5200	5	4		
153	1.5300	6	5		
154	1.5400	6	6		
155	1.5500	6	6		
156	1.5600	7	6		
157	1.5700	7	7		
158	1.5800	8	8		
159	1.5900	8	8		
160	1.6000	8	8		
161	1.6100	8	9		
162	1.6200	9	10		
163	1.6300	9	10		
164	1.6400	9	10		
165	1.6500	9	11		
166	1.6600	9	11		
167	1.6700	9	11		
168	1.6800	10	12		
169	1.6900	10	12		
170	1.7000	10	12		
171	1.7100	10	12		
172	1.7200	10	12		
173	1.7300	10	12		
174	1.7400	10	12		
175	1.7500	10	12		
176	1.7600	10	12		
177	1.7700	10	12		
178	1.7800	10	12		
179	1.7900	10	12		
180	1.8000	10	12		
181	1.8100	10	12		
182	1.8200	10	12		
183	1.8300	10	12		
184	1.8400	10	12		
185	1.8500	10	11		
186	1.8600	10	11		
187	1.8700	10	11		
188	1.8800	9	10		
189	1.8900	8	10		
190	1.9000	8	10		
191	1.9100	8	9		
192	1.9200	8	9		
193	1.9300	8	8		
194	1.9400	7	8		
195	1.9500	7	8		
196	1.9600	6	7		
197	1.9700	6	6		
198	1.9800	5	6		
199	1.9900	4	5		
200	2.0000	4	5		
201	2.0100	4	4		
202	2.0200	4	4		
203	2.0300	3	3		
204	2.0400	2	2		
205	2.0500	2	2		
206	2.0600	2	1		
207	2.0700	1	1		
208	2.0800	0	0		
209	2.0900	0	0		
210	2.1000	0	-1		
211	2.1100	-1	-2		
212	2.1200	-1	-2		
213	2.1300	-2	-3		
214	2.1400	-2	-4		
215	2.1500	-3	-4		
216	2.1600	-4	-4		
217	2.1700	-4	-5		
218	2.1800	-4	-6		
219	2.1900	-5	-6		
220	2.2000	-5	-7		
221	2.2100	-6	-7		
222	2.2200	-6	-8		
223	2.2300	-6	-8		
224	2.2400	-7	-8		
225	2.2500	-7	-9		
226	2.2600	-8	-9		
227	2.2700	-8	-10		
228	2.2800	-8	-10		
229	2.2900	-8	-10		
230	2.3000	-9	-10		
231	2.3100	-9	-10		
232	2.3200	-9	-11		
233	2.3300	-10	-11		
234	2.3400	-10	-11		
235	2.3500	-10	-11		
236	2.3600	-10	-12		
237	2.3700	-10	-12		
238	2.3800	-10	-12		
239	2.3900	-10	-12		
240	2.4000	-10	-12		
241	2.4100	-10	-12		
242	2.4200	-10	-12		
243	2.4300	-10	-12		
244	2.4400	-10	-11		
245	2.4500	-10	-11		
246	2.4600	-10	-11		
247	2.4700	-10	-11		
248	2.4800	-10	-11		
249	2.4900	-10	-10		
250	2.5000	-10	-10		
251	2.5100	-10	-10		
252	2.5200	-10	-10		
253	2.5300	-10	-10		
254	2.5400	-10	-9		
255	2.5500	-10	-9		
256	2.5600	-10	-8		
257	2.5700	-10	-8		
258	2.5800	-10	-8		
259	2.5900	-10	-8		
260	2.6000	-9	-7		
261	2.6100	-9	-7		
262	2.6200	-8	-6		
263	2.6300	-8	-6		
264	2.6400	-8	-6		
265	2.6500	-8	-5		
266	2.6600	-8	-5		
267	2.6700	-7	-4		
268	2.6800	-6	-4		
269	2.6900	-6	-4		
270	2.7000	-6	-3		
271	2.7100	-5	-3		
272	2.7200	-5	-2		
273	2.7300	-4	-2		
274	2.7400	-4	-2		
275	2.7500	-3	-1		
276	2.7600	-3	-1		
277	2.7700	-2	0		
278	2.7800	-2	0		
279	2.7900	-2	0		
280	2.8000	-1	0		
281	2.8100	0	1		
282	2.8200	0	1		
283	2.8300	0	2		
284	2.8400	1	2		
285	2.8500	2	2		
286	2.8600	2	2		
287	2.8700	2	3		
288	2.8800	3	3		
289	2.8900	4	3		
290	2.9000	4	4		
291	2.9100	4	4		
292	2.9200	5	4		
293	2.9300	5	4		
294	2.9400	6	4		
295	2.9500	6	5		
296	2.9600	6	5		
297	2.9700	7	5		
298	2.9800	7	6		
299	2.9900	7	6		
300	3.0000	8	6		
301	3.0100	8	6		
302	3.0200	8	6		
303	3.0300	8	6		
304	3.0400	9	7		
305	3.0500	9	7		
306	3.0600	9	7		
307	3.0700	9	7		
308	3.0800	9	8		
309	3.0900	9	8		
310	3.1000	10	8		
311	3.1100	10	8		
312	3.1200	10	8		
313	3.1300	10	8		
314	3.1400	10	8		
315	3.1500	10	8		
316	3.1600	10	8		
317	3.1700	10	8		
318	3.1800	10	8		
319	3.1900	10	8		
320	3.2000	10	8		
321	3.2100	10	8		
322	3.2200	10	8		
323	3.2300	10	8		
324	3.2400	10	8		
325	3.2500	10	8		
326	3.2600	10	8		
327	3.2700	10	8		
328	3.2800	10	8		
329	3.2900	10	8		
330	3.3000	9	8		
331	3.3100	8	8		
332	3.3200	8	8		
333	3.3300	8	8		
334	3.3400	8	8		
335	3.3500	8	7		
336	3.3600	7	7		
337	3.3700	6	7		
338	3.3800	6	7		
339	3.3900	5	6		
340	3.4000	5	6		
341	3.4100	4	6		
342	3.4200	4	6		
343	3.4300	4	5		
344	3.4400	4	5		
345	3.4500	3	5		
346	3.4600	2	4		
347	3.4700	2	4		
348	3.4800	1	4		
349	3.4900	1	3		
350	3.5000	0	3		
351	3.5100	0	2		
352	3.5200	0	2		
353	3.5300	-1	2		
354	3.5400	-2	1		
355	3.5500	-2	1		
356	3.5600	-3	0		
357	3.5700	-3	0		
358	3.5800	-4	-1		
359	3.5900	-4	-1		
360	3.6000	-4	-2		
361	3.6100	-5	-2		
362	3.6200	-6	-3		
363	3.6300	-6	-3		
364	3.6400	-6	-4		
365	3.6500	-6	-4		
366	3.6600	-7	-5		
367	3.6700	-7	-5		
368	3.6800	-8	-6		
369	3.6900	-8	-6		
370	3.7000	-8	-7		
371	3.7100	-9	-7		
372	3.7200	-9	-8		
373	3.7300	-9	-8		
374	3.7400	-10	-8		
375	3.7500	-10	-9		
376	3.7600	-10	-10		
377	3.7700	-10	-10		
378	3.7800	-10	-10		
379	3.7900	-10	-10		
380	3.8000	-10	-11		
381	3.8100	-10	-11		
382	3.8200	-10	-12		
383	3.8300	-10	-12		
384	3.8400	-10	-12		
385	3.8500	-10	-12		
386	3.8600	-10	-12		
387	3.8700	-10	-12		
388	3.8800	-10	-12		
389	3.8900	-10	-12		
390	3.9000	-10	-12		
391	3.9100	-10	-12		
392	3.9200	-10	-12		
393	3.9300	-10	-12		
394	3.9400	-10	-12		
395	3.9500	-10	-12		
396	3.9600	-10	-12		
397	3.9700	-10	-12		
398	3.9800	-10	-12		
399	3.9900	-10	-12		
400	4.0000	-10	-11		
401	4.0100	-10	-11		
402	4.0200	-9	-11		
403	4.0300	-9	-10		
404	4.0400	-8	-10		
405	4.0500	-8	-10		
406	4.0600	-8	-9		
407	4.0700	-8	-9		
408	4.0800	-7	-8		
409	4.0900	-7	-8		
410	4.1000	-6	-7		
411	4.1100	-6	-7		
412	4.1200	-6	-6		
413	4.1300	-5	-6		
414	4.1400	-5	-5		
415	4.1500	-4	-4		
416	4.1600	-4	-4		
417	4.1700	-3	-4		
418	4.1800	-2	-3		
419	4.1900	-2	-2		
420	4.2000	-2	-2		
421	4.2100	-1	-1		
422	4.2200	-1	0		
423	4.2300	0	0		
424	4.2400	0	1		
425	4.2500	1	2		
426	4.2600	1	2		
427	4.2700	2	2		
428	4.2800	2	3		
429	4.2900	2	4		
430	4.3000	3	4		
431	4.3100	4	5		
432	4.3200	4	5		
433	4.3300	4	6		
434	4.3400	5	6		
435	4.3500	5	7		
436	4.3600	6	7		
437	4.3700	6	8		
438	4.3800	6	8		
439	4.3900	7	8		
440	4.4000	7	9		
441	4.4100	7	9		
442	4.4200	8	10		
443	4.4300	8	10		
444	4.4400	8	10		
445	4.4500	9	10		
446	4.4600	9	10		
447	4.4700	9	11		
448	4.4800	9	11		
449	4.4900	9	11		
450	4.5000	9	11		
451	4.5100	9	11		
452	4.5200	10	11		
453	4.5300	10	11		
454	4.5400	10	12		
455	4.5500	10	12		
456	4.5600	10	11		
457	4.5700	10	11		
458	4.5800	10	11		
459	4.5900	10	11		
460	4.6000	10	11		
461	4.6100	10	11		
462	4.6200	10	10		
463	4.6300	10	10		
464	4.6400	10	10		
465	4.6500	10	10		
466	4.6600	10	10		
467	4.6700	10	9		
468	4.6800	10	9		
469	4.6900	10	9		
470	4.7000	10	8		
471	4.7100	9	8		
472	4.7200	8	8		
473	4.7300	8	7		
474	4.7400	8	7		
475	4.7500	8	6		
476	4.7600	8	6		
477	4.7700	7	6		
478	4.7800	7	5		
479	4.7900	6	5		
480	4.8000	6	4		
481	4.8100	5	4		
482	4.8200	5	4		
483	4.8300	4	3		
484	4.8400	4	3		
485	4.8500	4	2		
486	4.8600	3	2		
487	4.8700	2	1		
488	4.8800	2	1		
489	4.8900	2	0		
490	4.9000	1	0		
491	4.9100	0	0		
492	4.9200	0	-1		
493	4.9300	0	-1		
494	4.9400	-1	-2		
495	4.9500	-2	-2		
496	4.9600	-2	-2		
497	4.9700	-2	-3		
498	4.9800	-3	-3		
499	4.9900	-3	-4		
500	5.0000	-4	-4		
501	5.0100	-4	-4		
502	5.0200	-5	-5		
503	5.0300	-5	-5		
504	5.0400	-6	-5		
505	5.0500	-6	-6		
506	5.0600	-6	-6		
507	5.0700	-6	-6		
508	5.0800	-7	-6		
509	5.0900	-7	-7		
510	5.1000	-8	-7		
511	5.1100	-8	-8		
512	5.1200	-8	-8		
513	5.1300	-9	-8		
514	5.1400	-9	-8		
515	5.1500	-9	-8		
516	5.1600	-10	-8		
517	5.1700	-10	-9		
518	5.1800	-10	-9		
519	5.1900	-10	-9		
520	5.2000	-10	-9		
521	5.2100	-10	-9		
522	5.2200	-10	-9		
523	5.2300	-10	-9		
524	5.2400	-10	-10		
525	5.2500	-10	-10		
526	5.2600	-11	-10		
527	5.2700	-11	-10		
528	5.2800	-10	-10		
529	5.2900	-10	-10		
530	5.3000	-10	-10		
531	5.3100	-10	-10		
532	5.3200	-10	-10		
533	5.3300	-10	-9		
534	5.3400	-10	-9		
535	5.3500	-10	-9		
536	5.3600	-10	-9		
537	5.3700	-10	-9		
538	5.3800	-10	-9		
539	5.3900	-10	-8		
540	5.4000	-10	-8		
541	5.4100	-10	-8		
542	5.4200	-10	-8		
543	5.4300	-9	-8		
544	5.4400	-9	-8		
545	5.4500	-9	-8		
546	5.4600	-8	-7		
547	5.4700	-8	-7		
548	5.4800	-8	-7		
549	5.4900	-8	-6		
550	5.5000	-7	-6		
551	5.5100	-6	-6		
552	5.5200	-6	-6		
553	5.5300	-6	-5		
554	5.5400	-5	-5		
555	5.5500	-5	-5		
556	5.5600	-5	-4		
557	5.5700	-4	-4		
558	5.5800	-4	-4		
559	5.5900	-3	-3		
560	5.6000	-2	-3		
561	5.6100	-2	-3		
562	5.6200	-2	-2		
563	5.6300	-1	-2		
564	5.6400	-1	-2		
565	5.6500	0	-1		
566	5.6600	0	-1		
567	5.6700	1	0		
568	5.6800	2	0		
569	5.6900	2	0		
570	5.7000	2	1		
571	5.7100	3	2		
572	5.7200	3	2		
573	5.7300	4	2		
574	5.7400	4	3		
575	5.7500	4	3		
576	5.7600	5	4		
577	5.7700	6	4		
578	5.7800	6	4		
579	5.7900	6	4		
580	5.8000	7	5		
581	5.8100	7	6		
582	5.8200	7	6		
583	5.8300	8	6		
584	5.8400	8	6		
585	5.8500	8	7		
586	5.8600	8	7		
587	5.8700	9	8		
588	5.8800	9	8		
589	5.8900	9	8		
590	5.9000	9	8		
591	5.9100	9	9		
592	5.9200	9	9		
593	5.9300	10	9		
594	5.9400	10	10		
595	5.9500	10	10		
596	5.9600	10	10		
597	5.9700	10	10		
598	5.9800	10	10		
599	5.9900	10	10		
600	6.0000	10	10		
601	6.0100	10	10		
602	6.0200	10	11		
603	6.0300	10	11		
604	6.0400	10	11		
605	6.0500	10	11		
606	6.0600	10	11		
607	6.0700	10	11		
608	6.0800	10	10		
609	6.0900	10	10		
610	6.1000	10	10		
611	6.1100	10	10		
612	6.1200	9	10		
613	6.1300	9	10		
614	6.1400	8	10		
615	6.1500	8	10		
616	6.1600	8	9		
617	6.1700	8	9		
618	6.1800	7	8		
619	6.1900	7	8		
620	6.2000	6	8		
621	6.2100	6	8		
622	6.2200	6	7		
623	6.2300	5	7		
624	6.2400	5	6		
625	6.2500	4	6		
626	6.2600	4	6		
627	6.2700	4	5		
628	6.2800	3	4		
629	6.2900	2	4		
630	6.3000	2	4		
631	6.3100	1	3		
632	6.3200	1	2		
633	6.3300	0	2		
634	6.3400	0	2		
635	6.3500	0	1		
636	6.3600	-1	0		
637	6.3700	-2	0		
638	6.3800	-2	-1		
639	6.3900	-2	-2		
640	6.4000	-3	-2		
641	6.4100	-4	-2		
642	6.4200	-4	-3		
643	6.4300	-4	-4		
644	6.4400	-5	-4		
645	6.4500	-5	-5		
646	6.4600	-6	-5		
647	6.4700	-6	-6		
648	6.4800	-6	-6		
649	6.4900	-7	-7		
650	6.5000	-7	-7		
651	6.5100	-8	-8		
652	6.5200	-8	-8		
653	6.5300	-8	-9		
654	6.5400	-8	-9		
655	6.5500	-9	-10		
656	6.5600	-9	-10		
657	6.5700	-9	-10		
658	6.5800	-10	-10		
659	6.5900	-10	-11		
660	6.6000	-10	-11		
661	6.6100	-10	-12		
662	6.6200	-10	-12		
663	6.6300	-10	-12		
664	6.6400	-10	-12		
665	6.6500	-10	-12		
666	6.6600	-11	-12		
667	6.6700	-11	-12		
668	6.6800	-11	-12		
669	6.6900	-10	-12		
670	6.7000	-10	-12		
671	6.7100	-10	-12		
672	6.7200	-10	-12		
673	6.7300	-11	-12		
674	6.7400	-11	-12		
675	6.7500	-10	-12		
676	6.7600	-10	-12		
677	6.7700	-10	-12		
678	6.7800	-10	-11		
679	6.7900	-10	-11		
680	6.8000	-10	-11		
681	6.8100	-10	-10		
682	6.8200	-10	-10		
683	6.8300	-10	-10		
684	6.8400	-10	-9		
685	6.8500	-9	-9		
686	6.8600	-9	-8		
687	6.8700	-8	-8		
688	6.8800	-8	-8		
689	6.8900	-8	-7		
690	6.9000	-8	-7		
691	6.9100	-7	-6		
692	6.9200	-7	-6		
693	6.9300	-6	-5		
694	6.9400	-6	-5		
695	6.9500	-6	-4		
696	6.9600	-5	-4		
697	6.9700	-5	-4		
698	6.9800	-4	-3		
699	6.9900	-4	-2		
700	7.0000	-4	-2		
701	7.0100	-3	-1		
702	7.0200	-2	-1		
703	7.0300	-2	0		
704	7.0400	-1	0		
705	7.0500	-1	1		
706	7.0600	0	1		
707	7.0700	0	2		
708	7.0800	0	2		
709	7.0900	1	2		
710	7.1000	2	3		
711	7.1100	2	4		
712	7.1200	2	4		
713	7.1300	3	4		
714	7.1400	4	5		
715	7.1500	4	5		
716	7.1600	4	6		
717	7.1700	5	6		
718	7.1800	5	6		
719	7.1900	6	6		
720	7.2000	6	7		
721	7.2100	6	7		
722	7.2200	7	7		
723	7.2300	7	8		
724	7.2400	7	8		
725	7.2500	8	8		
726	7.2600	8	8		
727	7.2700	8	8		
728	7.2800	8	9		
729	7.2900	9	9		
730	7.3000	9	9		
731	7.3100	9	9		
732	7.3200	9	9		
733	7.3300	9	9		
734	7.3400	9	9		
735	7.3500	10	9		
736	7.3600	10	10		
737	7.3700	10	10		
738	7.3800	10	10		
739	7.3900	10	10		
740	7.4000	10	10		
741	7.4100	10	9		
742	7.4200	10	9		
743	7.4300	10	9		
744	7.4400	10	9		
745	7.4500	10	9		
746	7.4600	10	9		
747	7.4700	10	9		
748	7.4800	10	8		
749	7.4900	10	8		
750	7.5000	10	8		
751	7.5100	10	8		
752	7.5200	10	8		
753	7.5300	10	8		
754	7.5400	9	8		
755	7.5500	9	7		
756	7.5600	8	7		
757	7.5700	8	7		
758	7.5800	8	6		
759	7.5900	8	6		
760	7.6000	7	6		
761	7.6100	6	6		
762	7.6200	6	5		
763	7.6300	6	5		
764	7.6400	6	5		
765	7.6500	5	4		
766	7.6600	4	4		
767	7.6700	4	4		
768	7.6800	4	4		
769	7.6900	3	3		
770	7.7000	3	3		
771	7.7100	2	2		
772	7.7200	2	2		
773	7.7300	1	2		
774	7.7400	1	2		
775	7.7500	0	1		
776	7.7600	0	1		
777	7.7700	-1	0		
778	7.7800	-1	0		
779	7.7900	-2	0		
780	7.8000	-2	-1		
781	7.8100	-3	-1		
782	7.8200	-3	-2		
783	7.8300	-4	-2		
784	7.8400	-4	-2		
785	7.8500	-5	-3		
786	7.8600	-5	-3		
787	7.8700	-6	-4		
788	7.8800	-6	-4		
789	7.8900	-6	-4		
790	7.9000	-6	-5		
791	7.9100	-7	-5		
792	7.9200	-7	-6		
793	7.9300	-8	-6		
794	7.9400	-8	-6		
795	7.9500	-8	-6		
796	7.9600	-8	-7		
797	7.9700	-9	-7		
798	7.9800	-9	-8		
799	7.9900	-10	-8		
800	8.0000	-10	-8		
801	8.0100	-10	-8		
802	8.0200	-10	-9		
803	8.0300	-10	-9		
804	8.0400	-10	-9		
805	8.0500	-10	-10		
806	8.0600	-10	-10		
807	8.0700	-10	-10		
808	8.0800	-10	-10		
809	8.0900	-10	-10		
810	8.1000	-10	-10		
811	8.1100	-10	-10		
812	8.1200	-10	-10		
813	8.1300	-11	-10		
814	8.1400	-10	-11		
815	8.1500	-10	-11		
816	8.1600	-10	-11		
817	8.1700	-10	-11		
818	8.1800	-10	-11		
819	8.1900	-10	-10		
820	8.2000	-10	-10		
821	8.2100	-10	-10		
822	8.2200	-10	-10		
823	8.2300	-10	-10		
824	8.2400	-10	-10		
825	8.2500	-10	-10		
826	8.2600	-10	-10		
827	8.2700	-9	-10		
828	8.2800	-9	-9		
829	8.2900	-8	-9		
830	8.3000	-8	-8		
831	8.3100	-8	-8		
832	8.3200	-8	-8		
833	8.3300	-7	-8		
834	8.3400	-7	-7		
835	8.3500	-6	-7		
836	8.3600	-6	-6		
837	8.3700	-6	-6		
838	8.3800	-5	-6		
839	8.3900	-5	-5		
840	8.4000	-4	-5		
841	8.4100	-4	-4		
842	8.4200	-3	-4		
843	8.4300	-2	-4		
844	8.4400	-2	-3		
845	8.4500	-2	-3		
846	8.4600	-1	-2		
847	8.4700	-1	-2		
848	8.4800	0	-1		
849	8.4900	0	0		
850	8.5000	1	0		
851	8.5100	1	0		
852	8.5200	2	1		
853	8.5300	2	2		
854	8.5400	3	2		
855	8.5500	3	2		
856	8.5600	4	3		
857	8.5700	4	4		
858	8.5800	4	4		
859	8.5900	5	4		
860	8.6000	5	5		
861	8.6100	6	6		
862	8.6200	6	6		
863	8.6300	7	6		
864	8.6400	7	7		
865	8.6500	7	7		
866	8.6600	8	8		
867	8.6700	8	8		
868	8.6800	8	8		
869	8.6900	8	9		
870	8.7000	9	9		
871	8.7100	9	10		
872	8.7200	9	10		
873	8.7300	10	10		
874	8.7400	10	10		
875	8.7500	10	10		
876	8.7600	10	11		
877	8.7700	10	11		
878	8.7800	10	11		
879	8.7900	10	11		
880	8.8000	10	11		
881	8.8100	10	11		
882	8.8200	10	11		
883	8.8300	10	11		
884	8.8400	10	11		
885	8.8500	10	11		
886	8.8600	10	11		
887	8.8700	10	11		
888	8.8800	10	11		
889	8.8900	10	11		
890	8.9000	10	11		
891	8.9100	10	11		
892	8.9200	10	10		
893	8.9300	10	10		
894	8.9400	10	10		
895	8.9500	10	10		
896	8.9600	9	10		
897	8.9700	9	9		
898	8.9800	8	9		
899	8.9900	8	8		
900	9.0000	8	8		
901	9.0100	7	8		
902	9.0200	7	7		
903	9.0300	6	7		
904	9.0400	6	6		
905	9.0500	6	6		
906	9.0600	6	6		
907	9.0700	5	5		
908	9.0800	4	4		
909	9.0900	4	4		
910	9.1000	4	4		
911	9.1100	3	3		
912	9.1200	2	2		
913	9.1300	2	2		
914	9.1400	2	2		
915	9.1500	1	1		
916	9.1600	0	0		
917	9.1700	0	0		
918	9.1800	0	0		
919	9.1900	-1	-1		
920	9.2000	-2	-2		
921	9.2100	-2	-2		
922	9.2200	-2	-3		
923	9.2300	-3	-3		
924	9.2400	-3	-4		
925	9.2500	-4	-4		
926	9.2600	-4	-4		
927	9.2700	-5	-5		
928	9.2800	-5	-6		
929	9.2900	-6	-6		
930	9.3000	-6	-6		
931	9.3100	-6	-7		
932	9.3200	-7	-7		
933	9.3300	-7	-8		
934	9.3400	-7	-8		
935	9.3500	-8	-8		
936	9.3600	-8	-8		
937	9.3700	-8	-9		
938	9.3800	-9	-9		
939	9.3900	-9	-10		
940	9.4000	-9	-10		
941	9.4100	-10	-10		
942	9.4200	-10	-10		
943	9.4300	-10	-10		
944	9.4400	-10	-10		
945	9.4500	-10	-10		
946	9.4600	-10	-11		
947	9.4700	-10	-11		
948	9.4800	-10	-11		
949	9.4900	-10	-11		
950	9.5000	-10	-11		
951	9.5100	-10	-11		
952	9.5200	-10	-11		
953	9.5300	-11	-11		
954	9.5400	-11	-11		
955	9.5500	-11	-11		
956	9.5600	-10	-11		
957	9.5700	-10	-10		
958	9.5800	-10	-10		
959	9.5900	-10	-10		
960	9.6000	-10	-10		
961	9.6100	-10	-10		
962	9.6200	-10	-10		
963	9.6300	-10	-9		
964	9.6400	-10	-9		
965	9.6500	-10	-9		
966	9.6600	-10	-8		
967	9.6700	-10	-8		
968	9.6800	-9	-8		
969	9.6900	-9	-8		
970	9.7000	-9	-7		
971	9.7100	-8	-7		
972	9.7200	-8	-6		
973	9.7300	-8	-6		
974	9.7400	-8	-6		
975	9.7500	-7	-6		
976	9.7600	-6	-5		
977	9.7700	-6	-5		
978	9.7800	-6	-4		
979	9.7900	-5	-4		
980	9.8000	-5	-4		
981	9.8100	-4	-3		
982	9.8200	-4	-3		
983	9.8300	-4	-2		
984	9.8400	-3	-2		
985	9.8500	-2	-2		
986	9.8600	-2	-1		
987	9.8700	-2	-1		
988	9.8800	-1	0		
989	9.8900	0	0		
990	9.9000	0	0		
991	9.9100	0	1		
992	9.9200	1	1		
993	9.9300	2	2		
994	9.9400	2	2		
995	9.9500	2	2		
996	9.9600	3	3		
997	9.9700	4	3		
998	9.9800	4	4		
999	9.9900	4	4		
1000	10.0000	5	4		
1001	10.0100	5	4		
1002	10.0200	6	5		
1003	10.0300	6	5		
1004	10.0400	6	6		
1005	10.0500	6	6		
1006	10.0600	7	6		
1007	10.0700	8	6		
1008	10.0800	8	7		
1009	10.0900	8	7		
1010	10.1000	8	7		
1011	10.1100	8	8		
1012	10.1200	8	8		
1013	10.1300	9	8		
1014	10.1400	9	8		
1015	10.1500	10	8		
1016	10.1600	10	8		
1017	10.1700	10	8		
1018	10.1800	10	9		
1019	10.1900	10	9		
1020	10.2000	10	9		
1021	10.2100	10	9		
1022	10.2200	10	9		
1023	10.2300	10	9		
1024	10.2400	10	9		
1025	10.2500	10	9		
1026	10.2600	10	9		
1027	10.2700	10	9		
1028	10.2800	10	9		
1029	10.2900	10	9		
1030	10.3000	10	9		
1031	10.3100	10	9		
1032	10.3200	10	9		
1033	10.3300	10	9		
1034	10.3400	10	9		
1035	10.3500	10	9		
1036	10.3600	10	9		
1037	10.3700	10	8		
1038	10.3800	9	8		
1039	10.3900	9	8		
1040	10.4000	8	8		
1041	10.4100	8	8		
1042	10.4200	7	8		
1043	10.4300	7	7		
1044	10.4400	7	7		
1045	10.4500	6	7		
1046	10.4600	6	6		
1047	10.4700	6	6		
1048	10.4800	5	6		
1049	10.4900	4	6		
1050	10.5000	4	5		
1051	10.5100	4	5		
1052	10.5200	3	4		
1053	10.5300	3	4		
1054	10.5400	2	4		
1055	10.5500	2	3		
1056	10.5600	1	3		
1057	10.5700	1	2		
1058	10.5800	0	2		
1059	10.5900	0	2		
1060	10.6000	-1	1		
1061	10.6100	-1	0		
1062	10.6200	-2	0		
1063	10.6300	-2	0		
1064	10.6400	-2	-1		
1065	10.6500	-3	-2		
1066	10.6600	-4	-2		
1067	10.6700	-4	-2		
1068	10.6800	-4	-3		
1069	10.6900	-5	-3		
1070	10.7000	-5	-4		
1071	10.7100	-6	-4		
1072	10.7200	-6	-5		
1073	10.7300	-6	-5		
1074	10.7400	-7	-6		
1075	10.7500	-7	-6		
1076	10.7600	-8	-6		
1077	10.7700	-8	-7		
1078	10.7800	-8	-7		
1079	10.7900	-9	-8		
1080	10.8000	-9	-8		
1081	10.8100	-9	-8		
1082	10.8200	-9	-9		
1083	10.8300	-10	-9		
1084	10.8400	-10	-10		
1085	10.8500	-10	-10		
1086	10.8600	-10	-10		
1087	10.8700	-10	-10		
1088	10.8800	-10	-11		
1089	10.8900	-10	-11		
1090	10.9000	-10	-11		
1091	10.9100	-10	-11		
1092	10.9200	-10	-12		
1093	10.9300	-11	-12		
1094	10.9400	-11	-12		
1095	10.9500	-11	-12		
1096	10.9600	-11	-12		
1097	10.9700	-10	-12		
1098	10.9800	-10	-12		
1099	10.9900	-10	-12		
1100	11.0000	-10	-12		
1101	11.0100	-10	-12		
1102	11.0200	-10	-12		
1103	11.0300	-10	-12		
1104	11.0400	-10	-11		
1105	11.0500	-10	-11		
1106	11.0600	-10	-11		
1107	11.0700	-10	-10		
1108	11.0800	-10	-10		
1109	11.0900	-10	-10		
1110	11.1000	-9	-10		
1111	11.1100	-9	-10		
1112	11.1200	-8	-9		
1113	11.1300	-8	-9		
1114	11.1400	-8	-8		
1115	11.1500	-8	-8		
1116	11.1600	-7	-8		
1117	11.1700	-7	-7		
1118	11.1800	-6	-6		
1119	11.1900	-6	-6		
1120	11.2000	-6	-6		
1121	11.2100	-5	-5		
1122	11.2200	-5	-5		
1123	11.2300	-4	-4		
1124	11.2400	-4	-4		
1125	11.2500	-3	-3		
1126	11.2600	-3	-3		
1127	11.2700	-2	-2		
1128	11.2800	-2	-2		
1129	11.2900	-1	-1		
1130	11.3000	-1	0		
1131	11.3100	0	0		
1132	11.3200	0	0		
1133	11.3300	0	1		
1134	11.3400	1	2		
1135	11.3500	2	2		
1136	11.3600	2	2		
1137	11.3700	3	3		
1138	11.3800	3	4		
1139	11.3900	4	4		
1140	11.4000	4	4		
1141	11.4100	4	5		
1142	11.4200	5	6		
1143	11.4300	5	6		
1144	11.4400	6	6		
1145	11.4500	6	7		
1146	11.4600	6	7		
1147	11.4700	7	8		
1148	11.4800	7	8		
1149	11.4900	8	8		
1150	11.5000	8	8		
1151	11.5100	8	9		
1152	11.5200	8	9		
1153	11.5300	8	9		
1154	11.5400	8	10		
1155	11.5500	9	10		
1156	11.5600	9	10		
1157	11.5700	10	10		
1158	11.5800	10	10		
1159	11.5900	10	10		
1160	11.6000	10	10		
1161	11.6100	10	10		
1162	11.6200	10	10		
1163	11.6300	10	11		
1164	11.6400	10	11		
1165	11.6500	10	11		
1166	11.6600	10	10		
1167	11.6700	10	10		
1168	11.6800	10	10		
1169	11.6900	10	10		
1170	11.7000	10	10		
1171	11.7100	10	10		
1172	11.7200	10	10		
1173	11.7300	10	10		
1174	11.7400	10	10		
1175	11.7500	10	9		
1176	11.7600	10	9		
1177	11.7700	10	9		
1178	11.7800	10	8		
1179	11.7900	9	8		
1180	11.8000	9	8		
1181	11.8100	8	8		
1182	11.8200	8	7		
1183	11.8300	8	7		
1184	11.8400	7	6		
1185	11.8500	7	6		
1186	11.8600	7	6		
1187	11.8700	6	6		
1188	11.8800	6	5		
1189	11.8900	6	5		
1190	11.9000	5	4		
1191	11.9100	4	4		
1192	11.9200	4	4		
1193	11.9300	4	3		
1194	11.9400	3	2		
1195	11.9500	3	2		
1196	11.9600	2	2		
1197	11.9700	2	1		
1198	11.9800	1	1		
1199	11.9900	0	0		
1200	12.0000	0	0		
1201	12.0100	0	0		
1202	12.0200	-1	-1		
1203	12.0300	-1	-1		
1204	12.0400	-2	-2		
1205	12.0500	-2	-2		
1206	12.0600	-3	-2		
1207	12.0700	-3	-3		
1208	12.0800	-4	-4		
1209	12.0900	-4	-4		
1210	12.1000	-4	-4		
1211	12.1100	-5	-4		
1212	12.1200	-6	-5		
1213	12.1300	-6	-5		
1214	12.1400	-6	-6		
1215	12.1500	-7	-6		
1216	12.1600	-7	-6		
1217	12.1700	-7	-7		
1218	12.1800	-8	-7		
1219	12.1900	-8	-7		
1220	12.2000	-8	-8		
1221	12.2100	-9	-8		
1222	12.2200	-9	-8		
1223	12.2300	-9	-8		
1224	12.2400	-10	-9		
1225	12.2500	-10	-9		
1226	12.2600	-10	-9		
1227	12.2700	-10	-9		
1228	12.2800	-10	-10		
1229	12.2900	-10	-10		
1230	12.3000	-10	-10		
1231	12.3100	-10	-10		
1232	12.3200	-10	-10		
1233	12.3300	-10	-10		
1234	12.3400	-10	-10		
1235	12.3500	-11	-10		
1236	12.3600	-11	-10		
1237	12.3700	-11	-10		
1238	12.3800	-11	-10		
1239	12.3900	-10	-10		
1240	12.4000	-10	-10		
1241	12.4100	-10	-10		
1242	12.4200	-10	-10		
1243	12.4300	-10	-10		
1244	12.4400	-10	-10		
1245	12.4500	-10	-10		
1246	12.4600	-10	-10		
1247	12.4700	-10	-10		
1248	12.4800	-10	-9		
1249	12.4900	-10	-9		
1250	12.5000	-10	-9		
1251	12.5100	-9	-8		
1252	12.5200	-9	-8		
1253	12.5300	-9	-8		
1254	12.5400	-8	-8		
1255	12.5500	-8	-8		
1256	12.5600	-8	-7		
1257	12.5700	-8	-7		
1258	12.5800	-7	-6		
1259	12.5900	-6	-6		
1260	12.6000	-6	-6		
1261	12.6100	-6	-6		
1262	12.6200	-5	-5		
1263	12.6300	-5	-5		
1264	12.6400	-4	-4		
1265	12.6500	-4	-4		
1266	12.6600	-4	-4		
1267	12.6700	-3	-3		
1268	12.6800	-2	-3		
1269	12.6900	-2	-2		
1270	12.7000	-2	-2		
1271	12.7100	-1	-2		
1272	12.7200	0	-1		
1273	12.7300	0	-1		
1274	12.7400	0	0		
1275	12.7500	1	0		
1276	12.7600	1	1		
1277	12.7700	2	1		
1278	12.7800	2	2		
1279	12.7900	2	2		
1280	12.8000	3	2		
1281	12.8100	4	3		
1282	12.8200	4	3		
1283	12.8300	5	4		
1284	12.8400	5	4		
1285	12.8500	6	4		
1286	12.8600	6	5		
1287	12.8700	6	5		
1288	12.8800	6	6		
1289	12.8900	7	6		
1290	12.9000	7	6		
1291	12.9100	8	7		
1292	12.9200	8	7		
1293	12.9300	8	8		
1294	12.9400	8	8		
1295	12.9500	8	8		
1296	12.9600	8	8		
1297	12.9700	9	8		
1298	12.9800	9	9		
1299	12.9900	10	9		
1300	13.0000	10	9		
1301	13.0100	10	10		
1302	13.0200	10	10		
1303	13.0300	10	10		
1304	13.0400	10	10		
1305	13.0500	10	10		
1306	13.0600	10	10		
1307	13.0700	10	10		
1308	13.0800	10	10		
1309	13.0900	10	10		
1310	13.1000	10	10		
1311	13.1100	10	10		
1312	13.1200	10	10		
1313	13.1300	10	10		
1314	13.1400	10	10		
1315	13.1500	10	10		
1316	13.1600	10	10		
1317	13.1700	10	10		
1318	13.1800	10	10		
1319	13.1900	10	10		
1320	13.2000	10	9		
1321	13.2100	9	9		
1322	13.2200	9	9		
1323	13.2300	8	9		
1324	13.2400	8	8		
1325	13.2500	7	8		
1326	13.2600	7	8		
1327	13.2700	7	8		
1328	13.2800	7	7		
1329	13.2900	6	7		
1330	13.3000	6	6		
1331	13.3100	5	6		
1332	13.3200	5	6		
1333	13.3300	4	5		
1334	13.3400	4	5		
1335	13.3500	4	4		
1336	13.3600	3	4		
1337	13.3700	3	4		
1338	13.3800	2	3		
1339	13.3900	2	2		
1340	13.4000	1	2		
1341	13.4100	0	2		
1342	13.4200	0	1		
1343	13.4300	0	0		
1344	13.4400	-1	0		
1345	13.4500	-2	0		
1346	13.4600	-2	-1		
1347	13.4700	-2	-2		
1348	13.4800	-3	-2		
1349	13.4900	-4	-2		
1350	13.5000	-4	-3		
1351	13.5100	-4	-4		
1352	13.5200	-5	-4		
1353	13.5300	-5	-4		
1354	13.5400	-6	-5		
1355	13.5500	-6	-6		
1356	13.5600	-6	-6		
1357	13.5700	-7	-6		
1358	13.5800	-7	-7		
1359	13.5900	-8	-7		
1360	13.6000	-8	-8		
1361	13.6100	-8	-8		
1362	13.6200	-8	-8		
1363	13.6300	-9	-9		
1364	13.6400	-9	-9		
1365	13.6500	-9	-10		
1366	13.6600	-10	-10		
1367	13.6700	-10	-10		
1368	13.6800	-10	-10		
1369	13.6900	-10	-10		
1370	13.7000	-10	-11		
1371	13.7100	-10	-11		
1372	13.7200	-10	-11		
1373	13.7300	-10	-11		
1374	13.7400	-10	-12		
1375	13.7500	-10	-12		
1376	13.7600	-11	-12		
1377	13.7700	-11	-12		
1378	13.7800	-11	-12		
1379	13.7900	-10	-12		
1380	13.8000	-10	-12		
1381	13.8100	-10	-12		
1382	13.8200	-10	-12		
1383	13.8300	-10	-11		
1384	13.8400	-10	-11		
1385	13.8500	-10	-11		
1386	13.8600	-10	-11		
1387	13.8700	-10	-10		
1388	13.8800	-10	-10		
1389	13.8900	-10	-10		
1390	13.9000	-10	-10		
1391	13.9100	-10	-10		
1392	13.9200	-10	-9		
1393	13.9300	-9	-9		
1394	13.9400	-9	-8		
1395	13.9500	-8	-8		
1396	13.9600	-8	-8		
1397	13.9700	-8	-8		
1398	13.9800	-8	-7		
1399	13.9900	-7	-6		
1400	14.0000	-7	-6		
1401	14.0100	-6	-6		
1402	14.0200	-6	-5		
1403	14.0300	-6	-5		
1404	14.0400	-5	-4		
1405	14.0500	-5	-4		
1406	14.0600	-4	-4		
1407	14.0700	-4	-3		
1408	14.0800	-4	-2		
1409	14.0900	-3	-2		
1410	14.1000	-2	-2		
1411	14.1100	-2	-1		
1412	14.1200	-1	-1		
1413	14.1300	-1	0		
1414	14.1400	0	0		
1415	14.1500	0	1		
1416	14.1600	0	1		
1417	14.1700	1	2		
1418	14.1800	2	2		
1419	14.1900	2	2		
1420	14.2000	2	3		
1421	14.2100	3	4		
1422	14.2200	3	4		
1423	14.2300	4	4		
1424	14.2400	4	5		
1425	14.2500	5	5		
1426	14.2600	5	6		
1427	14.2700	6	6		
1428	14.2800	6	6		
1429	14.2900	6	6		
1430	14.3000	7	7		
1431	14.3100	7	7		
1432	14.3200	8	8		
1433	14.3300	8	8		
1434	14.3400	8	8		
1435	14.3500	8	8		
1436	14.3600	8	8		
1437	14.3700	8	8		
1438	14.3800	9	9		
1439	14.3900	9	9		
1440	14.4000	9	9		
1441	14.4100	10	9		
1442	14.4200	10	10		
1443	14.4300	10	10		
1444	14.4400	10	10		
1445	14.4500	10	10		
1446	14.4600	10	10		
1447	14.4700	10	10		
1448	14.4800	10	10		
1449	14.4900	10	10		
1450	14.5000	10	10		
1451	14.5100	10	10		
1452	14.5200	10	10		
1453	14.5300	10	10		
1454	14.5400	10	10		
1455	14.5500	10	9		
1456	14.5600	10	9		
1457	14.5700	10	9		
1458	14.5800	10	9		
1459	14.5900	10	9		
1460	14.6000	10	8		
1461	14.6100	10	8		
1462	14.6200	9	8		
1463	14.6300	9	8		
1464	14.6400	9	8		
1465	14.6500	8	7		
1466	14.6600	8	7		
1467	14.6700	7	7		
1468	14.6800	7	6		
1469	14.6900	7	6		
1470	14.7000	6	6		
1471	14.7100	6	6		
1472	14.7200	6	5		
1473	14.7300	5	5		
1474	14.7400	4	4		
1475	14.7500	4	4		
1476	14.7600	4	4		
1477	14.7700	3	4		
1478	14.7800	3	3		
1479	14.7900	2	2		
1480	14.8000	2	2		
1481	14.8100	1	2		
1482	14.8200	1	2		
1483	14.8300	0	1		
1484	14.8400	0	0		
1485	14.8500	-1	0		
1486	14.8600	-1	0		
1487	14.8700	-2	-1		
1488	14.8800	-2	-1		
1489	14.8900	-2	-2		
1490	14.9000	-3	-2		
1491	14.9100	-4	-2		
1492	14.9200	-4	-3		
1493	14.9300	-4	-3		
1494	14.9400	-5	-4		
1495	14.9500	-6	-4		
1496	14.9600	-6	-4		
1497	14.9700	-6	-5		
1498	14.9800	-6	-5		
1499	14.9900	-7	-6		
1500	15.0000	-7	-6		
1501	15.0100	-8	-6		
1502	15.0200	-8	-7		
1503	15.0300	-8	-7		
1504	15.0400	-8	-8		
1505	15.0500	-9	-8		
1506	15.0600	-9	-8		
1507	15.0700	-9	-8		
1508	15.0800	-10	-9		
1509	15.0900	-10	-9		
1510	15.1000	-10	-9		
1511	15.1100	-10	-10		
1512	15.1200	-10	-10		
1513	15.1300	-10	-10		
1514	15.1400	-10	-10		
1515	15.1500	-10	-10		
1516	15.1600	-10	-10		
1517	15.1700	-10	-10		
1518	15.1800	-10	-11		
1519	15.1900	-10	-11		
1520	15.2000	-10	-11		
1521	15.2100	-10	-11		
1522	15.2200	-10	-11		
1523	15.2300	-10	-11		
1524	15.2400	-10	-11		
1525	15.2500	-10	-11		
1526	15.2600	-10	-11		
1527	15.2700	-10	-11		
1528	15.2800	-10	-10		
1529	15.2900	-10	-10		
1530	15.3000	-10	-10		
1531	15.3100	-10	-10		
1532	15.3200	-10	-10		
1533	15.3300	-10	-10		
1534	15.3400	-10	-10		
1535	15.3500	-9	-9		
1536	15.3600	-9	-9		
1537	15.3700	-8	-8		
1538	15.3800	-8	-8		
1539	15.3900	-8	-8		
1540	15.4000	-8	-8		
1541	15.4100	-7	-7		
1542	15.4200	-7	-7		
1543	15.4300	-6	-6		
1544	15.4400	-6	-6		
1545	15.4500	-6	-6		
1546	15.4600	-5	-5		
1547	15.4700	-4	-5		
1548	15.4800	-4	-4		
1549	15.4900	-4	-4		
1550	15.5000	-3	-4		
1551	15.5100	-3	-3		
1552	15.5200	-2	-2		
1553	15.5300	-2	-2		
1554	15.5400	-1	-2		
1555	15.5500	0	-1		
1556	15.5600	0	0		
1557	15.5700	0	0		
1558	15.5800	1	0		
1559	15.5900	1	1		
1560	15.6000	2	1		
1561	15.6100	2	2		
1562	15.6200	2	2		
1563	15.6300	3	3		
1564	15.6400	4	3		
1565	15.6500	4	4		
1566	15.6600	4	4		
1567	15.6700	5	4		
1568	15.6800	6	5		
1569	15.6900	6	6		
1570	15.7000	6	6		
1571	15.7100	6	6		
1572	15.7200	7	7		
1573	15.7300	7	7		
1574	15.7400	8	8		
1575	15.7500	8	8		
1576	15.7600	8	8		
1577	15.7700	8	8		
1578	15.7800	8	9		
1579	15.7900	9	9		
1580	15.8000	9	9		
1581	15.8100	9	10		
1582	15.8200	9	10		
1583	15.8300	10	10		
1584	15.8400	10	10		
1585	15.8500	10	10		
1586	15.8600	10	10		
1587	15.8700	10	10		
1588	15.8800	10	10		
1589	15.8900	10	11		
1590	15.9000	10	11		
1591	15.9100	10	11		
1592	15.9200	10	11		
1593	15.9300	10	11		
1594	15.9400	10	11		
1595	15.9500	10	10		
1596	15.9600	10	10		
1597	15.9700	10	10		
1598	15.9800	10	10		
1599	15.9900	10	10		
1600	16.0000	10	10		
1601	16.0100	10	10		
1602	16.0200	10	10		
1603	16.0300	9	9		
1604	16.0400	9	9		
1605	16.0500	9	9		
1606	16.0600	8	8		
1607	16.0700	8	8		
1608	16.0800	8	8		
1609	16.0900	7	8		
1610	16.1000	7	7		
1611	16.1100	6	6		
1612	16.1200	6	6		
1613	16.1300	6	6		
1614	16.1400	6	6		
1615	16.1500	5	5		
1616	16.1600	4	5		
1617	16.1700	4	4		
1618	16.1800	3	4		
1619	16.1900	3	3		
1620	16.2000	2	3		
1621	16.2100	2	2		
1622	16.2200	2	2		
1623	16.2300	1	2		
1624	16.2400	1	1		
1625	16.2500	0	0		
1626	16.2600	0	0		
1627	16.2700	-1	0		
1628	16.2800	-2	-1		
1629	16.2900	-2	-2		
1630	16.3000	-2	-2		
1631	16.3100	-3	-2		
1632	16.3200	-3	-3		
1633	16.3300	-4	-4		
1634	16.3400	-4	-4		
1635	16.3500	-5	-4		
1636	16.3600	-5	-5		
1637	16.3700	-6	-5		
1638	16.3800	-6	-6		
1639	16.3900	-6	-6		
1640	16.4000	-7	-6		
1641	16.4100	-7	-7		
1642	16.4200	-8	-7		
1643	16.4300	-8	-8		
1644	16.4400	-8	-8		
1645	16.4500	-8	-8		
1646	16.4600	-9	-9		
1647	16.4700	-9	-9		
1648	16.4800	-9	-9		
1649	16.4900	-10	-10		
1650	16.5000	-10	-10		
1651	16.5100	-10	-10		
1652	16.5200	-10	-10		
1653	16.5300	-10	-10		
1654	16.5400	-10	-10		
1655	16.5500	-10	-11		
1656	16.5600	-10	-11		
1657	16.5700	-10	-11		
1658	16.5800	-10	-11		
1659	16.5900	-10	-11		
1660	16.6000	-10	-11		
1661	16.6100	-10	-11		
1662	16.6200	-10	-11		
1663	16.6300	-10	-11		
1664	16.6400	-10	-11		
1665	16.6500	-10	-11		
1666	16.6600	-10	-11		
1667	16.6700	-10	-10		
1668	16.6800	-10	-10		
1669	16.6900	-10	-10		
1670	16.7000	-10	-10		
1671	16.7100	-10	-10		
1672	16.7200	-10	-10		
1673	16.7300	-10	-9		
1674	16.7400	-10	-9		
1675	16.7500	-10	-9		
1676	16.7600	-9	-8		
1677	16.7700	-9	-8		
1678	16.7800	-9	-8		
1679	16.7900	-8	-8		
1680	16.8000	-8	-7		
1681	16.8100	-8	-7		
1682	16.8200	-8	-6		
1683	16.8300	-7	-6		
1684	16.8400	-6	-6		
1685	16.8500	-6	-5		
1686	16.8600	-6	-5		
1687	16.8700	-5	-4		
1688	16.8800	-5	-4		
1689	16.8900	-4	-4		
1690	16.9000	-4	-3		
1691	16.9100	-4	-3		
1692	16.9200	-3	-2		
1693	16.9300	-2	-2		
1694	16.9400	-2	-2		
1695	16.9500	-2	-1		
1696	16.9600	-1	-1		
1697	16.9700	0	0		
1698	16.9800	0	0		
1699	16.9900	0	1		
1700	17.0000	1	1		
1701	17.0100	2	2		
1702	17.0200	2	2		
1703	17.0300	2	2		
1704	17.0400	3	3		
1705	17.0500	3	3		
1706	17.0600	4	4		
1707	17.0700	4	4		
1708	17.0800	4	4		
1709	17.0900	5	5		
1710	17.1000	6	5		
1711	17.1100	6	6		
1712	17.1200	6	6		
1713	17.1300	6	6		
1714	17.1400	7	6		
1715	17.1500	7	7		
1716	17.1600	8	7		
1717	17.1700	8	7		
1718	17.1800	8	8		
1719	17.1900	8	8		
1720	17.2000	9	8		
1721	17.2100	9	8		
1722	17.2200	9	8		
1723	17.2300	9	9		
1724	17.2400	9	9		
1725	17.2500	10	9		
1726	17.2600	10	9		
1727	17.2700	10	10		
1728	17.2800	10	10		
1729	17.2900	10	10		
1730	17.3000	10	10		
1731	17.3100	10	10		
1732	17.3200	10	10		
1733	17.3300	10	10		
1734	17.3400	10	10		
1735	17.3500	10	10		
1736	17.3600	10	10		
1737	17.3700	10	10		
1738	17.3800	10	10		
1739	17.3900	10	10		
1740	17.4000	10	10		
1741	17.4100	10	9		
1742	17.4200	10	9		
1743	17.4300	10	9		
1744	17.4400	10	9		
1745	17.4500	9	8		
1746	17.4600	9	8		
1747	17.4700	8	8		
1748	17.4800	8	8		
1749	17.4900	8	8		
1750	17.5000	8	8		
1751	17.5100	7	7		
1752	17.5200	7	7		
1753	17.5300	6	6		
1754	17.5400	6	6		
1755	17.5500	6	6		
1756	17.5600	5	6		
1757	17.5700	5	5		
1758	17.5800	4	5		
1759	17.5900	4	4		
1760	17.6000	3	4		
1761	17.6100	3	4		
1762	17.6200	2	3		
1763	17.6300	2	3		
1764	17.6400	2	2		
1765	17.6500	1	2		
1766	17.6600	0	2		
1767	17.6700	0	1		
1768	17.6800	-1	0		
1769	17.6900	-1	0		
1770	17.7000	-2	0		
1771	17.7100	-2	-1		
1772	17.7200	-2	-2		
1773	17.7300	-3	-2		
1774	17.7400	-4	-2		
1775	17.7500	-4	-3		
1776	17.7600	-4	-3		
1777	17.7700	-5	-4		
1778	17.7800	-6	-4		
1779	17.7900	-6	-4		
1780	17.8000	-6	-5		
1781	17.8100	-6	-6		
1782	17.8200	-7	-6		
1783	17.8300	-7	-6		
1784	17.8400	-8	-7		
1785	17.8500	-8	-7		
1786	17.8600	-8	-8		
1787	17.8700	-8	-8		
1788	17.8800	-9	-8		
1789	17.8900	-9	-8		
1790	17.9000	-9	-9		
1791	17.9100	-10	-9		
1792	17.9200	-10	-10		
1793	17.9300	-10	-10		
1794	17.9400	-10	-10		
1795	17.9500	-10	-10		
1796	17.9600	-10	-10		
1797	17.9700	-10	-11		
1798	17.9800	-10	-11		
1799	17.9900	-10	-11		
1800	18.0000	-11	-11		
1801	18.0100	-11	-11		
1802	18.0200	-10	-11		
1803	18.0300	-10	-11		
1804	18.0400	-10	-12		
1805	18.0500	-10	-12		
1806	18.0600	-10	-11		
1807	18.0700	-10	-11		
1808	18.0800	-10	-11		
1809	18.0900	-10	-11		
1810	18.1000	-10	-11		
1811	18.1100	-10	-11		
1812	18.1200	-10	-11		
1813	18.1300	-10	-10		
1814	18.1400	-10	-10		
1815	18.1500	-10	-10		
1816	18.1600	-10	-10		
1817	18.1700	-10	-10		
1818	18.1800	-9	-9		
1819	18.1900	-9	-9		
1820	18.2000	-8	-8		
1821	18.2100	-8	-8		
1822	18.2200	-8	-8		
1823	18.2300	-8	-8		
1824	18.2400	-7	-7		
1825	18.2500	-7	-6		
1826	18.2600	-6	-6		
1827	18.2700	-6	-6		
1828	18.2800	-6	-5		
1829	18.2900	-5	-5		
1830	18.3000	-4	-4		
1831	18.3100	-4	-4		
1832	18.3200	-4	-4		
1833	18.3300	-3	-3		
1834	18.3400	-3	-2		
1835	18.3500	-2	-2		
1836	18.3600	-2	-2		
1837	18.3700	-1	-1		
1838	18.3800	-1	0		
1839	18.3900	0	0		
1840	18.4000	0	0		
1841	18.4100	1	1		
1842	18.4200	1	2		
1843	18.4300	2	2		
1844	18.4400	2	2		
1845	18.4500	2	3		
1846	18.4600	3	3		
1847	18.4700	4	4		
1848	18.4800	4	4		
1849	18.4900	4	4		
1850	18.5000	5	5		
1851	18.5100	5	6		
1852	18.5200	6	6		
1853	18.5300	6	6		
1854	18.5400	6	6		
1855	18.5500	7	7		
1856	18.5600	7	7		
1857	18.5700	8	8		
1858	18.5800	8	8		
1859	18.5900	8	8		
1860	18.6000	8	8		
1861	18.6100	8	9		
1862	18.6200	9	9		
1863	18.6300	9	9		
1864	18.6400	9	10		
1865	18.6500	9	10		
1866	18.6600	9	10		
1867	18.6700	10	10		
1868	18.6800	10	10		
1869	18.6900	10	10		
1870	18.7000	10	10		
1871	18.7100	10	10		
1872	18.7200	10	10		
1873	18.7300	10	10		
1874	18.7400	10	10		
1875	18.7500	10	10		
1876	18.7600	10	10		
1877	18.7700	10	10		
1878	18.7800	10	10		
1879	18.7900	10	10		
1880	18.8000	10	10		
1881	18.8100	10	10		
1882	18.8200	10	10		
1883	18.8300	10	10		
1884	18.8400	10	9		
1885	18.8500	10	9		
1886	18.8600	10	9		
1887	18.8700	9	8		
1888	18.8800	9	8		
1889	18.8900	8	8		
1890	18.9000	8	8		
1891	18.9100	8	7		
1892	18.9200	7	7		
1893	18.9300	7	7		
1894	18.9400	6	6		
1895	18.9500	6	6		
1896	18.9600	6	6		
1897	18.9700	6	5		
1898	18.9800	5	5		
1899	18.9900	4	4		
1900	19.0000	4	4		
1901	19.0100	4	4		
1902	19.0200	3	3		
1903	19.0300	2	3		
1904	19.0400	2	2		
1905	19.0500	2	2		
1906	19.0600	2	2		
1907	19.0700	1	1		
1908	19.0800	0	0		
1909	19.0900	0	0		
1910	19.1000	-1	0		
1911	19.1100	-2	-1		
1912	19.1200	-2	-1		
1913	19.1300	-2	-2		
1914	19.1400	-2	-2		
1915	19.1500	-3	-3		
1916	19.1600	-4	-3		
1917	19.1700	-4	-4		
1918	19.1800	-5	-4		
1919	19.1900	-5	-4		
1920	19.2000	-6	-5		
1921	19.2100	-6	-5		
1922	19.2200	-6	-6		
1923	19.2300	-6	-6		
1924	19.2400	-7	-6		
1925	19.2500	-8	-7		
1926	19.2600	-8	-7		
1927	19.2700	-8	-8		
1928	19.2800	-8	-8		
1929	19.2900	-8	-8		
1930	19.3000	-9	-8		
1931	19.3100	-9	-9		
1932	19.3200	-10	-9		
1933	19.3300	-10	-9		
1934	19.3400	-10	-10		
1935	19.3500	-10	-10		
1936	19.3600	-10	-10		
1937	19.3700	-10	-10		
1938	19.3800	-10	-10		
1939	19.3900	-10	-10		
1940	19.4000	-10	-10		
1941	19.4100	-11	-10		
1942	19.4200	-11	-10		
1943	19.4300	-10	-11		
1944	19.4400	-10	-11		
1945	19.4500	-10	-11		
1946	19.4600	-10	-11		
1947	19.4700	-10	-11		
1948	19.4800	-10	-11		
1949	19.4900	-10	-10		
1950	19.5000	-10	-10		
1951	19.5100	-10	-10		
1952	19.5200	-10	-10		
1953	19.5300	-10	-10		
1954	19.5400	-10	-10		
1955	19.5500	-10	-10		
1956	19.5600	-10	-10		
1957	19.5700	-10	-9		
1958	19.5800	-10	-9		
1959	19.5900	-9	-9		
1960	19.6000	-9	-8		
1961	19.6100	-9	-8		
1962	19.6200	-8	-8		
1963	19.6300	-8	-8		
1964	19.6400	-8	-7		
1965	19.6500	-8	-7		
1966	19.6600	-7	-6		
1967	19.6700	-6	-6		
1968	19.6800	-6	-6		
1969	19.6900	-6	-5		
1970	19.7000	-5	-5		
1971	19.7100	-5	-4		
1972	19.7200	-4	-4		
1973	19.7300	-4	-4		
1974	19.7400	-4	-3		
1975	19.7500	-3	-3		
1976	19.7600	-2	-2		
1977	19.7700	-2	-2		
1978	19.7800	-2	-2		
1979	19.7900	-1	-1		
1980	19.8000	0	-1		
1981	19.8100	0	0		
1982	19.8200	0	0		
1983	19.8300	1	1		
1984	19.8400	2	1		
1985	19.8500	2	2		
1986	19.8600	2	2		
1987	19.8700	3	2		
1988	19.8800	3	3		
1989	19.8900	4	3		
1990	19.9000	4	4		
1991	19.9100	4	4		
1992	19.9200	5	4		
1993	19.9300	6	5		
1994	19.9400	6	6		
1995	19.9500	6	6		
1996	19.9600	6	6		
1997	19.9700	7	6		
1998	19.9800	7	7		
1999	19.9900	8	7		
2000	20.0000	8	8		
2001	20.0100	8	8		
2002	20.0200	8	8		
2003	20.0300	9	8		
2004	20.0400	9	8		
2005	20.0500	9	9		
2006	20.0600	9	9		
2007	20.0700	9	9		
2008	20.0800	10	10		
2009	20.0900	10	10		
2010	20.1000	10	10		
2011	20.1100	10	10		
2012	20.1200	10	10		
2013	20.1300	10	10		
2014	20.1400	10	10		
2015	20.1500	10	10		
2016	20.1600	10	10		
2017	20.1700	10	10		
2018	20.1800	10	10		
2019	20.1900	10	10		
2020	20.2000	10	10		
2021	20.2100	10	10		
2022	20.2200	10	10		
2023	20.2300	10	10		
2024	20.2400	10	10		
2025	20.2500	10	10		
2026	20.2600	10	10		
2027	20.2700	10	9		
2028	20.2800	9	9		
2029	20.2900	9	9		
2030	20.3000	8	8		
2031	20.3100	8	8		
2032	20.3200	8	8		
2033	20.3300	8	8		
2034	20.3400	7	8		
2035	20.3500	7	7		
2036	20.3600	6	7		
2037	20.3700	6	6		
2038	20.3800	6	6		
2039	20.3900	5	6		
2040	20.4000	5	6		
2041	20.4100	4	5		
2042	20.4200	4	4		
2043	20.4300	3	4		
2044	20.4400	3	4		
2045	20.4500	2	3		
2046	20.4600	2	3		
2047	20.4700	2	2		
2048	20.4800	1	2		
2049	20.4900	0	2		
2050	20.5000	0	1		
2051	20.5100	-1	0		
2052	20.5200	-1	0		
2053	20.5300	-2	0		
2054	20.5400	-2	-1		
2055	20.5500	-2	-2		
2056	20.5600	-3	-2		
2057	20.5700	-4	-2		
2058	20.5800	-4	-3		
2059	20.5900	-4	-4		
2060	20.6000	-5	-4		
2061	20.6100	-6	-4		
2062	20.6200	-6	-5		
2063	20.6300	-6	-5		
2064	20.6400	-6	-6		
2065	20.6500	-7	-6		
2066	20.6600	-7	-7		
2067	20.6700	-8	-7		
2068	20.6800	-8	-8		
2069	20.6900	-8	-8		
2070	20.7000	-8	-8		
2071	20.7100	-9	-8		
2072	20.7200	-9	-9		
2073	20.7300	-9	-9		
2074	20.7400	-10	-10		
2075	20.7500	-10	-10		
2076	20.7600	-10	-10		
2077	20.7700	-10	-10		
2078	20.7800	-10	-10		
2079	20.7900	-10	-11		
2080	20.8000	-10	-11		
2081	20.8100	-10	-11		
2082	20.8200	-10	-11		
2083	20.8300	-10	-11		
2084	20.8400	-11	-11		
2085	20.8500	-11	-12		
2086	20.8600	-10	-12		
2087	20.8700	-10	-12		
2088	20.8800	-10	-12		
2089	20.8900	-10	-11		
2090	20.9000	-10	-11		
2091	20.9100	-10	-11		
2092	20.9200	-10	-11		
2093	20.9300	-10	-11		
2094	20.9400	-10	-11		
2095	20.9500	-10	-10		
2096	20.9600	-10	-10		
2097	20.9700	-10	-10		
2098	20.9800	-10	-10		
2099	20.9900	-10	-10		
2100	21.0000	-10	-9		
2101	21.0100	-9	-9		
2102	21.0200	-9	-8		
2103	21.0300	-8	-8		
2104	21.0400	-8	-8		
2105	21.0500	-8	-8		
2106	21.0600	-8	-7		
2107	21.0700	-7	-7		
2108	21.0800	-7	-6		
2109	21.0900	-6	-6		
2110	21.1000	-6	-6		
2111	21.1100	-6	-5		
2112	21.1200	-5	-4		
2113	21.1300	-4	-4		
2114	21.1400	-4	-4		
2115	21.1500	-4	-3		
2116	21.1600	-3	-3		
2117	21.1700	-3	-2		
2118	21.1800	-2	-2		
2119	21.1900	-2	-2		
2120	21.2000	-1	-1		
2121	21.2100	-1	0		
2122	21.2200	0	0		
2123	21.2300	0	0		
2124	21.2400	1	1		
2125	21.2500	1	2		
2126	21.2600	2	2		
2127	21.2700	2	2		
2128	21.2800	2	3		
2129	21.2900	3	3		
2130	21.3000	4	4		
2131	21.3100	4	4		
2132	21.3200	4	4		
2133	21.3300	5	5		
2134	21.3400	5	5		
2135	21.3500	6	6		
2136	21.3600	6	6		
2137	21.3700	6	6		
2138	21.3800	7	7		
2139	21.3900	7	7		
2140	21.4000	8	8		
2141	21.4100	8	8		
2142	21.4200	8	8		
2143	21.4300	8	8		
2144	21.4400	8	8		
2145	21.4500	9	9		
2146	21.4600	9	9		
2147	21.4700	9	9		
2148	21.4800	9	9		
2149	21.4900	10	10		
2150	21.5000	10	10		
2151	21.5100	10	10		
2152	21.5200	10	10		
2153	21.5300	10	10		
2154	21.5400	10	10		
2155	21.5500	10	10		
2156	21.5600	10	10		
2157	21.5700	10	10		
2158	21.5800	10	10		
2159	21.5900	10	10		
2160	21.6000	10	10		
2161	21.6100	10	10		
2162	21.6200	10	10		
2163	21.6300	10	10		
2164	21.6400	10	10		
2165	21.6500	10	9		
2166	21.6600	10	9		
2167	21.6700	10	9		
2168	21.6800	10	9		
2169	21.6900	10	8		
2170	21.7000	9	8		
2171	21.7100	9	8		
2172	21.7200	8	8		
2173	21.7300	8	8		
2174	21.7400	8	7		
2175	21.7500	7	7		
2176	21.7600	7	7		
2177	21.7700	7	6		
2178	21.7800	6	6		
2179	21.7900	6	6		
2180	21.8000	6	5		
2181	21.8100	5	5		
2182	21.8200	4	4		
2183	21.8300	4	4		
2184	21.8400	4	4		
2185	21.8500	3	4		
2186	21.8600	3	3		
2187	21.8700	2	2		
2188	21.8800	2	2		
2189	21.8900	1	2		
2190	21.9000	1	1		
2191	21.9100	0	1		
2192	21.9200	0	0		
2193	21.9300	-1	0		
2194	21.9400	-1	0		
2195	21.9500	-2	-1		
2196	21.9600	-2	-2		
2197	21.9700	-2	-2		
2198	21.9800	-3	-2		
2199	21.9900	-4	-3		
2200	22.0000	-4	-3		
2201	22.0100	-5	-4		
2202	22.0200	-5	-4		
2203	22.0300	-6	-4		
2204	22.0400	-6	-5		
2205	22.0500	-6	-5		
2206	22.0600	-6	-6		
2207	22.0700	-7	-6		
2208	22.0800	-7	-6		
2209	22.0900	-8	-7		
2210	22.1000	-8	-7		
2211	22.1100	-8	-8		
2212	22.1200	-9	-8		
2213	22.1300	-9	-8		
2214	22.1400	-9	-8		
2215	22.1500	-10	-9		
2216	22.1600	-10	-9		
2217	22.1700	-10	-10		
2218	22.1800	-10	-10		
2219	22.1900	-10	-10		
2220	22.2000	-10	-10		
2221	22.2100	-10	-10		
2222	22.2200	-10	-10		
2223	22.2300	-10	-11		
2224	22.2400	-10	-11		
2225	22.2500	-10	-11		
2226	22.2600	-10	-11		
2227	22.2700	-11	-11		
2228	22.2800	-10	-11		
2229	22.2900	-10	-11		
2230	22.3000	-10	-11		
2231	22.3100	-10	-11		
2232	22.3200	-10	-11		
2233	22.3300	-10	-11		
2234	22.3400	-10	-11		
2235	22.3500	-10	-10		
2236	22.3600	-10	-10		
2237	22.3700	-10	-10		
2238	22.3800	-10	-10		
2239	22.3900	-10	-10		
2240	22.4000	-10	-10		
2241	22.4100	-10	-10		
2242	22.4200	-10	-9		
2243	22.4300	-9	-9		
2244	22.4400	-9	-8		
2245	22.4500	-8	-8		
2246	22.4600	-8	-8		
2247	22.4700	-8	-8		
2248	22.4800	-8	-7		
2249	22.4900	-7	-7		
2250	22.5000	-7	-6		
2251	22.5100	-6	-6		
2252	22.5200	-6	-6		
2253	22.5300	-5	-5		
2254	22.5400	-5	-5		
2255	22.5500	-4	-4		
2256	22.5600	-4	-4		
2257	22.5700	-4	-4		
2258	22.5800	-3	-3		
2259	22.5900	-3	-2		
2260	22.6000	-2	-2		
2261	22.6100	-2	-2		
2262	22.6200	-1	-1		
2263	22.6300	0	-1		
2264	22.6400	0	0		
2265	22.6500	0	0		
2266	22.6600	1	1		
2267	22.6700	1	1		
2268	22.6800	2	2		
2269	22.6900	2	2		
2270	22.7000	3	2		
2271	22.7100	3	3		
2272	22.7200	4	4		
2273	22.7300	4	4		
2274	22.7400	4	4		
2275	22.7500	5	5		
2276	22.7600	5	5		
2277	22.7700	6	6		
2278	22.7800	6	6		
2279	22.7900	6	6		
2280	22.8000	7	7		
2281	22.8100	8	7		
2282	22.8200	8	8		
2283	22.8300	8	8		
2284	22.8400	8	8		
2285	22.8500	8	8		
2286	22.8600	8	9		
2287	22.8700	9	9		
2288	22.8800	9	9		
2289	22.8900	9	9		
2290	22.9000	9	10		
2291	22.9100	10	10		
2292	22.9200	10	10		
2293	22.9300	10	10		
2294	22.9400	10	10		
2295	22.9500	10	10		
2296	22.9600	10	10		
2297	22.9700	10	10		
2298	22.9800	10	10		
2299	22.9900	10	10		
2300	23.0000	10	10		
2301	23.0100	10	10		
2302	23.0200	10	10		
2303	23.0300	10	10		
2304	23.0400	10	10		
2305	23.0500	10	10		
2306	23.0600	10	10		
2307	23.0700	10	10		
2308	23.0800	10	10		
2309	23.0900	10	9		
2310	23.1000	10	9		
2311	23.1100	10	9		
2312	23.1200	9	9		
2313	23.1300	8	8		
2314	23.1400	8	8		
2315	23.1500	8	8		
2316	23.1600	8	8		
2317	23.1700	7	7		
2318	23.1800	7	7		
2319	23.1900	6	6		
2320	23.2000	6	6		
2321	23.2100	6	6		
2322	23.2200	5	6		
2323	23.2300	5	5		
2324	23.2400	4	4		
2325	23.2500	4	4		
2326	23.2600	4	4		
2327	23.2700	3	3		
2328	23.2800	2	3		
2329	23.2900	2	2		
2330	23.3000	2	2		
2331	23.3100	1	2		
2332	23.3200	0	1		
2333	23.3300	0	0		
2334	23.3400	0	0		
2335	23.3500	-1	0		
2336	23.3600	-2	-1		
2337	23.3700	-2	-1		
2338	23.3800	-2	-2		
2339	23.3900	-3	-2		
2340	23.4000	-4	-3		
2341	23.4100	-4	-3		
2342	23.4200	-4	-4		
2343	23.4300	-5	-4		
2344	23.4400	-5	-4		
2345	23.4500	-6	-5		
2346	23.4600	-6	-6		
2347	23.4700	-6	-6		
2348	23.4800	-7	-6		
2349	23.4900	-7	-6		
2350	23.5000	-8	-7		
2351	23.5100	-8	-8		
2352	23.5200	-8	-8		
2353	23.5300	-8	-8		
2354	23.5400	-9	-8		
2355	23.5500	-9	-9		
2356	23.5600	-9	-9		
2357	23.5700	-10	-9		
2358	23.5800	-10	-10		
2359	23.5900	-10	-10		
2360	23.6000	-10	-10		
2361	23.6100	-10	-10		
2362	23.6200	-10	-10		
2363	23.6300	-10	-10		
2364	23.6400	-10	-11		
2365	23.6500	-10	-11		
2366	23.6600	-10	-11		
2367	23.6700	-11	-11		
2368	23.6800	-11	-11		
2369	23.6900	-10	-11		
2370	23.7000	-10	-11		
2371	23.7100	-10	-11		
2372	23.7200	-10	-11		
2373	23.7300	-10	-11		
2374	23.7400	-10	-11		
2375	23.7500	-10	-11		
2376	23.7600	-10	-10		
2377	23.7700	-10	-10		
2378	23.7800	-10	-10		
2379	23.7900	-10	-10		
2380	23.8000	-10	-10		
2381	23.8100	-10	-10		
2382	23.8200	-10	-9		
2383	23.8300	-10	-9		
2384	23.8400	-9	-9		
2385	23.8500	-9	-8		
2386	23.8600	-8	-8		
2387	23.8700	-8	-8		
2388	23.8800	-8	-8		
2389	23.8900	-8	-7		
2390	23.9000	-7	-7		
2391	23.9100	-7	-6		
2392	23.9200	-6	-6		
2393	23.9300	-6	-6		
2394	23.9400	-6	-5		
2395	23.9500	-5	-5		
2396	23.9600	-5	-4		
2397	23.9700	-4	-4		
2398	23.9800	-4	-4		
2399	23.9900	-3	-3		
2400	24.0000	-3	-2		
2401	24.0100	-2	-2		
2402	24.0200	-2	-2		
2403	24.0300	-2	-1		
2404	24.0400	-1	-1		
2405	24.0500	0	0		
2406	24.0600	0	0		
2407	24.0700	0	1		
2408	24.0800	1	1		
2409	24.0900	2	2		
2410	24.1000	2	2		
2411	24.1100	2	2		
2412	24.1200	3	3		
2413	24.1300	4	3		
2414	24.1400	4	4		
2415	24.1500	4	4		
2416	24.1600	5	4		
2417	24.1700	5	5		
2418	24.1800	5	6		
2419	24.1900	6	6		
2420	24.2000	6	6		
2421	24.2100	7	6		
2422	24.2200	7	7		
2423	24.2300	8	7		
2424	24.2400	8	8		
2425	24.2500	8	8		
2426	24.2600	8	8		
2427	24.2700	8	8		
2428	24.2800	9	8		
2429	24.2900	9	9		
2430	24.3000	9	9		
2431	24.3100	9	9		
2432	24.3200	10	9		
2433	24.3300	10	10		
2434	24.3400	10	10		
2435	24.3500	10	10		
2436	24.3600	10	10		
2437	24.3700	10	10		
2438	24.3800	10	10		
2439	24.3900	10	10		
2440	24.4000	10	10		
2441	24.4100	10	10		
2442	24.4200	10	10		
2443	24.4300	10	10		
2444	24.4400	10	10		
2445	24.4500	10	10		
2446	24.4600	10	10		
2447	24.4700	10	10		
2448	24.4800	10	10		
2449	24.4900	10	10		
2450	24.5000	10	9		
2451	24.5100	10	9		
2452	24.5200	10	9		
2453	24.5300	9	9		
2454	24.5400	9	8		
2455	24.5500	8	8		
2456	24.5600	8	8		
2457	24.5700	8	8		
2458	24.5800	8	8		
2459	24.5900	7	7		
2460	24.6000	7	7		
2461	24.6100	6	6		
2462	24.6200	6	6		
2463	24.6300	6	6		
2464	24.6400	5	5		
2465	24.6500	4	5		
2466	24.6600	4	4		
2467	24.6700	4	4		
2468	24.6800	3	4		
2469	24.6900	3	3		
2470	24.7000	2	3		
2471	24.7100	2	2		
2472	24.7200	1	2		
2473	24.7300	1	2		
2474	24.7400	0	1		
2475	24.7500	0	1		
2476	24.7600	-1	0		
2477	24.7700	-1	0		
2478	24.7800	-2	-1		
2479	24.7900	-2	-1		
2480	24.8000	-3	-2		
2481	24.8100	-3	-2		
2482	24.8200	-4	-3		
2483	24.8300	-4	-3		
2484	24.8400	-4	-4		
2485	24.8500	-5	-4		
2486	24.8600	-6	-4		
2487	24.8700	-6	-5		
2488	24.8800	-6	-5		
2489	24.8900	-6	-6		
2490	24.9000	-7	-6		
2491	24.9100	-7	-6		
2492	24.9200	-8	-7		
2493	24.9300	-8	-7		
2494	24.9400	-8	-8		
2495	24.9500	-8	-8		
2496	24.9600	-9	-8		
2497	24.9700	-9	-9		
2498	24.9800	-10	-9		
2499	24.9900	-10	-9		
2500	25.0000	-10	-10		
2501	25.0100	-10	-10		
2502	25.0200	-10	-10		
2503	25.0300	-10	-10		
2504	25.0400	-10	-10		
2505	25.0500	-10	-11		
2506	25.0600	-10	-11		
2507	25.0700	-10	-11		
2508	25.0800	-10	-11		
2509	25.0900	-10	-11		
2510	25.1000	-10	-11		
2511	25.1100	-10	-11		
2512	25.1200	-10	-11		
2513	25.1300	-10	-11		
2514	25.1400	-10	-11		
2515	25.1500	-10	-11		
2516	25.1600	-10	-11		
2517	25.1700	-10	-11		
2518	25.1800	-10	-11		
2519	25.1900	-10	-10		
2520	25.2000	-10	-10		
2521	25.2100	-10	-10		
2522	25.2200	-10	-10		
2523	25.2300	-10	-10		
2524	25.2400	-10	-10		
2525	25.2500	-10	-9		
2526	25.2600	-9	-9		
2527	25.2700	-9	-8		
2528	25.2800	-8	-8		
2529	25.2900	-8	-8		
2530	25.3000	-8	-8		
2531	25.3100	-8	-7		
2532	25.3200	-7	-7		
2533	25.3300	-7	-6		
2534	25.3400	-6	-6		
2535	25.3500	-6	-6		
2536	25.3600	-6	-5		
2537	25.3700	-5	-5		
2538	25.3800	-4	-4		
2539	25.3900	-4	-4		
2540	25.4000	-4	-4		
2541	25.4100	-3	-3		
2542	25.4200	-3	-2		
2543	25.4300	-2	-2		
2544	25.4400	-2	-2		
2545	25.4500	-1	-1		
2546	25.4600	0	0		
2547	25.4700	0	0		
2548	25.4800	0	0		
2549	25.4900	1	1		
2550	25.5000	1	1		
2551	25.5100	2	2		
2552	25.5200	2	2		
2553	25.5300	3	3		
2554	25.5400	3	3		
2555	25.5500	4	4		
2556	25.5600	4	4		
2557	25.5700	4	4		
2558	25.5800	5	5		
2559	25.5900	5	5		
2560	25.6000	6	6		
2561	25.6100	6	6		
2562	25.6200	6	6		
2563	25.6300	7	7		
2564	25.6400	7	7		
2565	25.6500	8	8		
2566	25.6600	8	8		
2567	25.6700	8	8		
2568	25.6800	8	8		
2569	25.6900	8	8		
2570	25.7000	9	9		
2571	25.7100	9	9		
2572	25.7200	9	9		
2573	25.7300	10	10		
2574	25.7400	10	10		
2575	25.7500	10	10		
2576	25.7600	10	10		
2577	25.7700	10	10		
2578	25.7800	10	10		
2579	25.7900	10	10		
2580	25.8000	10	10		
2581	25.8100	10	10		
2582	25.8200	10	10		
2583	25.8300	10	10		
2584	25.8400	10	10		
2585	25.8500	10	10		
2586	25.8600	10	10		
2587	25.8700	10	10		
2588	25.8800	10	10		
2589	25.8900	10	10		
2590	25.9000	10	10		
2591	25.9100	10	9		
2592	25.9200	10	9		
2593	25.9300	10	9		
2594	25.9400	9	9		
2595	25.9500	9	8		
2596	25.9600	8	8		
2597	25.9700	8	8		
2598	25.9800	8	8		
2599	25.9900	8	7		
2600	26.0000	7	7		
2601	26.0100	7	7		
2602	26.0200	6	6		
2603	26.0300	6	6		
2604	26.0400	6	6		
2605	26.0500	5	5		
2606	26.0600	5	5		
2607	26.0700	4	4		
2608	26.0800	4	4		
2609	26.0900	4	4		
2610	26.1000	3	3		
2611	26.1100	2	3		
2612	26.1200	2	2		
2613	26.1300	2	2		
2614	26.1400	1	2		
2615	26.1500	0	1		
2616	26.1600	0	1		
2617	26.1700	0	0		
2618	26.1800	-1	0		
2619	26.1900	-1	-1		
2620	26.2000	-2	-1		
2621	26.2100	-2	-2		
2622	26.2200	-3	-2		
2623	26.2300	-4	-2		
2624	26.2400	-4	-3		
2625	26.2500	-4	-4		
2626	26.2600	-5	-4		
2627	26.2700	-5	-4		
2628	26.2800	-6	-5		
2629	26.2900	-6	-5		
2630	26.3000	-6	-6		
2631	26.3100	-7	-6		
2632	26.3200	-7	-6		
2633	26.3300	-8	-7		
2634	26.3400	-8	-7		
2635	26.3500	-8	-8		
2636	26.3600	-8	-8		
2637	26.3700	-9	-8		
2638	26.3800	-9	-8		
2639	26.3900	-10	-9		
2640	26.4000	-10	-9		
2641	26.4100	-10	-10		
2642	26.4200	-10	-10		
2643	26.4300	-10	-10		
2644	26.4400	-10	-10		
2645	26.4500	-10	-10		
2646	26.4600	-10	-10		
2647	26.4700	-10	-11		
2648	26.4800	-10	-11		
2649	26.4900	-10	-11		
2650	26.5000	-10	-11		
