#	time(s)	count A	count B	count C	count D
1	0.0100	10	20		
2	0.0200	10	20		
3	0.0300	10	20		
4	0.0400	10	19		
5	0.0500	10	19		
6	0.0600	10	18		
7	0.0700	10	18		
8	0.0800	10	17		
9	0.0900	10	16		
10	0.1000	10	15		
11	0.1100	10	14		
12	0.1200	9	14		
13	0.1300	9	13		
14	0.1400	8	12		
15	0.1500	8	11		
16	0.1600	8	10		
17	0.1700	7	9		
18	0.1800	7	8		
19	0.1900	6	7		
20	0.2000	6	6		
21	0.2100	6	4		
22	0.2200	5	4		
23	0.2300	4	2		
24	0.2400	4	2		
25	0.2500	3	0		
26	0.2600	2	-1		
27	0.2700	2	-2		
28	0.2800	2	-3		
29	0.2900	1	-4		
30	0.3000	0	-5		
31	0.3100	0	-6		
32	0.3200	-1	-6		
33	0.3300	-2	-8		
34	0.3400	-2	-8		
35	0.3500	-3	-9		
36	0.3600	-3	-10		
37	0.3700	-4	-11		
38	0.3800	-4	-12		
39	0.3900	-5	-12		
40	0.4000	-6	-13		
41	0.4100	-6	-13		
42	0.4200	-6	-14		
43	0.4300	-7	-14		
44	0.4400	-7	-14		
45	0.4500	-8	-15		
46	0.4600	-8	-15		
47	0.4700	-8	-16		
48	0.4800	-9	-16		
49	0.4900	-9	-16		
50	0.5000	-10	-16		
51	0.5100	-10	-16		
52	0.5200	-10	-16		
53	0.5300	-10	-16		
54	0.5400	-10	-16		
55	0.5500	-10	-16		
56	0.5600	-10	-16		
57	0.5700	-10	-15		
58	0.5800	-10	-15		
59	0.5900	-10	-14		
60	0.6000	-10	-14		
61	0.6100	-11	-14		
62	0.6200	-10	-13		
63	0.6300	-10	-13		
64	0.6400	-10	-12		
65	0.6500	-10	-12		
66	0.6600	-10	-11		
67	0.6700	-10	-10		
68	0.6800	-10	-10		
69	0.6900	-10	-9		
70	0.7000	-10	-8		
71	0.7100	-10	-8		
72	0.7200	-10	-7		
73	0.7300	-10	-6		
74	0.7400	-9	-6		
75	0.7500	-9	-5		
76	0.7600	-8	-4		
77	0.7700	-8	-4		
78	0.7800	-8	-3		
79	0.7900	-7	-2		
80	0.8000	-7	-2		
81	0.8100	-6	-1		
82	0.8200	-6	0		
83	0.8300	-5	0		
84	0.8400	-4	0		
85	0.8500	-4	1		
86	0.8600	-4	2		
87	0.8700	-3	2		
88	0.8800	-2	3		
89	0.8900	-2	3		
90	0.9000	-1	4		
91	0.9100	0	4		
92	0.9200	0	4		
93	0.9300	1	5		
94	0.9400	1	5		
95	0.9500	2	6		
96	0.9600	2	6		
97	0.9700	3	6		
98	0.9800	3	6		
99	0.9900	4	7		
100	1.0000	4	7		
101	1.0100	5	7		
102	1.0200	6	8		
103	1.0300	6	8		
104	1.0400	6	8		
105	1.0500	6	8		
106	1.0600	7	8		
107	1.0700	8	8		
108	1.0800	8	8		
109	1.0900	8	8		
110	1.1000	9	8		
111	1.1100	9	8		
112	1.1200	9	8		
113	1.1300	9	8		
114	1.1400	9	8		
115	1.1500	10	8		
116	1.1600	10	8		
117	1.1700	10	8		
118	1.1800	10	8		
119	1.1900	10	8		
120	1.2000	10	8		
121	1.2100	10	8		
122	1.2200	10	8		
123	1.2300	10	8		
124	1.2400	10	8		
125	1.2500	10	8		
126	1.2600	10	7		
127	1.2700	10	7		
128	1.2800	10	7		
129	1.2900	10	7		
130	1.3000	10	6		
131	1.3100	10	6		
132	1.3200	9	6		
133	1.3300	9	6		
134	1.3400	8	6		
135	1.3500	8	6		
136	1.3600	7	6		
137	1.3700	7	6		
138	1.3800	6	5		
139	1.3900	6	5		
140	1.4000	6	5		
141	1.4100	5	4		
142	1.4200	4	4		
143	1.4300	4	4		
144	1.4400	3	4		
145	1.4500	3	4		
146	1.4600	2	4		
147	1.4700	2	3		
148	1.4800	2	3		
149	1.4900	1	2		
150	1.5000	0	2		
151	1.5100	0	2		
152	1.5200	-1	2		
153	1.5300	-2	1		
154	1.5400	-2	1		
155	1.5500	-3	0		
156	1.5600	-3	0		
157	1.5700	-4	0		
158	1.5800	-4	0		
159	1.5900	-5	-1		
160	1.6000	-6	-2		
161	1.6100	-6	-2		
162	1.6200	-6	-2		
163	1.6300	-7	-3		
164	1.6400	-7	-3		
165	1.6500	-8	-4		
166	1.6600	-8	-4		
167	1.6700	-8	-4		
168	1.6800	-9	-5		
169	1.6900	-9	-6		
170	1.7000	-10	-6		
171	1.7100	-10	-6		
172	1.7200	-10	-7		
173	1.7300	-10	-8		
174	1.7400	-10	-8		
175	1.7500	-10	-8		
176	1.7600	-10	-9		
177	1.7700	-10	-9		
178	1.7800	-10	-10		
179	1.7900	-10	-10		
180	1.8000	-10	-10		
181	1.8100	-10	-10		
182	1.8200	-10	-11		
183	1.8300	-10	-11		
184	1.8400	-10	-12		
185	1.8500	-10	-12		
186	1.8600	-10	-12		
187	1.8700	-10	-12		
188	1.8800	-10	-12		
189	1.8900	-10	-12		
190	1.9000	-10	-12		
191	1.9100	-10	-12		
192	1.9200	-10	-12		
193	1.9300	-10	-12		
194	1.9400	-9	-12		
195	1.9500	-8	-12		
196	1.9600	-8	-12		
197	1.9700	-8	-12		
198	1.9800	-8	-12		
199	1.9900	-7	-12		
200	2.0000	-6	-12		
201	2.0100	-6	-11		
202	2.0200	-6	-11		
203	2.0300	-5	-10		
204	2.0400	-4	-10		
205	2.0500	-4	-10		
206	2.0600	-3	-9		
207	2.0700	-3	-9		
208	2.0800	-2	-8		
209	2.0900	-2	-8		
210	2.1000	-1	-7		
211	2.1100	0	-6		
212	2.1200	0	-6		
213	2.1300	1	-5		
214	2.1400	1	-4		
215	2.1500	2	-3		
216	2.1600	2	-2		
217	2.1700	3	-2		
218	2.1800	4	-1		
219	2.1900	4	0		
220	2.2000	5	1		
221	2.2100	5	2		
222	2.2200	6	2		
223	2.2300	6	4		
224	2.2400	6	4		
225	2.2500	7	5		
226	2.2600	7	6		
227	2.2700	8	7		
228	2.2800	8	8		
229	2.2900	8	8		
230	2.3000	9	9		
231	2.3100	9	10		
232	2.3200	9	11		
233	2.3300	10	12		
234	2.3400	10	12		
235	2.3500	10	13		
236	2.3600	10	14		
237	2.3700	10	14		
238	2.3800	10	14		
239	2.3900	10	15		
240	2.4000	10	16		
241	2.4100	10	16		
242	2.4200	10	16		
243	2.4300	10	16		
244	2.4400	10	17		
245	2.4500	10	17		
246	2.4600	10	17		
247	2.4700	10	17		
248	2.4800	10	17		
249	2.4900	10	17		
250	2.5000	10	17		
251	2.5100	9	17		
252	2.5200	9	17		
253	2.5300	8	16		
254	2.5400	8	16		
255	2.5500	8	16		
256	2.5600	7	15		
257	2.5700	7	15		
258	2.5800	6	14		
259	2.5900	6	14		
260	2.6000	6	13		
261	2.6100	5	12		
262	2.6200	4	12		
263	2.6300	4	11		
264	2.6400	3	10		
265	2.6500	2	9		
266	2.6600	2	8		
267	2.6700	2	7		
268	2.6800	1	6		
269	2.6900	1	5		
270	2.7000	0	4		
271	2.7100	-1	3		
272	2.7200	-2	2		
273	2.7300	-2	1		
274	2.7400	-3	0		
275	2.7500	-3	-1		
276	2.7600	-4	-2		
277	2.7700	-4	-3		
278	2.7800	-4	-4		
279	2.7900	-5	-6		
280	2.8000	-6	-6		
281	2.8100	-6	-8		
282	2.8200	-7	-8		
283	2.8300	-7	-10		
284	2.8400	-8	-10		
285	2.8500	-8	-11		
286	2.8600	-8	-12		
287	2.8700	-8	-13		
288	2.8800	-9	-14		
289	2.8900	-10	-15		
290	2.9000	-10	-16		
291	2.9100	-10	-16		
292	2.9200	-10	-17		
293	2.9300	-10	-17		
294	2.9400	-10	-18		
295	2.9500	-10	-18		
296	2.9600	-10	-19		
297	2.9700	-10	-19		
298	2.9800	-11	-19		
299	2.9900	-11	-20		
300	3.0000	-10	-20		
301	3.0100	-10	-20		
302	3.0200	-10	-20		
303	3.0300	-10	-20		
304	3.0400	-10	-20		
305	3.0500	-10	-19		
306	3.0600	-10	-19		
307	3.0700	-10	-19		
308	3.0800	-10	-18		
309	3.0900	-10	-18		
310	3.1000	-10	-17		
311	3.1100	-10	-17		
312	3.1200	-10	-16		
313	3.1300	-9	-16		
314	3.1400	-9	-15		
315	3.1500	-8	-14		
316	3.1600	-8	-13		
317	3.1700	-8	-12		
318	3.1800	-7	-12		
319	3.1900	-7	-10		
320	3.2000	-6	-10		
321	3.2100	-6	-8		
322	3.2200	-5	-8		
323	3.2300	-4	-6		
324	3.2400	-4	-6		
325	3.2500	-4	-4		
326	3.2600	-3	-4		
327	3.2700	-2	-2		
328	3.2800	-2	-1		
329	3.2900	-1	0		
330	3.3000	-1	1		
331	3.3100	0	2		
332	3.3200	0	3		
333	3.3300	1	4		
334	3.3400	2	5		
335	3.3500	2	6		
336	3.3600	2	7		
337	3.3700	3	8		
338	3.3800	4	9		
339	3.3900	4	10		
340	3.4000	5	10		
341	3.4100	6	11		
342	3.4200	6	12		
343	3.4300	6	13		
344	3.4400	6	13		
345	3.4500	7	14		
346	3.4600	7	14		
347	3.4700	8	15		
348	3.4800	8	16		
349	3.4900	8	16		
350	3.5000	9	16		
351	3.5100	9	16		
352	3.5200	10	17		
353	3.5300	10	17		
354	3.5400	10	17		
355	3.5500	10	17		
356	3.5600	10	17		
357	3.5700	10	17		
358	3.5800	10	17		
359	3.5900	10	17		
360	3.6000	10	16		
361	3.6100	10	16		
362	3.6200	10	16		
363	3.6300	10	16		
364	3.6400	10	15		
365	3.6500	10	15		
366	3.6600	10	14		
367	3.6700	10	14		
368	3.6800	10	13		
369	3.6900	10	12		
370	3.7000	10	12		
371	3.7100	9	11		
372	3.7200	9	10		
373	3.7300	8	10		
374	3.7400	8	9		
375	3.7500	7	8		
376	3.7600	7	8		
377	3.7700	6	6		
378	3.7800	6	6		
379	3.7900	6	5		
380	3.8000	6	4		
381	3.8100	5	3		
382	3.8200	4	2		
383	3.8300	3	2		
384	3.8400	3	1		
385	3.8500	2	0		
386	3.8600	2	-1		
387	3.8700	2	-2		
388	3.8800	1	-2		
389	3.8900	0	-3		
390	3.9000	0	-4		
391	3.9100	-1	-5		
392	3.9200	-2	-6		
393	3.9300	-2	-6		
394	3.9400	-3	-7		
395	3.9500	-3	-8		
396	3.9600	-4	-8		
397	3.9700	-4	-9		
398	3.9800	-5	-9		
399	3.9900	-6	-10		
400	4.0000	-6	-10		
401	4.0100	-6	-11		
402	4.0200	-7	-11		
403	4.0300	-7	-12		
404	4.0400	-8	-12		
405	4.0500	-8	-12		
406	4.0600	-8	-12		
407	4.0700	-9	-13		
408	4.0800	-9	-13		
409	4.0900	-10	-13		
410	4.1000	-10	-13		
411	4.1100	-10	-13		
412	4.1200	-10	-13		
413	4.1300	-10	-13		
414	4.1400	-10	-13		
415	4.1500	-10	-13		
416	4.1600	-10	-13		
417	4.1700	-10	-13		
418	4.1800	-11	-13		
419	4.1900	-11	-13		
420	4.2000	-10	-12		
421	4.2100	-10	-12		
422	4.2200	-10	-12		
423	4.2300	-10	-12		
424	4.2400	-10	-12		
425	4.2500	-10	-11		
426	4.2600	-10	-10		
427	4.2700	-10	-10		
428	4.2800	-10	-10		
429	4.2900	-10	-10		
430	4.3000	-10	-9		
431	4.3100	-10	-8		
432	4.3200	-10	-8		
433	4.3300	-9	-8		
434	4.3400	-8	-7		
435	4.3500	-8	-6		
436	4.3600	-8	-6		
437	4.3700	-8	-6		
438	4.3800	-7	-5		
439	4.3900	-6	-4		
440	4.4000	-6	-4		
441	4.4100	-6	-4		
442	4.4200	-5	-3		
443	4.4300	-4	-2		
444	4.4400	-4	-2		
445	4.4500	-3	-1		
446	4.4600	-3	-1		
447	4.4700	-2	0		
448	4.4800	-2	0		
449	4.4900	-1	1		
450	4.5000	0	1		
451	4.5100	0	2		
452	4.5200	1	2		
453	4.5300	1	2		
454	4.5400	2	3		
455	4.5500	2	4		
456	4.5600	3	4		
457	4.5700	4	4		
458	4.5800	4	5		
459	4.5900	4	5		
460	4.6000	5	6		
461	4.6100	6	6		
462	4.6200	6	6		
463	4.6300	6	6		
464	4.6400	7	7		
465	4.6500	7	7		
466	4.6600	8	8		
467	4.6700	8	8		
468	4.6800	8	8		
469	4.6900	8	8		
470	4.7000	9	8		
471	4.7100	9	9		
472	4.7200	9	9		
473	4.7300	10	9		
474	4.7400	10	9		
475	4.7500	10	10		
476	4.7600	10	10		
477	4.7700	10	10		
478	4.7800	10	10		
479	4.7900	10	10		
480	4.8000	10	10		
481	4.8100	10	10		
482	4.8200	10	10		
483	4.8300	10	10		
484	4.8400	10	10		
485	4.8500	10	10		
486	4.8600	10	10		
487	4.8700	10	10		
488	4.8800	10	10		
489	4.8900	10	10		
490	4.9000	9	9		
491	4.9100	9	9		
492	4.9200	9	9		
493	4.9300	8	9		
494	4.9400	8	8		
495	4.9500	7	8		
496	4.9600	7	8		
497	4.9700	6	8		
498	4.9800	6	8		
499	4.9900	6	7		
500	5.0000	5	7		
501	5.0100	4	6		
502	5.0200	4	6		
503	5.0300	3	6		
504	5.0400	2	5		
505	5.0500	2	5		
506	5.0600	2	4		
507	5.0700	1	4		
508	5.0800	1	4		
509	5.0900	0	3		
510	5.1000	-1	2		
511	5.1100	-2	2		
512	5.1200	-2	2		
513	5.1300	-2	1		
514	5.1400	-3	0		
515	5.1500	-4	0		
516	5.1600	-4	-1		
517	5.1700	-5	-2		
518	5.1800	-5	-2		
519	5.1900	-6	-3		
520	5.2000	-6	-3		
521	5.2100	-7	-4		
522	5.2200	-7	-4		
523	5.2300	-8	-5		
524	5.2400	-8	-6		
525	5.2500	-8	-6		
526	5.2600	-8	-7		
527	5.2700	-9	-8		
528	5.2800	-9	-8		
529	5.2900	-10	-9		
530	5.3000	-10	-9		
531	5.3100	-10	-10		
532	5.3200	-10	-10		
533	5.3300	-10	-11		
534	5.3400	-10	-11		
535	5.3500	-10	-12		
536	5.3600	-10	-12		
537	5.3700	-10	-12		
538	5.3800	-11	-13		
539	5.3900	-11	-13		
540	5.4000	-10	-14		
541	5.4100	-10	-14		
542	5.4200	-10	-14		
543	5.4300	-10	-14		
544	5.4400	-10	-14		
545	5.4500	-10	-14		
546	5.4600	-10	-14		
547	5.4700	-10	-14		
548	5.4800	-10	-14		
549	5.4900	-10	-14		
550	5.5000	-10	-14		
551	5.5100	-10	-14		
552	5.5200	-9	-14		
553	5.5300	-9	-14		
554	5.5400	-8	-13		
555	5.5500	-8	-13		
556	5.5600	-8	-12		
557	5.5700	-7	-12		
558	5.5800	-7	-12		
559	5.5900	-6	-11		
560	5.6000	-6	-11		
561	5.6100	-5	-10		
562	5.6200	-5	-10		
563	5.6300	-4	-9		
564	5.6400	-4	-8		
565	5.6500	-3	-8		
566	5.6600	-2	-7		
567	5.6700	-2	-6		
568	5.6800	-1	-6		
569	5.6900	-1	-5		
570	5.7000	0	-4		
571	5.7100	0	-3		
572	5.7200	1	-2		
573	5.7300	2	-2		
574	5.7400	2	-1		
575	5.7500	2	0		
576	5.7600	3	1		
577	5.7700	4	2		
578	5.7800	4	3		
579	5.7900	5	4		
580	5.8000	5	4		
581	5.8100	6	6		
582	5.8200	6	6		
583	5.8300	6	7		
584	5.8400	7	8		
585	5.8500	8	9		
586	5.8600	8	10		
587	5.8700	8	10		
588	5.8800	8	11		
589	5.8900	8	12		
590	5.9000	9	12		
591	5.9100	9	13		
592	5.9200	9	14		
593	5.9300	10	14		
594	5.9400	10	14		
595	5.9500	10	15		
596	5.9600	10	15		
597	5.9700	10	16		
598	5.9800	10	16		
599	5.9900	10	16		
600	6.0000	10	16		
601	6.0100	10	16		
602	6.0200	10	17		
603	6.0300	10	17		
604	6.0400	10	17		
605	6.0500	10	17		
606	6.0600	10	16		
607	6.0700	10	16		
608	6.0800	10	16		
609	6.0900	10	16		
610	6.1000	9	16		
611	6.1100	9	15		
612	6.1200	8	15		
613	6.1300	8	14		
614	6.1400	8	14		
615	6.1500	7	13		
616	6.1600	7	12		
617	6.1700	6	12		
618	6.1800	6	11		
619	6.1900	6	10		
620	6.2000	5	10		
621	6.2100	4	9		
622	6.2200	4	8		
623	6.2300	3	7		
624	6.2400	2	6		
625	6.2500	2	6		
626	6.2600	2	4		
627	6.2700	1	4		
628	6.2800	0	2		
629	6.2900	0	2		
630	6.3000	-1	0		
631	6.3100	-2	0		
632	6.3200	-2	-2		
633	6.3300	-3	-2		
634	6.3400	-3	-4		
635	6.3500	-4	-4		
636	6.3600	-4	-5		
637	6.3700	-5	-6		
638	6.3800	-6	-7		
639	6.3900	-6	-8		
640	6.4000	-6	-9		
641	6.4100	-7	-10		
642	6.4200	-7	-10		
643	6.4300	-8	-12		
644	6.4400	-8	-12		
645	6.4500	-8	-13		
646	6.4600	-9	-14		
647	6.4700	-9	-14		
648	6.4800	-9	-15		
649	6.4900	-10	-15		
650	6.5000	-10	-16		
651	6.5100	-10	-16		
652	6.5200	-10	-17		
653	6.5300	-10	-17		
654	6.5400	-10	-17		
655	6.5500	-10	-18		
656	6.5600	-10	-18		
657	6.5700	-11	-18		
658	6.5800	-11	-18		
659	6.5900	-11	-18		
660	6.6000	-10	-18		
661	6.6100	-10	-18		
662	6.6200	-10	-18		
663	6.6300	-10	-17		
664	6.6400	-10	-17		
665	6.6500	-10	-17		
666	6.6600	-10	-16		
667	6.6700	-10	-16		
668	6.6800	-10	-15		
669	6.6900	-10	-15		
670	6.7000	-10	-14		
671	6.7100	-10	-14		
672	6.7200	-9	-13		
673	6.7300	-9	-12		
674	6.7400	-8	-12		
675	6.7500	-8	-11		
676	6.7600	-8	-10		
677	6.7700	-7	-9		
678	6.7800	-6	-8		
679	6.7900	-6	-8		
680	6.8000	-6	-7		
681	6.8100	-5	-6		
682	6.8200	-4	-5		
683	6.8300	-4	-4		
684	6.8400	-4	-3		
685	6.8500	-3	-2		
686	6.8600	-2	-1		
687	6.8700	-2	0		
688	6.8800	-1	0		
689	6.8900	0	2		
690	6.9000	0	2		
691	6.9100	1	3		
692	6.9200	1	4		
693	6.9300	2	5		
694	6.9400	2	6		
695	6.9500	3	7		
696	6.9600	4	8		
697	6.9700	4	8		
698	6.9800	5	9		
699	6.9900	5	10		
700	7.0000	6	10		
701	7.0100	6	11		
702	7.0200	6	11		
703	7.0300	7	12		
704	7.0400	7	12		
705	7.0500	8	13		
706	7.0600	8	13		
707	7.0700	8	14		
708	7.0800	8	14		
709	7.0900	9	14		
710	7.1000	9	14		
711	7.1100	9	15		
712	7.1200	10	15		
713	7.1300	10	15		
714	7.1400	10	15		
715	7.1500	10	15		
716	7.1600	10	15		
717	7.1700	10	15		
718	7.1800	10	15		
719	7.1900	10	14		
720	7.2000	10	14		
721	7.2100	10	14		
722	7.2200	10	14		
723	7.2300	10	14		
724	7.2400	10	13		
725	7.2500	10	12		
726	7.2600	10	12		
727	7.2700	10	12		
728	7.2800	10	11		
729	7.2900	9	11		
730	7.3000	9	10		
731	7.3100	9	10		
732	7.3200	8	9		
733	7.3300	8	8		
734	7.3400	7	8		
735	7.3500	7	7		
736	7.3600	6	6		
737	7.3700	6	6		
738	7.3800	6	5		
739	7.3900	5	4		
740	7.4000	4	4		
741	7.4100	4	3		
742	7.4200	3	2		
743	7.4300	2	2		
744	7.4400	2	1		
745	7.4500	2	0		
746	7.4600	1	-1		
747	7.4700	0	-1		
748	7.4800	0	-2		
749	7.4900	-1	-3		
750	7.5000	-2	-4		
751	7.5100	-2	-4		
752	7.5200	-2	-4		
753	7.5300	-3	-5		
754	7.5400	-4	-6		
755	7.5500	-4	-6		
756	7.5600	-4	-7		
757	7.5700	-5	-8		
758	7.5800	-6	-8		
759	7.5900	-6	-8		
760	7.6000	-7	-9		
761	7.6100	-7	-10		
762	7.6200	-8	-10		
763	7.6300	-8	-10		
764	7.6400	-8	-10		
765	7.6500	-8	-11		
766	7.6600	-9	-11		
767	7.6700	-9	-12		
768	7.6800	-10	-12		
769	7.6900	-10	-12		
770	7.7000	-10	-12		
771	7.7100	-10	-12		
772	7.7200	-10	-12		
773	7.7300	-10	-12		
774	7.7400	-10	-12		
775	7.7500	-10	-12		
776	7.7600	-10	-12		
777	7.7700	-11	-12		
778	7.7800	-11	-12		
779	7.7900	-10	-12		
780	7.8000	-10	-12		
781	7.8100	-10	-12		
782	7.8200	-10	-12		
783	7.8300	-10	-12		
784	7.8400	-10	-12		
785	7.8500	-10	-11		
786	7.8600	-10	-11		
787	7.8700	-10	-10		
788	7.8800	-10	-10		
789	7.8900	-10	-10		
790	7.9000	-10	-10		
791	7.9100	-9	-9		
792	7.9200	-9	-9		
793	7.9300	-8	-8		
794	7.9400	-8	-8		
795	7.9500	-8	-7		
796	7.9600	-7	-7		
797	7.9700	-7	-6		
798	7.9800	-6	-6		
799	7.9900	-6	-6		
800	8.0000	-5	-5		
801	8.0100	-5	-4		
802	8.0200	-4	-4		
803	8.0300	-4	-4		
804	8.0400	-3	-3		
805	8.0500	-3	-2		
806	8.0600	-2	-2		
807	8.0700	-2	-1		
808	8.0800	-1	-1		
809	8.0900	0	0		
810	8.1000	0	0		
811	8.1100	1	1		
812	8.1200	2	2		
813	8.1300	2	2		
814	8.1400	2	2		
815	8.1500	3	3		
816	8.1600	4	4		
817	8.1700	4	4		
818	8.1800	5	4		
819	8.1900	6	5		
820	8.2000	6	6		
821	8.2100	6	6		
822	8.2200	6	6		
823	8.2300	7	7		
824	8.2400	7	7		
825	8.2500	8	8		
826	8.2600	8	8		
827	8.2700	8	8		
828	8.2800	9	9		
829	8.2900	9	9		
830	8.3000	9	10		
831	8.3100	9	10		
832	8.3200	10	10		
833	8.3300	10	10		
834	8.3400	10	11		
835	8.3500	10	11		
836	8.3600	10	11		
837	8.3700	10	11		
838	8.3800	10	11		
839	8.3900	10	12		
840	8.4000	10	12		
841	8.4100	10	12		
842	8.4200	10	12		
843	8.4300	10	12		
844	8.4400	10	12		
845	8.4500	10	12		
846	8.4600	10	12		
847	8.4700	10	11		
848	8.4800	10	11		
849	8.4900	9	11		
850	8.5000	9	11		
851	8.5100	8	10		
852	8.5200	8	10		
853	8.5300	8	10		
854	8.5400	7	10		
855	8.5500	7	9		
856	8.5600	6	9		
857	8.5700	6	8		
858	8.5800	6	8		
859	8.5900	5	8		
860	8.6000	4	7		
861	8.6100	4	7		
862	8.6200	3	6		
863	8.6300	2	6		
864	8.6400	2	5		
865	8.6500	2	4		
866	8.6600	1	4		
867	8.6700	0	3		
868	8.6800	0	3		
869	8.6900	-1	2		
870	8.7000	-2	2		
871	8.7100	-2	1		
872	8.7200	-3	0		
873	8.7300	-3	-1		
874	8.7400	-4	-1		
875	8.7500	-4	-2		
876	8.7600	-5	-3		
877	8.7700	-6	-4		
878	8.7800	-6	-4		
879	8.7900	-6	-5		
880	8.8000	-7	-6		
881	8.8100	-7	-6		
882	8.8200	-8	-7		
883	8.8300	-8	-8		
884	8.8400	-8	-8		
885	8.8500	-9	-9		
886	8.8600	-9	-10		
887	8.8700	-10	-10		
888	8.8800	-10	-10		
889	8.8900	-10	-11		
890	8.9000	-10	-12		
891	8.9100	-10	-12		
892	8.9200	-10	-12		
893	8.9300	-10	-13		
894	8.9400	-10	-13		
895	8.9500	-10	-14		
896	8.9600	-10	-14		
897	8.9700	-11	-14		
898	8.9800	-11	-14		
899	8.9900	-10	-15		
900	9.0000	-10	-15		
901	9.0100	-10	-15		
902	9.0200	-10	-15		
903	9.0300	-10	-15		
904	9.0400	-10	-15		
905	9.0500	-10	-15		
906	9.0600	-10	-15		
907	9.0700	-10	-15		
908	9.0800	-10	-14		
909	9.0900	-10	-14		
910	9.1000	-10	-14		
911	9.1100	-9	-14		
912	9.1200	-9	-13		
913	9.1300	-8	-13		
914	9.1400	-8	-12		
915	9.1500	-8	-12		
916	9.1600	-7	-12		
917	9.1700	-6	-11		
918	9.1800	-6	-10		
919	9.1900	-6	-10		
920	9.2000	-5	-9		
921	9.2100	-4	-8		
922	9.2200	-4	-8		
923	9.2300	-4	-7		
924	9.2400	-3	-6		
925	9.2500	-2	-5		
926	9.2600	-2	-4		
927	9.2700	-1	-4		
928	9.2800	0	-3		
929	9.2900	0	-2		
930	9.3000	1	-1		
931	9.3100	1	0		
932	9.3200	2	0		
933	9.3300	2	1		
934	9.3400	3	2		
935	9.3500	3	3		
936	9.3600	4	4		
937	9.3700	5	5		
938	9.3800	5	6		
939	9.3900	6	6		
940	9.4000	6	7		
941	9.4100	6	8		
942	9.4200	7	9		
943	9.4300	7	10		
944	9.4400	8	10		
945	9.4500	8	11		
946	9.4600	8	12		
947	9.4700	8	12		
948	9.4800	9	12		
949	9.4900	9	13		
950	9.5000	9	14		
951	9.5100	10	14		
952	9.5200	10	14		
953	9.5300	10	15		
954	9.5400	10	15		
955	9.5500	10	16		
956	9.5600	10	16		
957	9.5700	10	16		
958	9.5800	10	16		
959	9.5900	10	16		
960	9.6000	10	16		
961	9.6100	10	16		
962	9.6200	10	16		
963	9.6300	10	16		
964	9.6400	10	16		
965	9.6500	10	16		
966	9.6600	10	15		
967	9.6700	10	15		
968	9.6800	9	14		
969	9.6900	9	14		
970	9.7000	9	14		
971	9.7100	8	13		
972	9.7200	8	12		
973	9.7300	7	12		
974	9.7400	7	11		
975	9.7500	6	11		
976	9.7600	6	10		
977	9.7700	6	9		
978	9.7800	5	8		
979	9.7900	4	8		
980	9.8000	4	7		
981	9.8100	3	6		
982	9.8200	3	5		
983	9.8300	2	4		
984	9.8400	2	4		
985	9.8500	1	3		
986	9.8600	0	2		
987	9.8700	0	1		
988	9.8800	-1	0		
989	9.8900	-2	-1		
990	9.9000	-2	-2		
991	9.9100	-2	-3		
992	9.9200	-3	-4		
993	9.9300	-4	-4		
994	9.9400	-4	-5		
995	9.9500	-4	-6		
996	9.9600	-5	-7		
997	9.9700	-6	-8		
998	9.9800	-6	-8		
999	9.9900	-7	-9		
1000	10.0000	-7	-10		
1001	10.0100	-8	-11		
1002	10.0200	-8	-12		
1003	10.0300	-8	-12		
1004	10.0400	-8	-13		
1005	10.0500	-9	-13		
1006	10.0600	-9	-14		
1007	10.0700	-10	-14		
1008	10.0800	-10	-15		
1009	10.0900	-10	-15		
1010	10.1000	-10	-16		
1011	10.1100	-10	-16		
1012	10.1200	-10	-16		
1013	10.1300	-10	-16		
1014	10.1400	-10	-16		
1015	10.1500	-10	-16		
1016	10.1600	-10	-16		
1017	10.1700	-11	-16		
1018	10.1800	-11	-16		
1019	10.1900	-11	-16		
1020	10.2000	-10	-16		
1021	10.2100	-10	-16		
1022	10.2200	-10	-16		
1023	10.2300	-10	-16		
1024	10.2400	-10	-15		
1025	10.2500	-10	-15		
1026	10.2600	-10	-14		
1027	10.2700	-10	-14		
1028	10.2800	-10	-13		
1029	10.2900	-10	-13		
1030	10.3000	-9	-12		
1031	10.3100	-9	-12		
1032	10.3200	-8	-11		
1033	10.3300	-8	-10		
1034	10.3400	-8	-10		
1035	10.3500	-7	-9		
1036	10.3600	-7	-8		
1037	10.3700	-6	-7		
1038	10.3800	-6	-6		
1039	10.3900	-5	-6		
1040	10.4000	-5	-5		
1041	10.4100	-4	-4		
1042	10.4200	-4	-4		
1043	10.4300	-3	-3		
1044	10.4400	-2	-2		
1045	10.4500	-2	-1		
1046	10.4600	-2	0		
1047	10.4700	-1	1		
1048	10.4800	0	2		
1049	10.4900	0	2		
1050	10.5000	1	3		
1051	10.5100	2	4		
1052	10.5200	2	4		
1053	10.5300	2	5		
1054	10.5400	3	6		
1055	10.5500	4	7		
1056	10.5600	4	8		
1057	10.5700	5	8		
1058	10.5800	6	9		
1059	10.5900	6	9		
1060	10.6000	6	10		
1061	10.6100	7	10		
1062	10.6200	7	11		
1063	10.6300	8	11		
1064	10.6400	8	12		
1065	10.6500	8	12		
1066	10.6600	8	12		
1067	10.6700	9	13		
1068	10.6800	9	13		
1069	10.6900	9	13		
1070	10.7000	10	14		
1071	10.7100	10	14		
1072	10.7200	10	14		
1073	10.7300	10	14		
1074	10.7400	10	14		
1075	10.7500	10	14		
1076	10.7600	10	14		
1077	10.7700	10	14		
1078	10.7800	10	14		
1079	10.7900	10	14		
1080	10.8000	10	13		
1081	10.8100	10	13		
1082	10.8200	10	13		
1083	10.8300	10	12		
1084	10.8400	10	12		
1085	10.8500	10	12		
1086	10.8600	10	12		
1087	10.8700	9	11		
1088	10.8800	9	10		
1089	10.8900	9	10		
1090	10.9000	8	10		
1091	10.9100	8	9		
1092	10.9200	8	8		
1093	10.9300	7	8		
1094	10.9400	6	7		
1095	10.9500	6	7		
1096	10.9600	6	6		
1097	10.9700	6	6		
1098	10.9800	5	5		
1099	10.9900	4	4		
1100	11.0000	4	4		
1101	11.0100	3	3		
1102	11.0200	2	2		
1103	11.0300	2	2		
1104	11.0400	2	1		
1105	11.0500	1	0		
1106	11.0600	0	0		
1107	11.0700	0	-1		
1108	11.0800	-1	-2		
1109	11.0900	-2	-2		
1110	11.1000	-2	-3		
1111	11.1100	-3	-4		
1112	11.1200	-3	-4		
1113	11.1300	-4	-5		
1114	11.1400	-4	-6		
1115	11.1500	-5	-6		
1116	11.1600	-6	-6		
1117	11.1700	-6	-7		
1118	11.1800	-6	-8		
1119	11.1900	-7	-8		
1120	11.2000	-7	-9		
1121	11.2100	-8	-9		
1122	11.2200	-8	-10		
1123	11.2300	-8	-10		
1124	11.2400	-9	-10		
1125	11.2500	-9	-11		
1126	11.2600	-10	-11		
1127	11.2700	-10	-12		
1128	11.2800	-10	-12		
1129	11.2900	-10	-12		
1130	11.3000	-10	-12		
1131	11.3100	-10	-12		
1132	11.3200	-10	-12		
1133	11.3300	-10	-13		
1134	11.3400	-11	-13		
1135	11.3500	-11	-13		
1136	11.3600	-11	-13		
1137	11.3700	-11	-13		
1138	11.3800	-10	-13		
1139	11.3900	-10	-13		
1140	11.4000	-10	-13		
1141	11.4100	-10	-13		
1142	11.4200	-10	-12		
1143	11.4300	-10	-12		
1144	11.4400	-10	-12		
1145	11.4500	-10	-12		
1146	11.4600	-10	-12		
1147	11.4700	-10	-11		
1148	11.4800	-10	-11		
1149	11.4900	-10	-10		
1150	11.5000	-9	-10		
1151	11.5100	-8	-10		
1152	11.5200	-8	-10		
1153	11.5300	-8	-9		
1154	11.5400	-8	-8		
1155	11.5500	-7	-8		
1156	11.5600	-6	-8		
1157	11.5700	-6	-7		
1158	11.5800	-6	-6		
1159	11.5900	-5	-6		
1160	11.6000	-4	-6		
1161	11.6100	-4	-5		
1162	11.6200	-4	-4		
1163	11.6300	-3	-4		
1164	11.6400	-2	-3		
1165	11.6500	-2	-2		
1166	11.6600	-1	-2		
1167	11.6700	0	-1		
1168	11.6800	0	0		
1169	11.6900	1	0		
1170	11.7000	1	1		
1171	11.7100	2	1		
1172	11.7200	2	2		
1173	11.7300	3	2		
1174	11.7400	4	3		
1175	11.7500	4	4		
1176	11.7600	4	4		
1177	11.7700	5	5		
1178	11.7800	6	6		
1179	11.7900	6	6		
1180	11.8000	6	7		
1181	11.8100	7	7		
1182	11.8200	7	8		
1183	11.8300	8	8		
1184	11.8400	8	9		
1185	11.8500	8	9		
1186	11.8600	8	10		
1187	11.8700	9	10		
1188	11.8800	9	10		
1189	11.8900	9	11		
1190	11.9000	10	11		
1191	11.9100	10	12		
1192	11.9200	10	12		
1193	11.9300	10	12		
1194	11.9400	10	12		
1195	11.9500	10	12		
1196	11.9600	10	13		
1197	11.9700	10	13		
1198	11.9800	10	13		
1199	11.9900	10	13		
1200	12.0000	10	13		
1201	12.0100	10	13		
1202	12.0200	10	13		
1203	12.0300	10	13		
1204	12.0400	10	13		
1205	12.0500	10	12		
1206	12.0600	10	12		
1207	12.0700	9	12		
1208	12.0800	9	12		
1209	12.0900	9	12		
1210	12.1000	8	11		
1211	12.1100	8	11		
1212	12.1200	7	10		
1213	12.1300	7	10		
1214	12.1400	6	10		
1215	12.1500	6	9		
1216	12.1600	6	9		
1217	12.1700	5	8		
1218	12.1800	4	8		
1219	12.1900	4	7		
1220	12.2000	3	6		
1221	12.2100	3	6		
1222	12.2200	2	5		
1223	12.2300	2	4		
1224	12.2400	1	4		
1225	12.2500	0	3		
1226	12.2600	0	2		
1227	12.2700	-1	2		
1228	12.2800	-1	1		
1229	12.2900	-2	0		
1230	12.3000	-2	0		
1231	12.3100	-3	-1		
1232	12.3200	-4	-2		
1233	12.3300	-4	-3		
1234	12.3400	-5	-4		
1235	12.3500	-5	-4		
1236	12.3600	-6	-5		
1237	12.3700	-6	-6		
1238	12.3800	-7	-6		
1239	12.3900	-7	-7		
1240	12.4000	-8	-8		
1241	12.4100	-8	-8		
1242	12.4200	-8	-9		
1243	12.4300	-8	-10		
1244	12.4400	-9	-10		
1245	12.4500	-9	-11		
1246	12.4600	-10	-12		
1247	12.4700	-10	-12		
1248	12.4800	-10	-12		
1249	12.4900	-10	-13		
1250	12.5000	-10	-13		
1251	12.5100	-10	-14		
1252	12.5200	-10	-14		
1253	12.5300	-10	-14		
1254	12.5400	-11	-15		
1255	12.5500	-11	-15		
1256	12.5600	-11	-15		
1257	12.5700	-10	-15		
1258	12.5800	-10	-15		
1259	12.5900	-10	-15		
1260	12.6000	-10	-15		
1261	12.6100	-10	-15		
1262	12.6200	-10	-15		
1263	12.6300	-10	-15		
1264	12.6400	-10	-15		
1265	12.6500	-10	-15		
1266	12.6600	-10	-14		
1267	12.6700	-10	-14		
1268	12.6800	-10	-14		
1269	12.6900	-9	-14		
1270	12.7000	-9	-13		
1271	12.7100	-8	-12		
1272	12.7200	-8	-12		
1273	12.7300	-8	-12		
1274	12.7400	-8	-11		
1275	12.7500	-7	-10		
1276	12.7600	-6	-10		
1277	12.7700	-6	-9		
1278	12.7800	-5	-8		
1279	12.7900	-4	-8		
1280	12.8000	-4	-7		
1281	12.8100	-4	-6		
1282	12.8200	-3	-6		
1283	12.8300	-3	-4		
1284	12.8400	-2	-4		
1285	12.8500	-2	-3		
1286	12.8600	-1	-2		
1287	12.8700	0	-2		
1288	12.8800	0	0		
1289	12.8900	1	0		
1290	12.9000	2	1		
1291	12.9100	2	2		
1292	12.9200	2	3		
1293	12.9300	3	4		
1294	12.9400	4	4		
1295	12.9500	4	5		
1296	12.9600	5	6		
1297	12.9700	5	7		
1298	12.9800	6	8		
1299	12.9900	6	8		
1300	13.0000	6	9		
1301	13.0100	7	10		
1302	13.0200	8	10		
1303	13.0300	8	11		
1304	13.0400	8	12		
1305	13.0500	8	12		
1306	13.0600	8	12		
1307	13.0700	9	13		
1308	13.0800	9	14		
1309	13.0900	10	14		
1310	13.1000	10	14		
1311	13.1100	10	14		
1312	13.1200	10	15		
1313	13.1300	10	15		
1314	13.1400	10	15		
1315	13.1500	10	15		
1316	13.1600	10	16		
1317	13.1700	10	16		
1318	13.1800	10	16		
1319	13.1900	10	15		
1320	13.2000	10	15		
1321	13.2100	10	15		
1322	13.2200	10	15		
1323	13.2300	10	15		
1324	13.2400	10	14		
1325	13.2500	10	14		
1326	13.2600	9	14		
1327	13.2700	9	13		
1328	13.2800	9	13		
1329	13.2900	8	12		
1330	13.3000	8	12		
1331	13.3100	8	11		
1332	13.3200	7	11		
1333	13.3300	7	10		
1334	13.3400	6	9		
1335	13.3500	6	9		
1336	13.3600	6	8		
1337	13.3700	5	7		
1338	13.3800	4	6		
1339	13.3900	4	6		
1340	13.4000	3	5		
1341	13.4100	2	4		
1342	13.4200	2	3		
1343	13.4300	1	2		
1344	13.4400	1	2		
1345	13.4500	0	1		
1346	13.4600	0	0		
1347	13.4700	-1	-1		
1348	13.4800	-2	-2		
1349	13.4900	-2	-2		
1350	13.5000	-3	-3		
1351	13.5100	-3	-4		
1352	13.5200	-4	-5		
1353	13.5300	-4	-6		
1354	13.5400	-5	-6		
1355	13.5500	-6	-7		
1356	13.5600	-6	-8		
1357	13.5700	-6	-8		
1358	13.5800	-7	-9		
1359	13.5900	-8	-10		
1360	13.6000	-8	-10		
1361	13.6100	-8	-11		
1362	13.6200	-8	-12		
1363	13.6300	-9	-12		
1364	13.6400	-9	-13		
1365	13.6500	-10	-13		
1366	13.6600	-10	-14		
1367	13.6700	-10	-14		
1368	13.6800	-10	-14		
1369	13.6900	-10	-15		
1370	13.7000	-10	-15		
1371	13.7100	-10	-15		
1372	13.7200	-10	-15		
1373	13.7300	-11	-16		
1374	13.7400	-11	-16		
1375	13.7500	-11	-16		
1376	13.7600	-11	-16		
1377	13.7700	-10	-16		
1378	13.7800	-10	-16		
1379	13.7900	-10	-15		
1380	13.8000	-10	-15		
1381	13.8100	-10	-15		
1382	13.8200	-10	-14		
1383	13.8300	-10	-14		
1384	13.8400	-10	-14		
1385	13.8500	-10	-14		
1386	13.8600	-10	-13		
1387	13.8700	-10	-12		
1388	13.8800	-10	-12		
1389	13.8900	-9	-12		
1390	13.9000	-9	-11		
1391	13.9100	-8	-10		
1392	13.9200	-8	-10		
1393	13.9300	-8	-9		
1394	13.9400	-7	-8		
1395	13.9500	-6	-8		
1396	13.9600	-6	-7		
1397	13.9700	-6	-6		
1398	13.9800	-5	-6		
1399	13.9900	-4	-5		
1400	14.0000	-4	-4		
1401	14.0100	-4	-4		
1402	14.0200	-3	-3		
1403	14.0300	-2	-2		
1404	14.0400	-2	-1		
1405	14.0500	-1	0		
1406	14.0600	0	0		
1407	14.0700	0	1		
1408	14.0800	1	2		
1409	14.0900	1	3		
1410	14.1000	2	4		
1411	14.1100	2	4		
1412	14.1200	3	5		
1413	14.1300	4	6		
1414	14.1400	4	6		
1415	14.1500	4	7		
1416	14.1600	5	8		
1417	14.1700	5	8		
1418	14.1800	6	8		
1419	14.1900	6	9		
1420	14.2000	7	10		
1421	14.2100	8	10		
1422	14.2200	8	11		
1423	14.2300	8	11		
1424	14.2400	8	12		
1425	14.2500	8	12		
1426	14.2600	8	12		
1427	14.2700	9	12		
1428	14.2800	9	13		
1429	14.2900	10	13		
1430	14.3000	10	13		
1431	14.3100	10	13		
1432	14.3200	10	13		
1433	14.3300	10	14		
1434	14.3400	10	14		
1435	14.3500	10	14		
1436	14.3600	10	14		
1437	14.3700	10	14		
1438	14.3800	10	13		
1439	14.3900	10	13		
1440	14.4000	10	13		
1441	14.4100	10	13		
1442	14.4200	10	12		
1443	14.4300	10	12		
1444	14.4400	10	12		
1445	14.4500	10	12		
1446	14.4600	9	11		
1447	14.4700	9	11		
1448	14.4800	9	10		
1449	14.4900	8	10		
1450	14.5000	8	10		
1451	14.5100	7	9		
1452	14.5200	7	8		
1453	14.5300	6	8		
1454	14.5400	6	7		
1455	14.5500	6	7		
1456	14.5600	5	6		
1457	14.5700	4	6		
1458	14.5800	4	5		
1459	14.5900	3	4		
1460	14.6000	3	4		
1461	14.6100	2	3		
1462	14.6200	2	2		
1463	14.6300	1	2		
1464	14.6400	0	1		
1465	14.6500	0	0		
1466	14.6600	-1	0		
1467	14.6700	-1	-1		
1468	14.6800	-2	-2		
1469	14.6900	-2	-2		
1470	14.7000	-3	-3		
1471	14.7100	-4	-4		
1472	14.7200	-4	-4		
1473	14.7300	-5	-5		
1474	14.7400	-5	-6		
1475	14.7500	-6	-6		
1476	14.7600	-6	-7		
1477	14.7700	-6	-8		
1478	14.7800	-7	-8		
1479	14.7900	-7	-8		
1480	14.8000	-8	-9		
1481	14.8100	-8	-10		
1482	14.8200	-8	-10		
1483	14.8300	-9	-10		
1484	14.8400	-9	-11		
1485	14.8500	-10	-11		
1486	14.8600	-10	-12		
1487	14.8700	-10	-12		
1488	14.8800	-10	-12		
1489	14.8900	-10	-12		
1490	14.9000	-10	-13		
1491	14.9100	-10	-13		
1492	14.9200	-10	-13		
1493	14.9300	-10	-13		
1494	14.9400	-10	-13		
1495	14.9500	-10	-13		
1496	14.9600	-10	-14		
1497	14.9700	-10	-14		
1498	14.9800	-10	-13		
1499	14.9900	-10	-13		
1500	15.0000	-10	-13		
1501	15.0100	-10	-13		
1502	15.0200	-10	-13		
1503	15.0300	-10	-12		
1504	15.0400	-10	-12		
1505	15.0500	-10	-12		
1506	15.0600	-10	-12		
1507	15.0700	-10	-12		
1508	15.0800	-10	-11		
1509	15.0900	-10	-11		
1510	15.1000	-10	-10		
1511	15.1100	-10	-10		
1512	15.1200	-10	-10		
1513	15.1300	-10	-9		
1514	15.1400	-10	-8		
1515	15.1500	-10	-8		
1516	15.1600	-10	-8		
1517	15.1700	-10	-7		
1518	15.1800	-10	-6		
1519	15.1900	-10	-6		
1520	15.2000	-10	-6		
1521	15.2100	-10	-5		
1522	15.2200	-10	-5		
1523	15.2300	-10	-4		
1524	15.2400	-10	-4		
1525	15.2500	-10	-4		
1526	15.2600	-10	-3		
1527	15.2700	-10	-2		
1528	15.2800	-10	-2		
1529	15.2900	-10	-2		
1530	15.3000	-10	-2		
1531	15.3100	-10	-1		
1532	15.3200	-10	-1		
1533	15.3300	-10	-1		
1534	15.3400	-10	0		
1535	15.3500	-10	0		
1536	15.3600	-10	0		
1537	15.3700	-10	0		
1538	15.3800	-10	0		
1539	15.3900	-10	0		
1540	15.4000	-10	0		
1541	15.4100	-10	0		
1542	15.4200	-10	0		
1543	15.4300	-10	0		
1544	15.4400	-10	0		
1545	15.4500	-10	0		
1546	15.4600	-10	0		
1547	15.4700	-10	0		
1548	15.4800	-10	-1		
1549	15.4900	-10	-1		
1550	15.5000	-10	-2		
1551	15.5100	-10	-2		
1552	15.5200	-10	-2		
1553	15.5300	-10	-2		
1554	15.5400	-10	-3		
1555	15.5500	-10	-3		
1556	15.5600	-10	-4		
1557	15.5700	-10	-4		
1558	15.5800	-10	-4		
1559	15.5900	-10	-5		
1560	15.6000	-11	-5		
1561	15.6100	-11	-6		
1562	15.6200	-11	-6		
1563	15.6300	-10	-7		
1564	15.6400	-10	-7		
1565	15.6500	-10	-8		
1566	15.6600	-10	-8		
1567	15.6700	-10	-8		
1568	15.6800	-11	-9		
1569	15.6900	-11	-9		
1570	15.7000	-11	-10		
1571	15.7100	-11	-10		
1572	15.7200	-11	-10		
1573	15.7300	-10	-11		
1574	15.7400	-10	-11		
1575	15.7500	-10	-12		
1576	15.7600	-11	-12		
1577	15.7700	-11	-12		
1578	15.7800	-11	-12		
1579	15.7900	-11	-12		
1580	15.8000	-11	-12		
1581	15.8100	-11	-12		
1582	15.8200	-11	-12		
1583	15.8300	-11	-13		
1584	15.8400	-11	-13		
1585	15.8500	-11	-13		
1586	15.8600	-11	-12		
1587	15.8700	-11	-12		
1588	15.8800	-11	-12		
1589	15.8900	-11	-12		
1590	15.9000	-11	-12		
1591	15.9100	-11	-12		
1592	15.9200	-11	-12		
1593	15.9300	-11	-12		
1594	15.9400	-11	-11		
1595	15.9500	-11	-11		
1596	15.9600	-11	-10		
1597	15.9700	-11	-10		
1598	15.9800	-11	-10		
1599	15.9900	-11	-10		
1600	16.0000	-11	-9		
1601	16.0100	-11	-9		
1602	16.0200	-11	-8		
1603	16.0300	-11	-8		
1604	16.0400	-11	-8		
1605	16.0500	-11	-7		
1606	16.0600	-10	-6		
1607	16.0700	-10	-6		
1608	16.0800	-10	-6		
1609	16.0900	-11	-5		
1610	16.1000	-11	-5		
1611	16.1100	-11	-4		
1612	16.1200	-11	-4		
1613	16.1300	-10	-4		
1614	16.1400	-10	-3		
1615	16.1500	-10	-3		
1616	16.1600	-10	-3		
1617	16.1700	-10	-2		
1618	16.1800	-11	-2		
1619	16.1900	-11	-2		
1620	16.2000	-11	-2		
1621	16.2100	-10	-1		
1622	16.2200	-10	-1		
1623	16.2300	-10	-1		
1624	16.2400	-10	-1		
1625	16.2500	-10	-1		
1626	16.2600	-10	0		
1627	16.2700	-11	0		
1628	16.2800	-11	0		
1629	16.2900	-10	0		
1630	16.3000	-10	0		
1631	16.3100	-10	-1		
1632	16.3200	-10	-1		
1633	16.3300	-10	-2		
1634	16.3400	-11	-2		
1635	16.3500	-11	-2		
1636	16.3600	-11	-2		
1637	16.3700	-11	-2		
1638	16.3800	-10	-2		
1639	16.3900	-10	-2		
1640	16.4000	-10	-2		
1641	16.4100	-10	-2		
1642	16.4200	-10	-1		
1643	16.4300	-10	-1		
1644	16.4400	-11	-1		
1645	16.4500	-11	-1		
1646	16.4600	-11	-1		
1647	16.4700	-10	0		
1648	16.4800	-10	0		
1649	16.4900	-10	0		
1650	16.5000	-10	1		
1651	16.5100	-10	1		
1652	16.5200	-10	1		
1653	16.5300	-10	2		
1654	16.5400	-10	2		
1655	16.5500	-10	2		
1656	16.5600	-10	2		
1657	16.5700	-10	2		
1658	16.5800	-10	2		
1659	16.5900	-10	2		
1660	16.6000	-10	2		
1661	16.6100	-10	2		
1662	16.6200	-10	2		
1663	16.6300	-10	2		
1664	16.6400	-10	2		
1665	16.6500	-10	2		
1666	16.6600	-10	2		
1667	16.6700	-10	1		
1668	16.6800	-10	1		
1669	16.6900	-10	1		
1670	16.7000	-10	0		
1671	16.7100	-10	0		
1672	16.7200	-10	0		
1673	16.7300	-10	-1		
1674	16.7400	-10	-1		
1675	16.7500	-10	-2		
1676	16.7600	-11	-2		
1677	16.7700	-11	-2		
1678	16.7800	-11	-3		
1679	16.7900	-11	-4		
1680	16.8000	-10	-4		
1681	16.8100	-10	-4		
1682	16.8200	-10	-4		
1683	16.8300	-11	-5		
1684	16.8400	-11	-5		
1685	16.8500	-11	-6		
1686	16.8600	-11	-6		
1687	16.8700	-11	-6		
1688	16.8800	-11	-7		
1689	16.8900	-11	-7		
1690	16.9000	-11	-7		
1691	16.9100	-11	-8		
1692	16.9200	-11	-8		
1693	16.9300	-11	-8		
1694	16.9400	-11	-8		
1695	16.9500	-11	-8		
1696	16.9600	-11	-8		
1697	16.9700	-11	-9		
1698	16.9800	-11	-9		
1699	16.9900	-11	-9		
1700	17.0000	-11	-9		
1701	17.0100	-11	-9		
1702	17.0200	-11	-9		
1703	17.0300	-11	-9		
1704	17.0400	-11	-9		
1705	17.0500	-11	-8		
1706	17.0600	-11	-8		
1707	17.0700	-11	-8		
1708	17.0800	-11	-8		
1709	17.0900	-11	-8		
1710	17.1000	-11	-8		
1711	17.1100	-11	-8		
1712	17.1200	-11	-8		
1713	17.1300	-11	-8		
1714	17.1400	-11	-8		
1715	17.1500	-11	-8		
1716	17.1600	-11	-8		
1717	17.1700	-11	-8		
1718	17.1800	-11	-8		
1719	17.1900	-11	-8		
1720	17.2000	-11	-8		
1721	17.2100	-11	-8		
1722	17.2200	-11	-7		
1723	17.2300	-11	-7		
1724	17.2400	-11	-7		
1725	17.2500	-11	-7		
1726	17.2600	-11	-7		
1727	17.2700	-11	-7		
1728	17.2800	-11	-7		
1729	17.2900	-11	-7		
1730	17.3000	-11	-7		
1731	17.3100	-11	-7		
1732	17.3200	-11	-7		
1733	17.3300	-11	-7		
1734	17.3400	-11	-7		
1735	17.3500	-11	-7		
1736	17.3600	-11	-7		
1737	17.3700	-11	-7		
1738	17.3800	-11	-7		
1739	17.3900	-11	-7		
1740	17.4000	-11	-7		
1741	17.4100	-11	-7		
1742	17.4200	-11	-7		
1743	17.4300	-11	-7		
1744	17.4400	-11	-7		
1745	17.4500	-11	-7		
1746	17.4600	-11	-7		
1747	17.4700	-11	-7		
1748	17.4800	-11	-7		
1749	17.4900	-11	-7		
1750	17.5000	-11	-7		
1751	17.5100	-11	-7		
1752	17.5200	-11	-7		
1753	17.5300	-11	-7		
1754	17.5400	-11	-7		
1755	17.5500	-11	-7		
1756	17.5600	-11	-7		
1757	17.5700	-11	-7		
1758	17.5800	-11	-7		
1759	17.5900	-11	-7		
1760	17.6000	-11	-7		
1761	17.6100	-11	-7		
1762	17.6200	-11	-7		
1763	17.6300	-11	-7		
1764	17.6400	-11	-7		
1765	17.6500	-11	-7		
1766	17.6600	-11	-7		
1767	17.6700	-11	-7		
1768	17.6800	-11	-7		
1769	17.6900	-11	-7		
1770	17.7000	-11	-7		
1771	17.7100	-11	-7		
1772	17.7200	-11	-7		
1773	17.7300	-11	-7		
1774	17.7400	-11	-6		
1775	17.7500	-11	-6		
1776	17.7600	-11	-6		
1777	17.7700	-11	-6		
1778	17.7800	-11	-6		
1779	17.7900	-11	-6		
1780	17.8000	-11	-6		
1781	17.8100	-11	-6		
1782	17.8200	-11	-6		
1783	17.8300	-11	-6		
1784	17.8400	-11	-6		
1785	17.8500	-11	-6		
1786	17.8600	-11	-6		
1787	17.8700	-11	-6		
1788	17.8800	-11	-6		
1789	17.8900	-11	-6		
1790	17.9000	-11	-6		
1791	17.9100	-11	-6		
1792	17.9200	-11	-6		
1793	17.9300	-11	-6		
1794	17.9400	-11	-6		
1795	17.9500	-11	-6		
1796	17.9600	-11	-6		
1797	17.9700	-11	-6		
1798	17.9800	-11	-6		
1799	17.9900	-11	-6		
1800	18.0000	-11	-6		
1801	18.0100	-11	-6		
1802	18.0200	-11	-6		
1803	18.0300	-11	-6		
1804	18.0400	-11	-6		
1805	18.0500	-11	-6		
1806	18.0600	-11	-6		
1807	18.0700	-11	-6		
1808	18.0800	-11	-6		
1809	18.0900	-11	-6		
1810	18.1000	-11	-6		
1811	18.1100	-11	-6		
1812	18.1200	-11	-6		
1813	18.1300	-11	-6		
1814	18.1400	-11	-6		
1815	18.1500	-11	-6		
1816	18.1600	-11	-6		
1817	18.1700	-11	-6		
1818	18.1800	-11	-6		
1819	18.1900	-11	-6		
1820	18.2000	-11	-6		
1821	18.2100	-11	-6		
1822	18.2200	-11	-6		
1823	18.2300	-11	-6		
1824	18.2400	-11	-6		
1825	18.2500	-11	-6		
1826	18.2600	-11	-6		
1827	18.2700	-11	-6		
1828	18.2800	-11	-6		
1829	18.2900	-11	-6		
1830	18.3000	-11	-6		
1831	18.3100	-11	-6		
1832	18.3200	-11	-6		
1833	18.3300	-11	-6		
1834	18.3400	-11	-6		
1835	18.3500	-11	-6		
1836	18.3600	-11	-6		
1837	18.3700	-11	-6		
1838	18.3800	-11	-6		
1839	18.3900	-11	-6		
1840	18.4000	-11	-6		
1841	18.4100	-11	-6		
1842	18.4200	-11	-6		
1843	18.4300	-11	-6		
1844	18.4400	-11	-6		
1845	18.4500	-11	-6		
1846	18.4600	-11	-6		
1847	18.4700	-11	-6		
1848	18.4800	-11	-6		
1849	18.4900	-11	-6		
1850	18.5000	-11	-6		
1851	18.5100	-11	-6		
1852	18.5200	-11	-6		
1853	18.5300	-11	-6		
1854	18.5400	-11	-6		
1855	18.5500	-11	-6		
1856	18.5600	-11	-6		
1857	18.5700	-11	-6		
1858	18.5800	-11	-6		
1859	18.5900	-11	-6		
1860	18.6000	-11	-6		
1861	18.6100	-11	-6		
1862	18.6200	-11	-6		
1863	18.6300	-11	-6		
1864	18.6400	-11	-7		
1865	18.6500	-11	-7		
1866	18.6600	-11	-7		
1867	18.6700	-11	-7		
1868	18.6800	-11	-7		
1869	18.6900	-11	-7		
1870	18.7000	-11	-7		
1871	18.7100	-11	-7		
1872	18.7200	-11	-7		
1873	18.7300	-11	-7		
1874	18.7400	-11	-7		
1875	18.7500	-11	-7		
1876	18.7600	-11	-7		
1877	18.7700	-11	-7		
1878	18.7800	-11	-7		
1879	18.7900	-11	-7		
1880	18.8000	-11	-7		
1881	18.8100	-11	-7		
1882	18.8200	-11	-7		
1883	18.8300	-11	-7		
1884	18.8400	-11	-7		
1885	18.8500	-11	-7		
1886	18.8600	-11	-7		
1887	18.8700	-11	-7		
1888	18.8800	-11	-7		
1889	18.8900	-11	-7		
1890	18.9000	-11	-7		
1891	18.9100	-11	-7		
1892	18.9200	-11	-7		
1893	18.9300	-11	-7		
1894	18.9400	-11	-7		
1895	18.9500	-11	-7		
1896	18.9600	-11	-7		
1897	18.9700	-11	-7		
1898	18.9800	-11	-7		
1899	18.9900	-11	-7		
1900	19.0000	-11	-7		
1901	19.0100	-11	-7		
1902	19.0200	-11	-6		
1903	19.0300	-11	-6		
1904	19.0400	-11	-6		
1905	19.0500	-11	-6		
1906	19.0600	-11	-6		
1907	19.0700	-11	-6		
1908	19.0800	-11	-6		
1909	19.0900	-11	-6		
1910	19.1000	-11	-6		
1911	19.1100	-11	-6		
1912	19.1200	-11	-6		
1913	19.1300	-11	-6		
1914	19.1400	-11	-6		
1915	19.1500	-11	-6		
1916	19.1600	-11	-6		
1917	19.1700	-11	-6		
1918	19.1800	-11	-6		
1919	19.1900	-11	-6		
1920	19.2000	-11	-6		
1921	19.2100	-11	-6		
1922	19.2200	-11	-6		
1923	19.2300	-11	-6		
1924	19.2400	-11	-6		
1925	19.2500	-11	-6		
1926	19.2600	-11	-6		
1927	19.2700	-11	-6		
1928	19.2800	-11	-6		
1929	19.2900	-11	-6		
1930	19.3000	-11	-6		
1931	19.3100	-11	-6		
1932	19.3200	-11	-6		
1933	19.3300	-11	-6		
1934	19.3400	-11	-6		
1935	19.3500	-11	-6		
1936	19.3600	-11	-6		
1937	19.3700	-11	-6		
1938	19.3800	-11	-6		
1939	19.3900	-11	-6		
1940	19.4000	-11	-6		
1941	19.4100	-11	-6		
1942	19.4200	-11	-6		
1943	19.4300	-11	-6		
1944	19.4400	-11	-6		
1945	19.4500	-11	-6		
1946	19.4600	-11	-6		
1947	19.4700	-11	-6		
1948	19.4800	-11	-6		
1949	19.4900	-11	-6		
1950	19.5000	-11	-6		
1951	19.5100	-11	-6		
1952	19.5200	-11	-6		
1953	19.5300	-11	-6		
1954	19.5400	-11	-6		
1955	19.5500	-11	-6		
1956	19.5600	-11	-6		
1957	19.5700	-11	-6		
1958	19.5800	-11	-6		
1959	19.5900	-11	-6		
1960	19.6000	-11	-6		
1961	19.6100	-11	-6		
1962	19.6200	-11	-6		
1963	19.6300	-11	-6		
1964	19.6400	-11	-6		
1965	19.6500	-11	-6		
1966	19.6600	-11	-6		
1967	19.6700	-11	-6		
1968	19.6800	-11	-6		
1969	19.6900	-11	-6		
1970	19.7000	-11	-6		
1971	19.7100	-11	-6		
1972	19.7200	-11	-6		
1973	19.7300	-11	-6		
1974	19.7400	-11	-6		
1975	19.7500	-11	-6		
1976	19.7600	-11	-6		
1977	19.7700	-11	-6		
1978	19.7800	-11	-6		
1979	19.7900	-11	-6		
1980	19.8000	-11	-6		
1981	19.8100	-11	-6		
1982	19.8200	-11	-6		
1983	19.8300	-11	-6		
1984	19.8400	-11	-6		
1985	19.8500	-11	-6		
1986	19.8600	-11	-6		
1987	19.8700	-11	-6		
1988	19.8800	-11	-6		
1989	19.8900	-11	-6		
1990	19.9000	-11	-6		
1991	19.9100	-11	-6		
1992	19.9200	-11	-6		
1993	19.9300	-11	-6		
1994	19.9400	-11	-6		
1995	19.9500	-11	-6		
1996	19.9600	-11	-6		
1997	19.9700	-11	-6		
1998	19.9800	-11	-6		
1999	19.9900	-11	-6		
2000	20.0000	-11	-6		
2001	20.0100	-11	-6		
2002	20.0200	-11	-6		
2003	20.0300	-11	-6		
2004	20.0400	-11	-6		
2005	20.0500	-11	-6		
2006	20.0600	-11	-6		
2007	20.0700	-11	-6		
2008	20.0800	-11	-6		
2009	20.0900	-11	-6		
2010	20.1000	-11	-6		
2011	20.1100	-11	-6		
2012	20.1200	-11	-6		
2013	20.1300	-11	-6		
2014	20.1400	-11	-6		
2015	20.1500	-11	-6		
2016	20.1600	-11	-6		
2017	20.1700	-11	-6		
2018	20.1800	-11	-6		
2019	20.1900	-11	-6		
2020	20.2000	-11	-6		
2021	20.2100	-11	-6		
2022	20.2200	-11	-6		
2023	20.2300	-11	-6		
2024	20.2400	-11	-6		
2025	20.2500	-11	-6		
2026	20.2600	-11	-6		
2027	20.2700	-11	-6		
2028	20.2800	-11	-6		
2029	20.2900	-11	-6		
2030	20.3000	-11	-6		
2031	20.3100	-11	-6		
2032	20.3200	-11	-6		
2033	20.3300	-11	-6		
2034	20.3400	-11	-6		
2035	20.3500	-11	-6		
2036	20.3600	-11	-6		
2037	20.3700	-11	-6		
2038	20.3800	-11	-6		
2039	20.3900	-11	-6		
2040	20.4000	-11	-6		
2041	20.4100	-11	-6		
2042	20.4200	-11	-6		
2043	20.4300	-11	-6		
2044	20.4400	-11	-6		
2045	20.4500	-11	-6		
2046	20.4600	-11	-6		
2047	20.4700	-11	-6		
2048	20.4800	-11	-6		
2049	20.4900	-11	-6		
2050	20.5000	-11	-6		
2051	20.5100	-11	-6		
2052	20.5200	-11	-6		
2053	20.5300	-11	-6		
2054	20.5400	-11	-6		
2055	20.5500	-11	-6		
2056	20.5600	-11	-6		
2057	20.5700	-11	-6		
2058	20.5800	-11	-6		
2059	20.5900	-11	-6		
2060	20.6000	-11	-6		
2061	20.6100	-11	-6		
2062	20.6200	-11	-6		
2063	20.6300	-11	-6		
2064	20.6400	-11	-6		
2065	20.6500	-11	-6		
2066	20.6600	-11	-6		
2067	20.6700	-11	-6		
2068	20.6800	-11	-6		
2069	20.6900	-11	-6		
2070	20.7000	-11	-6		
2071	20.7100	-11	-6		
2072	20.7200	-11	-6		
2073	20.7300	-11	-6		
2074	20.7400	-11	-6		
2075	20.7500	-11	-6		
2076	20.7600	-11	-6		
2077	20.7700	-11	-6		
2078	20.7800	-11	-6		
2079	20.7900	-11	-6		
2080	20.8000	-11	-6		
2081	20.8100	-11	-6		
2082	20.8200	-11	-6		
2083	20.8300	-11	-6		
2084	20.8400	-11	-6		
2085	20.8500	-11	-6		
2086	20.8600	-11	-6		
2087	20.8700	-11	-6		
2088	20.8800	-11	-6		
2089	20.8900	-11	-6		
2090	20.9000	-11	-6		
2091	20.9100	-11	-6		
2092	20.9200	-11	-6		
2093	20.9300	-11	-6		
2094	20.9400	-11	-6		
2095	20.9500	-11	-6		
2096	20.9600	-11	-6		
2097	20.9700	-11	-6		
2098	20.9800	-11	-6		
2099	20.9900	-11	-6		
2100	21.0000	-11	-6		
2101	21.0100	-11	-6		
2102	21.0200	-11	-6		
2103	21.0300	-10	-6		
2104	21.0400	-11	-6		
2105	21.0500	-11	-6		
2106	21.0600	-11	-6		
2107	21.0700	-11	-6		
2108	21.0800	-11	-6		
2109	21.0900	-11	-6		
2110	21.1000	-11	-6		
2111	21.1100	-11	-6		
2112	21.1200	-11	-6		
2113	21.1300	-11	-6		
2114	21.1400	-11	-6		
2115	21.1500	-11	-6		
2116	21.1600	-11	-6		
2117	21.1700	-11	-6		
2118	21.1800	-11	-6		
2119	21.1900	-11	-6		
2120	21.2000	-11	-6		
2121	21.2100	-11	-6		
2122	21.2200	-11	-6		
2123	21.2300	-11	-6		
2124	21.2400	-11	-6		
2125	21.2500	-11	-6		
2126	21.2600	-11	-6		
2127	21.2700	-11	-6		
2128	21.2800	-11	-6		
2129	21.2900	-11	-6		
2130	21.3000	-11	-6		
2131	21.3100	-11	-6		
2132	21.3200	-11	-6		
2133	21.3300	-11	-6		
2134	21.3400	-11	-6		
2135	21.3500	-11	-6		
2136	21.3600	-11	-6		
2137	21.3700	-11	-6		
2138	21.3800	-11	-6		
2139	21.3900	-11	-6		
2140	21.4000	-11	-6		
2141	21.4100	-11	-6		
2142	21.4200	-11	-6		
2143	21.4300	-11	-6		
2144	21.4400	-11	-6		
2145	21.4500	-11	-6		
2146	21.4600	-11	-6		
2147	21.4700	-11	-6		
2148	21.4800	-11	-6		
2149	21.4900	-11	-6		
2150	21.5000	-11	-6		
2151	21.5100	-11	-6		
2152	21.5200	-11	-6		
2153	21.5300	-11	-6		
2154	21.5400	-11	-6		
2155	21.5500	-11	-6		
2156	21.5600	-11	-6		
2157	21.5700	-11	-6		
2158	21.5800	-11	-6		
2159	21.5900	-11	-6		
2160	21.6000	-11	-6		
2161	21.6100	-11	-6		
2162	21.6200	-11	-6		
2163	21.6300	-11	-6		
2164	21.6400	-11	-6		
2165	21.6500	-11	-6		
2166	21.6600	-11	-6		
2167	21.6700	-11	-6		
2168	21.6800	-11	-6		
2169	21.6900	-11	-6		
2170	21.7000	-11	-6		
2171	21.7100	-11	-6		
2172	21.7200	-11	-6		
2173	21.7300	-11	-6		
2174	21.7400	-11	-6		
2175	21.7500	-11	-6		
2176	21.7600	-11	-6		
2177	21.7700	-11	-6		
2178	21.7800	-11	-6		
2179	21.7900	-11	-6		
2180	21.8000	-11	-6		
2181	21.8100	-11	-6		
2182	21.8200	-11	-6		
2183	21.8300	-11	-6		
2184	21.8400	-11	-6		
2185	21.8500	-11	-6		
2186	21.8600	-11	-6		
2187	21.8700	-11	-6		
2188	21.8800	-11	-6		
2189	21.8900	-11	-6		
2190	21.9000	-11	-6		
2191	21.9100	-11	-6		
2192	21.9200	-11	-6		
2193	21.9300	-10	-6		
2194	21.9400	-10	-6		
2195	21.9500	-10	-6		
2196	21.9600	-10	-6		
2197	21.9700	-10	-6		
2198	21.9800	-10	-6		
2199	21.9900	-9	-6		
2200	22.0000	-9	-6		
2201	22.0100	-8	-6		
2202	22.0200	-8	-6		
2203	22.0300	-8	-6		
2204	22.0400	-8	-6		
2205	22.0500	-7	-6		
2206	22.0600	-7	-6		
2207	22.0700	-6	-6		
2208	22.0800	-6	-6		
2209	22.0900	-5	-6		
2210	22.1000	-4	-6		
2211	22.1100	-4	-6		
2212	22.1200	-4	-6		
2213	22.1300	-3	-5		
2214	22.1400	-2	-5		
2215	22.1500	-2	-5		
2216	22.1600	-1	-5		
2217	22.1700	0	-4		
2218	22.1800	0	-4		
2219	22.1900	1	-4		
2220	22.2000	1	-4		
2221	22.2100	2	-3		
2222	22.2200	2	-3		
2223	22.2300	3	-3		
2224	22.2400	3	-2		
2225	22.2500	4	-2		
2226	22.2600	4	-2		
2227	22.2700	5	-1		
2228	22.2800	5	0		
2229	22.2900	6	0		
2230	22.3000	6	0		
2231	22.3100	7	1		
2232	22.3200	7	2		
2233	22.3300	8	2		
2234	22.3400	8	3		
2235	22.3500	8	3		
2236	22.3600	8	4		
2237	22.3700	9	4		
2238	22.3800	9	5		
2239	22.3900	9	6		
2240	22.4000	10	6		
2241	22.4100	10	7		
2242	22.4200	10	8		
2243	22.4300	10	8		
2244	22.4400	10	9		
2245	22.4500	10	9		
2246	22.4600	10	10		
2247	22.4700	10	10		
2248	22.4800	10	11		
2249	22.4900	10	11		
2250	22.5000	10	12		
2251	22.5100	10	12		
2252	22.5200	10	12		
2253	22.5300	10	13		
2254	22.5400	10	13		
2255	22.5500	10	13		
2256	22.5600	10	14		
2257	22.5700	9	14		
2258	22.5800	9	14		
2259	22.5900	9	14		
2260	22.6000	8	14		
2261	22.6100	8	14		
2262	22.6200	8	14		
2263	22.6300	7	14		
2264	22.6400	7	14		
2265	22.6500	6	14		
2266	22.6600	6	14		
2267	22.6700	6	13		
2268	22.6800	5	13		
2269	22.6900	4	12		
2270	22.7000	4	12		
2271	22.7100	3	12		
2272	22.7200	2	11		
2273	22.7300	2	10		
2274	22.7400	1	10		
2275	22.7500	0	9		
2276	22.7600	0	8		
2277	22.7700	0	8		
2278	22.7800	-1	7		
2279	22.7900	-2	6		
2280	22.8000	-2	5		
