#	time(s)	count A	count B	count C	count D
1	0.0100	-11	-49		
2	0.0200	-11	-51		
3	0.0300	-11	-52		
4	0.0400	-11	-53		
5	0.0500	-11	-54		
6	0.0600	-11	-55		
7	0.0700	-11	-55		
8	0.0800	-11	-55		
9	0.0900	-11	-55		
10	0.1000	-10	-55		
11	0.1100	-10	-54		
12	0.1200	-10	-54		
13	0.1300	-10	-52		
14	0.1400	-10	-51		
15	0.1500	-9	-50		
16	0.1600	-9	-48		
17	0.1700	-8	-46		
18	0.1800	-8	-44		
19	0.1900	-7	-41		
20	0.2000	-7	-39		
21	0.2100	-6	-36		
22	0.2200	-6	-33		
23	0.2300	-5	-30		
24	0.2400	-4	-27		
25	0.2500	-3	-24		
26	0.2600	-2	-20		
27	0.2700	-2	-17		
28	0.2800	-1	-14		
29	0.2900	0	-10		
30	0.3000	0	-6		
31	0.3100	1	-2		
32	0.3200	2	1		
33	0.3300	2	5		
34	0.3400	3	8		
35	0.3500	4	12		
36	0.3600	4	16		
37	0.3700	5	19		
38	0.3800	6	22		
39	0.3900	6	26		
40	0.4000	7	29		
41	0.4100	8	32		
42	0.4200	8	35		
43	0.4300	8	38		
44	0.4400	9	40		
45	0.4500	9	42		
46	0.4600	10	45		
47	0.4700	10	46		
48	0.4800	10	48		
49	0.4900	10	50		
50	0.5000	10	51		
51	0.5100	10	52		
52	0.5200	10	53		
53	0.5300	10	54		
54	0.5400	10	54		
55	0.5500	10	54		
56	0.5600	10	54		
57	0.5700	10	54		
58	0.5800	10	53		
59	0.5900	10	52		
60	0.6000	10	51		
61	0.6100	10	50		
62	0.6200	10	48		
63	0.6300	9	47		
64	0.6400	8	45		
65	0.6500	8	42		
66	0.6600	7	40		
67	0.6700	6	38		
68	0.6800	6	35		
69	0.6900	5	32		
70	0.7000	5	29		
71	0.7100	4	26		
72	0.7200	4	23		
73	0.7300	2	20		
74	0.7400	2	16		
75	0.7500	1	13		
76	0.7600	0	9		
77	0.7700	0	6		
78	0.7800	-1	2		
79	0.7900	-2	-2		
80	0.8000	-2	-5		
81	0.8100	-3	-9		
82	0.8200	-4	-12		
83	0.8300	-5	-16		
84	0.8400	-6	-19		
85	0.8500	-6	-22		
86	0.8600	-7	-26		
87	0.8700	-7	-29		
88	0.8800	-8	-32		
89	0.8900	-8	-34		
90	0.9000	-8	-37		
91	0.9100	-9	-40		
92	0.9200	-10	-42		
93	0.9300	-10	-44		
94	0.9400	-10	-46		
95	0.9500	-10	-48		
96	0.9600	-10	-49		
97	0.9700	-10	-50		
98	0.9800	-11	-52		
99	0.9900	-11	-52		
100	1.0000	-11	-53		
101	1.0100	-11	-53		
102	1.0200	-11	-53		
103	1.0300	-11	-53		
104	1.0400	-11	-53		
105	1.0500	-11	-52		
106	1.0600	-11	-52		
107	1.0700	-10	-50		
108	1.0800	-10	-49		
109	1.0900	-10	-48		
110	1.1000	-10	-46		
111	1.1100	-10	-44		
112	1.1200	-10	-42		
113	1.1300	-9	-40		
114	1.1400	-8	-38		
115	1.1500	-8	-35		
116	1.1600	-7	-32		
117	1.1700	-7	-29		
118	1.1800	-6	-26		
119	1.1900	-6	-23		
120	1.2000	-5	-20		
121	1.2100	-4	-16		
122	1.2200	-3	-13		
123	1.2300	-2	-10		
124	1.2400	-2	-6		
125	1.2500	-1	-3		
126	1.2600	0	0		
127	1.2700	0	4		
128	1.2800	1	8		
129	1.2900	2	11		
130	1.3000	2	14		
131	1.3100	3	17		
132	1.3200	4	20		
133	1.3300	4	24		
134	1.3400	5	26		
135	1.3500	6	29		
136	1.3600	6	32		
137	1.3700	7	34		
138	1.3800	8	37		
139	1.3900	8	39		
140	1.4000	8	41		
141	1.4100	9	43		
142	1.4200	9	44		
143	1.4300	10	46		
144	1.4400	10	47		
145	1.4500	10	48		
146	1.4600	10	49		
147	1.4700	10	50		
148	1.4800	10	50		
149	1.4900	10	50		
150	1.5000	10	50		
151	1.5100	10	50		
152	1.5200	10	49		
153	1.5300	10	48		
154	1.5400	10	48		
155	1.5500	10	46		
156	1.5600	10	45		
157	1.5700	10	44		
158	1.5800	10	42		
159	1.5900	10	40		
160	1.6000	9	38		
161	1.6100	8	36		
162	1.6200	8	33		
163	1.6300	7	30		
164	1.6400	6	28		
165	1.6500	6	25		
166	1.6600	5	22		
167	1.6700	5	19		
168	1.6800	4	16		
169	1.6900	4	13		
170	1.7000	3	10		
171	1.7100	2	6		
172	1.7200	1	3		
173	1.7300	0	0		
174	1.7400	0	-3		
175	1.7500	-1	-6		
176	1.7600	-2	-10		
177	1.7700	-2	-12		
178	1.7800	-3	-16		
179	1.7900	-4	-19		
180	1.8000	-5	-22		
181	1.8100	-6	-24		
182	1.8200	-6	-27		
183	1.8300	-6	-30		
184	1.8400	-7	-32		
185	1.8500	-8	-34		
186	1.8600	-8	-36		
187	1.8700	-8	-38		
188	1.8800	-9	-40		
189	1.8900	-10	-42		
190	1.9000	-10	-43		
191	1.9100	-10	-44		
192	1.9200	-10	-46		
193	1.9300	-10	-46		
194	1.9400	-10	-47		
195	1.9500	-11	-47		
196	1.9600	-11	-48		
197	1.9700	-11	-48		
198	1.9800	-11	-47		
199	1.9900	-11	-47		
200	2.0000	-11	-46		
201	2.0100	-11	-46		
202	2.0200	-11	-44		
203	2.0300	-11	-43		
204	2.0400	-10	-42		
205	2.0500	-10	-40		
206	2.0600	-10	-38		
207	2.0700	-10	-36		
208	2.0800	-10	-34		
209	2.0900	-10	-32		
210	2.1000	-9	-30		
211	2.1100	-8	-28		
212	2.1200	-8	-25		
213	2.1300	-7	-22		
214	2.1400	-6	-20		
215	2.1500	-6	-17		
216	2.1600	-6	-14		
217	2.1700	-5	-11		
218	2.1800	-4	-8		
219	2.1900	-4	-5		
220	2.2000	-2	-2		
221	2.2100	-2	1		
222	2.2200	-1	4		
223	2.2300	0	7		
224	2.2400	0	10		
225	2.2500	1	12		
226	2.2600	2	15		
227	2.2700	2	18		
228	2.2800	3	20		
229	2.2900	4	23		
230	2.3000	4	25		
231	2.3100	5	28		
232	2.3200	6	30		
233	2.3300	6	32		
234	2.3400	7	34		
235	2.3500	8	35		
236	2.3600	8	37		
237	2.3700	8	38		
238	2.3800	9	40		
239	2.3900	9	40		
240	2.4000	10	42		
241	2.4100	10	42		
242	2.4200	10	42		
243	2.4300	10	43		
244	2.4400	10	43		
245	2.4500	10	43		
246	2.4600	10	43		
247	2.4700	10	42		
248	2.4800	10	42		
249	2.4900	10	41		
250	2.5000	10	40		
251	2.5100	10	38		
252	2.5200	10	37		
253	2.5300	10	36		
254	2.5400	10	34		
255	2.5500	10	32		
256	2.5600	10	30		
257	2.5700	9	28		
258	2.5800	8	26		
259	2.5900	8	24		
260	2.6000	7	22		
261	2.6100	6	20		
262	2.6200	6	17		
263	2.6300	6	14		
264	2.6400	5	12		
265	2.6500	4	9		
266	2.6600	4	6		
267	2.6700	3	4		
268	2.6800	2	1		
269	2.6900	1	-2		
270	2.7000	0	-4		
271	2.7100	0	-7		
272	2.7200	-1	-10		
273	2.7300	-2	-12		
274	2.7400	-2	-14		
275	2.7500	-3	-17		
276	2.7600	-4	-19		
277	2.7700	-5	-22		
278	2.7800	-5	-24		
279	2.7900	-6	-26		
280	2.8000	-6	-28		
281	2.8100	-7	-30		
282	2.8200	-8	-31		
283	2.8300	-8	-33		
284	2.8400	-8	-34		
285	2.8500	-9	-35		
286	2.8600	-9	-36		
287	2.8700	-10	-37		
288	2.8800	-10	-38		
289	2.8900	-10	-38		
290	2.9000	-10	-39		
291	2.9100	-10	-39		
292	2.9200	-10	-40		
293	2.9300	-11	-40		
294	2.9400	-11	-39		
295	2.9500	-11	-39		
296	2.9600	-11	-38		
297	2.9700	-11	-38		
298	2.9800	-11	-36		
299	2.9900	-11	-36		
300	3.0000	-10	-34		
301	3.0100	-10	-33		
302	3.0200	-10	-32		
303	3.0300	-10	-30		
304	3.0400	-10	-28		
305	3.0500	-10	-26		
306	3.0600	-10	-25		
307	3.0700	-9	-23		
308	3.0800	-8	-21		
309	3.0900	-8	-18		
310	3.1000	-7	-16		
311	3.1100	-7	-14		
312	3.1200	-6	-12		
313	3.1300	-6	-9		
314	3.1400	-5	-7		
315	3.1500	-4	-4		
316	3.1600	-4	-2		
317	3.1700	-2	0		
318	3.1800	-2	2		
319	3.1900	-1	5		
320	3.2000	0	7		
321	3.2100	0	10		
322	3.2200	1	12		
323	3.2300	2	14		
324	3.2400	2	16		
325	3.2500	3	18		
326	3.2600	4	20		
327	3.2700	4	22		
328	3.2800	5	24		
329	3.2900	6	25		
330	3.3000	6	26		
331	3.3100	7	28		
332	3.3200	7	29		
333	3.3300	8	30		
334	3.3400	8	31		
335	3.3500	9	32		
336	3.3600	9	33		
337	3.3700	10	34		
338	3.3800	10	34		
339	3.3900	10	34		
340	3.4000	10	34		
341	3.4100	10	34		
342	3.4200	10	34		
343	3.4300	10	34		
344	3.4400	10	34		
345	3.4500	10	33		
346	3.4600	10	32		
347	3.4700	10	32		
348	3.4800	10	31		
349	3.4900	10	30		
350	3.5000	10	28		
351	3.5100	10	27		
352	3.5200	10	26		
353	3.5300	10	24		
354	3.5400	9	22		
355	3.5500	8	21		
356	3.5600	8	19		
357	3.5700	7	18		
358	3.5800	6	16		
359	3.5900	6	14		
360	3.6000	6	12		
361	3.6100	5	10		
362	3.6200	4	8		
363	3.6300	4	5		
364	3.6400	3	3		
365	3.6500	2	1		
366	3.6600	1	-1		
367	3.6700	0	-3		
368	3.6800	0	-5		
369	3.6900	-1	-7		
370	3.7000	-2	-9		
371	3.7100	-2	-11		
372	3.7200	-3	-13		
373	3.7300	-4	-15		
374	3.7400	-4	-16		
375	3.7500	-5	-18		
376	3.7600	-6	-20		
377	3.7700	-6	-21		
378	3.7800	-7	-23		
379	3.7900	-8	-24		
380	3.8000	-8	-25		
381	3.8100	-8	-26		
382	3.8200	-9	-28		
383	3.8300	-9	-28		
384	3.8400	-10	-29		
385	3.8500	-10	-30		
386	3.8600	-10	-30		
387	3.8700	-10	-31		
388	3.8800	-10	-31		
389	3.8900	-10	-31		
390	3.9000	-10	-31		
391	3.9100	-11	-31		
392	3.9200	-11	-31		
393	3.9300	-11	-31		
394	3.9400	-11	-30		
395	3.9500	-11	-30		
396	3.9600	-11	-29		
397	3.9700	-10	-28		
398	3.9800	-10	-27		
399	3.9900	-10	-26		
400	4.0000	-10	-25		
401	4.0100	-10	-24		
402	4.0200	-10	-22		
403	4.0300	-10	-21		
404	4.0400	-9	-20		
405	4.0500	-8	-18		
406	4.0600	-8	-17		
407	4.0700	-7	-15		
408	4.0800	-7	-14		
409	4.0900	-6	-12		
410	4.1000	-6	-10		
411	4.1100	-5	-8		
412	4.1200	-4	-6		
413	4.1300	-4	-4		
414	4.1400	-3	-2		
415	4.1500	-2	-1		
416	4.1600	-1	1		
417	4.1700	0	3		
418	4.1800	0	5		
419	4.1900	1	6		
420	4.2000	2	8		
421	4.2100	2	10		
422	4.2200	3	12		
423	4.2300	4	13		
424	4.2400	4	15		
425	4.2500	5	16		
426	4.2600	6	18		
427	4.2700	6	19		
428	4.2800	7	20		
429	4.2900	7	22		
430	4.3000	8	22		
431	4.3100	8	24		
432	4.3200	8	24		
433	4.3300	9	25		
434	4.3400	9	26		
435	4.3500	10	26		
436	4.3600	10	27		
437	4.3700	10	28		
438	4.3800	10	28		
439	4.3900	10	28		
440	4.4000	10	28		
441	4.4100	10	28		
442	4.4200	10	28		
443	4.4300	10	27		
444	4.4400	10	27		
445	4.4500	10	26		
446	4.4600	10	26		
447	4.4700	10	25		
448	4.4800	10	24		
449	4.4900	10	24		
450	4.5000	10	22		
451	4.5100	9	21		
452	4.5200	8	20		
453	4.5300	8	19		
454	4.5400	7	18		
455	4.5500	6	16		
456	4.5600	6	15		
457	4.5700	6	14		
458	4.5800	5	12		
459	4.5900	4	10		
460	4.6000	4	9		
461	4.6100	3	7		
462	4.6200	2	6		
463	4.6300	1	4		
464	4.6400	0	2		
465	4.6500	0	0		
466	4.6600	-1	-1		
467	4.6700	-2	-3		
468	4.6800	-2	-4		
469	4.6900	-3	-6		
470	4.7000	-4	-8		
471	4.7100	-4	-9		
472	4.7200	-5	-11		
473	4.7300	-6	-12		
474	4.7400	-6	-14		
475	4.7500	-7	-15		
476	4.7600	-7	-16		
477	4.7700	-8	-18		
478	4.7800	-8	-19		
479	4.7900	-9	-20		
480	4.8000	-9	-21		
481	4.8100	-10	-22		
482	4.8200	-10	-23		
483	4.8300	-10	-24		
484	4.8400	-10	-25		
485	4.8500	-10	-25		
486	4.8600	-10	-26		
487	4.8700	-10	-26		
488	4.8800	-11	-26		
489	4.8900	-11	-27		
490	4.9000	-11	-27		
491	4.9100	-11	-27		
492	4.9200	-11	-27		
493	4.9300	-11	-26		
494	4.9400	-10	-26		
495	4.9500	-10	-26		
496	4.9600	-10	-25		
497	4.9700	-10	-25		
498	4.9800	-10	-24		
499	4.9900	-10	-23		
500	5.0000	-10	-22		
501	5.0100	-9	-22		
502	5.0200	-8	-20		
503	5.0300	-8	-19		
504	5.0400	-7	-18		
505	5.0500	-7	-17		
506	5.0600	-6	-16		
507	5.0700	-6	-14		
508	5.0800	-5	-13		
509	5.0900	-4	-12		
510	5.1000	-4	-10		
511	5.1100	-3	-8		
512	5.1200	-2	-7		
513	5.1300	-2	-5		
514	5.1400	-1	-4		
515	5.1500	0	-2		
516	5.1600	0	0		
517	5.1700	1	1		
518	5.1800	2	3		
519	5.1900	3	4		
520	5.2000	4	6		
521	5.2100	4	8		
522	5.2200	5	9		
523	5.2300	6	11		
524	5.2400	6	12		
525	5.2500	6	14		
526	5.2600	7	15		
527	5.2700	8	16		
528	5.2800	8	18		
529	5.2900	8	19		
530	5.3000	9	20		
531	5.3100	9	21		
532	5.3200	9	22		
533	5.3300	10	23		
534	5.3400	10	24		
535	5.3500	10	24		
536	5.3600	10	25		
537	5.3700	10	26		
538	5.3800	10	26		
539	5.3900	10	26		
540	5.4000	10	26		
541	5.4100	10	26		
542	5.4200	10	26		
543	5.4300	10	26		
544	5.4400	10	26		
545	5.4500	10	26		
546	5.4600	10	25		
547	5.4700	10	25		
548	5.4800	9	24		
549	5.4900	8	24		
550	5.5000	8	23		
551	5.5100	7	22		
552	5.5200	7	21		
553	5.5300	6	20		
554	5.5400	6	19		
555	5.5500	5	18		
556	5.5600	4	16		
557	5.5700	4	15		
558	5.5800	3	14		
559	5.5900	2	12		
560	5.6000	2	10		
561	5.6100	1	9		
562	5.6200	0	7		
563	5.6300	0	6		
564	5.6400	-1	4		
565	5.6500	-2	2		
566	5.6600	-3	0		
567	5.6700	-4	-1		
568	5.6800	-4	-3		
569	5.6900	-5	-4		
570	5.7000	-6	-6		
571	5.7100	-6	-8		
572	5.7200	-7	-10		
573	5.7300	-7	-11		
574	5.7400	-8	-13		
575	5.7500	-8	-14		
576	5.7600	-8	-16		
577	5.7700	-9	-17		
578	5.7800	-10	-18		
579	5.7900	-10	-20		
580	5.8000	-10	-21		
581	5.8100	-10	-22		
582	5.8200	-10	-23		
583	5.8300	-10	-24		
584	5.8400	-11	-25		
585	5.8500	-11	-26		
586	5.8600	-11	-26		
587	5.8700	-11	-27		
588	5.8800	-11	-28		
589	5.8900	-11	-28		
590	5.9000	-11	-28		
591	5.9100	-11	-28		
592	5.9200	-11	-28		
593	5.9300	-10	-28		
594	5.9400	-10	-28		
595	5.9500	-10	-28		
596	5.9600	-10	-28		
597	5.9700	-10	-27		
598	5.9800	-9	-26		
599	5.9900	-9	-26		
600	6.0000	-8	-25		
601	6.0100	-8	-24		
602	6.0200	-7	-23		
603	6.0300	-6	-22		
604	6.0400	-6	-20		
605	6.0500	-5	-19		
606	6.0600	-4	-18		
607	6.0700	-4	-16		
608	6.0800	-3	-15		
609	6.0900	-2	-13		
610	6.1000	-2	-12		
611	6.1100	-1	-10		
612	6.1200	0	-8		
613	6.1300	0	-6		
614	6.1400	1	-4		
615	6.1500	2	-3		
616	6.1600	2	-1		
617	6.1700	3	1		
618	6.1800	4	3		
619	6.1900	5	5		
620	6.2000	5	6		
621	6.2100	6	8		
622	6.2200	6	10		
623	6.2300	7	12		
624	6.2400	8	14		
625	6.2500	8	15		
626	6.2600	8	17		
627	6.2700	9	18		
628	6.2800	9	20		
629	6.2900	9	21		
630	6.3000	9	22		
631	6.3100	10	24		
632	6.3200	10	25		
633	6.3300	10	26		
634	6.3400	10	27		
635	6.3500	10	28		
636	6.3600	10	28		
637	6.3700	10	29		
638	6.3800	10	30		
639	6.3900	10	30		
640	6.4000	10	30		
641	6.4100	10	30		
642	6.4200	10	30		
643	6.4300	10	30		
644	6.4400	10	30		
645	6.4500	9	30		
646	6.4600	9	29		
647	6.4700	8	28		
648	6.4800	8	28		
649	6.4900	7	27		
650	6.5000	6	26		
651	6.5100	6	25		
652	6.5200	5	24		
653	6.5300	5	22		
654	6.5400	4	21		
655	6.5500	3	20		
656	6.5600	2	18		
657	6.5700	2	16		
658	6.5800	1	14		
659	6.5900	0	13		
660	6.6000	0	11		
661	6.6100	-1	9		
662	6.6200	-2	7		
663	6.6300	-2	5		
664	6.6400	-3	3		
665	6.6500	-4	1		
666	6.6600	-5	-1		
667	6.6700	-6	-3		
668	6.6800	-6	-5		
669	6.6900	-6	-7		
670	6.7000	-7	-9		
671	6.7100	-8	-11		
672	6.7200	-8	-13		
673	6.7300	-8	-15		
674	6.7400	-9	-17		
675	6.7500	-10	-18		
676	6.7600	-10	-20		
677	6.7700	-10	-22		
678	6.7800	-10	-24		
679	6.7900	-10	-25		
680	6.8000	-10	-26		
681	6.8100	-10	-28		
682	6.8200	-11	-29		
683	6.8300	-11	-30		
684	6.8400	-11	-31		
685	6.8500	-11	-32		
686	6.8600	-11	-32		
687	6.8700	-11	-33		
688	6.8800	-11	-33		
689	6.8900	-10	-34		
690	6.9000	-10	-34		
691	6.9100	-10	-34		
692	6.9200	-10	-33		
693	6.9300	-10	-33		
694	6.9400	-10	-33		
695	6.9500	-9	-32		
696	6.9600	-9	-32		
697	6.9700	-8	-30		
698	6.9800	-8	-30		
699	6.9900	-7	-28		
700	7.0000	-7	-28		
701	7.0100	-6	-26		
702	7.0200	-6	-24		
703	7.0300	-5	-23		
704	7.0400	-4	-22		
705	7.0500	-3	-20		
706	7.0600	-2	-18		
707	7.0700	-2	-16		
708	7.0800	-1	-14		
709	7.0900	0	-12		
710	7.1000	0	-10		
711	7.1100	1	-8		
712	7.1200	2	-6		
713	7.1300	2	-4		
714	7.1400	3	-1		
715	7.1500	4	1		
716	7.1600	4	3		
717	7.1700	5	6		
718	7.1800	6	8		
719	7.1900	6	10		
720	7.2000	7	12		
721	7.2100	7	14		
722	7.2200	8	16		
723	7.2300	8	18		
724	7.2400	9	20		
725	7.2500	9	22		
726	7.2600	9	24		
727	7.2700	10	25		
728	7.2800	10	27		
729	7.2900	10	28		
730	7.3000	10	30		
731	7.3100	10	31		
732	7.3200	10	32		
733	7.3300	10	33		
734	7.3400	10	34		
735	7.3500	10	34		
736	7.3600	10	35		
737	7.3700	10	35		
738	7.3800	10	36		
739	7.3900	10	36		
740	7.4000	10	36		
741	7.4100	10	35		
742	7.4200	10	35		
743	7.4300	9	34		
744	7.4400	8	34		
745	7.4500	8	33		
746	7.4600	7	32		
747	7.4700	6	31		
748	7.4800	6	30		
749	7.4900	6	28		
750	7.5000	5	27		
751	7.5100	4	25		
752	7.5200	4	23		
753	7.5300	2	22		
754	7.5400	2	20		
755	7.5500	1	18		
756	7.5600	0	16		
757	7.5700	0	13		
758	7.5800	-1	11		
759	7.5900	-2	9		
760	7.6000	-2	6		
761	7.6100	-3	4		
762	7.6200	-4	2		
763	7.6300	-5	-1		
764	7.6400	-6	-3		
765	7.6500	-6	-6		
766	7.6600	-6	-8		
767	7.6700	-7	-10		
768	7.6800	-8	-13		
769	7.6900	-8	-15		
770	7.7000	-8	-17		
771	7.7100	-9	-19		
772	7.7200	-10	-22		
773	7.7300	-10	-24		
774	7.7400	-10	-26		
775	7.7500	-10	-27		
776	7.7600	-10	-29		
777	7.7700	-10	-30		
778	7.7800	-10	-32		
779	7.7900	-11	-33		
780	7.8000	-11	-34		
781	7.8100	-11	-36		
782	7.8200	-11	-36		
783	7.8300	-11	-37		
784	7.8400	-11	-38		
785	7.8500	-11	-38		
786	7.8600	-10	-38		
787	7.8700	-10	-38		
788	7.8800	-10	-38		
789	7.8900	-10	-38		
790	7.9000	-10	-38		
791	7.9100	-10	-37		
792	7.9200	-9	-36		
793	7.9300	-9	-36		
794	7.9400	-8	-35		
795	7.9500	-8	-34		
796	7.9600	-7	-32		
797	7.9700	-7	-31		
798	7.9800	-6	-29		
799	7.9900	-6	-28		
800	8.0000	-5	-26		
801	8.0100	-4	-24		
802	8.0200	-3	-22		
803	8.0300	-2	-20		
804	8.0400	-2	-17		
805	8.0500	-1	-15		
806	8.0600	0	-13		
807	8.0700	0	-10		
808	8.0800	1	-8		
809	8.0900	2	-5		
810	8.1000	2	-3		
811	8.1100	3	0		
812	8.1200	4	2		
813	8.1300	4	5		
814	8.1400	5	8		
815	8.1500	6	10		
816	8.1600	6	12		
817	8.1700	6	15		
818	8.1800	7	17		
819	8.1900	8	20		
820	8.2000	8	22		
821	8.2100	9	24		
822	8.2200	9	26		
823	8.2300	10	28		
824	8.2400	10	30		
825	8.2500	10	31		
826	8.2600	10	33		
827	8.2700	10	34		
828	8.2800	10	36		
829	8.2900	10	36		
830	8.3000	10	38		
831	8.3100	10	38		
832	8.3200	10	39		
833	8.3300	10	39		
834	8.3400	10	40		
835	8.3500	10	40		
836	8.3600	10	40		
837	8.3700	10	40		
838	8.3800	10	39		
839	8.3900	10	38		
840	8.4000	9	38		
841	8.4100	8	37		
842	8.4200	8	36		
843	8.4300	7	34		
844	8.4400	6	33		
845	8.4500	6	32		
846	8.4600	6	30		
847	8.4700	5	28		
848	8.4800	4	26		
849	8.4900	4	24		
850	8.5000	3	22		
851	8.5100	2	20		
852	8.5200	1	18		
853	8.5300	0	15		
854	8.5400	0	13		
855	8.5500	-1	10		
856	8.5600	-2	8		
857	8.5700	-2	5		
858	8.5800	-3	2		
859	8.5900	-4	0		
860	8.6000	-5	-3		
861	8.6100	-5	-6		
862	8.6200	-6	-8		
863	8.6300	-6	-11		
864	8.6400	-7	-14		
865	8.6500	-7	-16		
866	8.6600	-8	-18		
867	8.6700	-8	-21		
868	8.6800	-9	-23		
869	8.6900	-9	-26		
870	8.7000	-10	-28		
871	8.7100	-10	-30		
872	8.7200	-10	-32		
873	8.7300	-10	-33		
874	8.7400	-10	-35		
875	8.7500	-10	-36		
876	8.7600	-11	-38		
877	8.7700	-11	-38		
878	8.7800	-11	-40		
879	8.7900	-11	-40		
880	8.8000	-11	-41		
881	8.8100	-11	-42		
882	8.8200	-11	-42		
883	8.8300	-10	-42		
884	8.8400	-10	-42		
885	8.8500	-10	-41		
886	8.8600	-10	-41		
887	8.8700	-10	-40		
888	8.8800	-10	-40		
889	8.8900	-10	-38		
890	8.9000	-9	-38		
891	8.9100	-8	-36		
892	8.9200	-8	-35		
893	8.9300	-7	-33		
894	8.9400	-7	-31		
895	8.9500	-6	-30		
896	8.9600	-6	-28		
897	8.9700	-5	-25		
898	8.9800	-4	-23		
899	8.9900	-4	-21		
900	9.0000	-2	-18		
901	9.0100	-2	-16		
902	9.0200	-1	-13		
903	9.0300	-1	-11		
904	9.0400	0	-8		
905	9.0500	1	-5		
906	9.0600	2	-2		
907	9.0700	2	0		
908	9.0800	3	3		
909	9.0900	4	6		
910	9.1000	4	8		
911	9.1100	5	11		
912	9.1200	6	14		
913	9.1300	6	16		
914	9.1400	6	19		
915	9.1500	7	21		
916	9.1600	8	24		
917	9.1700	8	26		
918	9.1800	9	28		
919	9.1900	9	30		
920	9.2000	10	32		
921	9.2100	10	34		
922	9.2200	10	35		
923	9.2300	10	36		
924	9.2400	10	38		
925	9.2500	10	39		
926	9.2600	10	40		
927	9.2700	10	40		
928	9.2800	10	41		
929	9.2900	10	42		
930	9.3000	10	42		
931	9.3100	10	42		
932	9.3200	10	42		
933	9.3300	10	42		
934	9.3400	10	41		
935	9.3500	10	40		
936	9.3600	10	40		
937	9.3700	9	38		
938	9.3800	8	37		
939	9.3900	8	36		
940	9.4000	7	34		
941	9.4100	6	33		
942	9.4200	6	31		
943	9.4300	6	29		
944	9.4400	5	27		
945	9.4500	4	25		
946	9.4600	4	22		
947	9.4700	3	20		
948	9.4800	2	18		
949	9.4900	1	15		
950	9.5000	0	12		
951	9.5100	0	10		
952	9.5200	-1	7		
953	9.5300	-2	4		
954	9.5400	-2	2		
955	9.5500	-3	-1		
956	9.5600	-4	-4		
957	9.5700	-4	-7		
958	9.5800	-5	-9		
959	9.5900	-6	-12		
960	9.6000	-6	-15		
961	9.6100	-7	-18		
962	9.6200	-7	-20		
963	9.6300	-8	-22		
964	9.6400	-8	-25		
965	9.6500	-9	-27		
966	9.6600	-9	-29		
967	9.6700	-10	-31		
968	9.6800	-10	-33		
969	9.6900	-10	-34		
970	9.7000	-10	-36		
971	9.7100	-10	-38		
972	9.7200	-10	-39		
973	9.7300	-10	-40		
974	9.7400	-11	-41		
975	9.7500	-11	-42		
976	9.7600	-11	-42		
977	9.7700	-11	-42		
978	9.7800	-11	-43		
979	9.7900	-11	-43		
980	9.8000	-10	-43		
981	9.8100	-10	-42		
982	9.8200	-10	-42		
983	9.8300	-10	-41		
984	9.8400	-10	-40		
985	9.8500	-10	-39		
986	9.8600	-10	-38		
987	9.8700	-9	-36		
988	9.8800	-8	-35		
989	9.8900	-8	-33		
990	9.9000	-7	-32		
991	9.9100	-7	-30		
992	9.9200	-6	-27		
993	9.9300	-6	-25		
994	9.9400	-5	-23		
995	9.9500	-4	-20		
996	9.9600	-4	-18		
997	9.9700	-3	-15		
998	9.9800	-2	-13		
999	9.9900	-1	-10		
1000	10.0000	-1	-7		
1001	10.0100	0	-4		
1002	10.0200	0	-2		
1003	10.0300	1	1		
1004	10.0400	2	4		
1005	10.0500	3	6		
1006	10.0600	4	9		
1007	10.0700	4	12		
1008	10.0800	5	14		
1009	10.0900	6	17		
1010	10.1000	6	20		
1011	10.1100	6	22		
1012	10.1200	7	24		
1013	10.1300	8	26		
1014	10.1400	8	28		
1015	10.1500	8	30		
1016	10.1600	9	32		
1017	10.1700	10	34		
1018	10.1800	10	36		
1019	10.1900	10	37		
1020	10.2000	10	38		
1021	10.2100	10	39		
1022	10.2200	10	40		
1023	10.2300	10	41		
1024	10.2400	10	42		
1025	10.2500	10	42		
1026	10.2600	10	42		
1027	10.2700	10	42		
1028	10.2800	10	42		
1029	10.2900	10	42		
1030	10.3000	10	41		
1031	10.3100	10	40		
1032	10.3200	10	39		
1033	10.3300	10	38		
1034	10.3400	9	37		
1035	10.3500	8	36		
1036	10.3600	8	34		
1037	10.3700	7	32		
1038	10.3800	6	30		
1039	10.3900	6	29		
1040	10.4000	6	26		
1041	10.4100	5	24		
1042	10.4200	5	22		
1043	10.4300	4	20		
1044	10.4400	3	17		
1045	10.4500	2	14		
1046	10.4600	1	12		
1047	10.4700	0	10		
1048	10.4800	0	7		
1049	10.4900	0	4		
1050	10.5000	-1	1		
1051	10.5100	-2	-2		
1052	10.5200	-3	-4		
1053	10.5300	-4	-7		
1054	10.5400	-4	-10		
1055	10.5500	-5	-12		
1056	10.5600	-6	-15		
1057	10.5700	-6	-18		
1058	10.5800	-7	-20		
1059	10.5900	-7	-22		
1060	10.6000	-8	-24		
1061	10.6100	-8	-27		
1062	10.6200	-9	-29		
1063	10.6300	-9	-31		
1064	10.6400	-10	-32		
1065	10.6500	-10	-34		
1066	10.6600	-10	-36		
1067	10.6700	-10	-37		
1068	10.6800	-10	-38		
1069	10.6900	-10	-39		
1070	10.7000	-10	-40		
1071	10.7100	-11	-41		
1072	10.7200	-11	-41		
1073	10.7300	-11	-42		
1074	10.7400	-11	-42		
1075	10.7500	-11	-42		
1076	10.7600	-11	-42		
1077	10.7700	-11	-41		
1078	10.7800	-10	-41		
1079	10.7900	-10	-40		
1080	10.8000	-10	-39		
1081	10.8100	-10	-38		
1082	10.8200	-10	-37		
1083	10.8300	-10	-36		
1084	10.8400	-9	-34		
1085	10.8500	-8	-32		
1086	10.8600	-8	-30		
1087	10.8700	-7	-28		
1088	10.8800	-7	-26		
1089	10.8900	-6	-24		
1090	10.9000	-6	-22		
1091	10.9100	-5	-20		
1092	10.9200	-4	-17		
1093	10.9300	-4	-15		
1094	10.9400	-3	-12		
1095	10.9500	-2	-10		
1096	10.9600	-1	-7		
1097	10.9700	-1	-4		
1098	10.9800	0	-2		
1099	10.9900	0	1		
1100	11.0000	1	4		
1101	11.0100	2	6		
1102	11.0200	3	9		
1103	11.0300	4	12		
1104	11.0400	4	14		
1105	11.0500	5	16		
1106	11.0600	6	19		
1107	11.0700	6	21		
1108	11.0800	6	23		
1109	11.0900	7	26		
1110	11.1000	8	28		
1111	11.1100	8	29		
1112	11.1200	8	31		
1113	11.1300	9	33		
1114	11.1400	9	34		
1115	11.1500	10	36		
1116	11.1600	10	36		
1117	11.1700	10	38		
1118	11.1800	10	38		
1119	11.1900	10	39		
1120	11.2000	10	40		
1121	11.2100	10	40		
1122	11.2200	10	40		
1123	11.2300	10	40		
1124	11.2400	10	40		
1125	11.2500	10	40		
1126	11.2600	10	39		
1127	11.2700	10	38		
1128	11.2800	10	38		
1129	11.2900	10	36		
1130	11.3000	10	35		
1131	11.3100	9	34		
1132	11.3200	8	32		
1133	11.3300	8	31		
1134	11.3400	7	29		
1135	11.3500	7	28		
1136	11.3600	6	26		
1137	11.3700	6	24		
1138	11.3800	5	21		
1139	11.3900	5	19		
1140	11.4000	4	17		
1141	11.4100	3	14		
1142	11.4200	2	12		
1143	11.4300	1	9		
1144	11.4400	0	7		
1145	11.4500	0	4		
1146	11.4600	0	2		
1147	11.4700	-1	-1		
1148	11.4800	-2	-4		
1149	11.4900	-3	-6		
1150	11.5000	-4	-9		
1151	11.5100	-4	-11		
1152	11.5200	-5	-14		
1153	11.5300	-6	-16		
1154	11.5400	-6	-18		
1155	11.5500	-7	-20		
1156	11.5600	-7	-23		
1157	11.5700	-8	-25		
1158	11.5800	-8	-27		
1159	11.5900	-9	-29		
1160	11.6000	-9	-30		
1161	11.6100	-10	-32		
1162	11.6200	-10	-34		
1163	11.6300	-10	-35		
1164	11.6400	-10	-36		
1165	11.6500	-10	-37		
1166	11.6600	-10	-38		
1167	11.6700	-11	-38		
1168	11.6800	-11	-39		
1169	11.6900	-11	-40		
1170	11.7000	-11	-40		
1171	11.7100	-11	-40		
1172	11.7200	-11	-40		
1173	11.7300	-11	-39		
1174	11.7400	-11	-39		
1175	11.7500	-10	-38		
1176	11.7600	-10	-37		
1177	11.7700	-10	-36		
1178	11.7800	-10	-35		
1179	11.7900	-10	-34		
1180	11.8000	-10	-33		
1181	11.8100	-9	-31		
1182	11.8200	-8	-30		
1183	11.8300	-8	-28		
1184	11.8400	-8	-26		
1185	11.8500	-7	-24		
1186	11.8600	-6	-22		
1187	11.8700	-6	-20		
1188	11.8800	-5	-18		
1189	11.8900	-4	-15		
1190	11.9000	-4	-13		
1191	11.9100	-3	-10		
1192	11.9200	-2	-8		
1193	11.9300	-2	-6		
1194	11.9400	-1	-3		
1195	11.9500	0	0		
1196	11.9600	0	2		
1197	11.9700	1	4		
1198	11.9800	2	7		
1199	11.9900	3	9		
1200	12.0000	4	12		
1201	12.0100	4	14		
1202	12.0200	5	16		
1203	12.0300	5	18		
1204	12.0400	6	21		
1205	12.0500	6	23		
1206	12.0600	7	24		
1207	12.0700	8	26		
1208	12.0800	8	28		
1209	12.0900	8	30		
1210	12.1000	9	31		
1211	12.1100	9	32		
1212	12.1200	10	34		
1213	12.1300	10	34		
1214	12.1400	10	36		
1215	12.1500	10	36		
1216	12.1600	10	37		
1217	12.1700	10	37		
1218	12.1800	10	38		
1219	12.1900	10	38		
1220	12.2000	10	38		
1221	12.2100	10	37		
1222	12.2200	10	37		
1223	12.2300	10	36		
1224	12.2400	10	36		
1225	12.2500	10	35		
1226	12.2600	10	34		
1227	12.2700	10	33		
1228	12.2800	9	32		
1229	12.2900	9	30		
1230	12.3000	8	28		
1231	12.3100	8	27		
1232	12.3200	7	25		
1233	12.3300	6	23		
1234	12.3400	6	21		
1235	12.3500	5	19		
1236	12.3600	5	17		
1237	12.3700	4	15		
1238	12.3800	3	13		
1239	12.3900	2	10		
1240	12.4000	2	8		
1241	12.4100	0	6		
1242	12.4200	0	4		
1243	12.4300	0	1		
1244	12.4400	-1	-1		
1245	12.4500	-2	-4		
1246	12.4600	-2	-6		
1247	12.4700	-4	-8		
1248	12.4800	-4	-11		
1249	12.4900	-5	-13		
1250	12.5000	-6	-15		
1251	12.5100	-6	-17		
1252	12.5200	-6	-19		
1253	12.5300	-7	-21		
1254	12.5400	-8	-23		
1255	12.5500	-8	-25		
1256	12.5600	-9	-27		
1257	12.5700	-9	-28		
1258	12.5800	-10	-30		
1259	12.5900	-10	-31		
1260	12.6000	-10	-32		
1261	12.6100	-10	-34		
1262	12.6200	-10	-34		
1263	12.6300	-10	-35		
1264	12.6400	-11	-36		
1265	12.6500	-11	-36		
1266	12.6600	-11	-36		
1267	12.6700	-11	-37		
1268	12.6800	-11	-37		
1269	12.6900	-11	-37		
1270	12.7000	-11	-36		
1271	12.7100	-11	-36		
1272	12.7200	-10	-36		
1273	12.7300	-10	-35		
1274	12.7400	-10	-34		
1275	12.7500	-10	-33		
1276	12.7600	-10	-32		
1277	12.7700	-10	-30		
1278	12.7800	-9	-29		
1279	12.7900	-9	-28		
1280	12.8000	-8	-26		
1281	12.8100	-8	-24		
1282	12.8200	-7	-22		
1283	12.8300	-6	-20		
1284	12.8400	-6	-18		
1285	12.8500	-6	-16		
1286	12.8600	-5	-14		
1287	12.8700	-4	-12		
1288	12.8800	-3	-10		
1289	12.8900	-2	-8		
1290	12.9000	-2	-6		
1291	12.9100	-1	-3		
1292	12.9200	0	-1		
1293	12.9300	0	2		
1294	12.9400	1	4		
1295	12.9500	2	6		
1296	12.9600	2	8		
1297	12.9700	4	10		
1298	12.9800	4	12		
1299	12.9900	5	15		
1300	13.0000	5	17		
1301	13.0100	6	19		
1302	13.0200	6	21		
1303	13.0300	7	22		
1304	13.0400	7	24		
1305	13.0500	8	26		
1306	13.0600	8	27		
1307	13.0700	9	28		
1308	13.0800	9	30		
1309	13.0900	9	31		
1310	13.1000	10	32		
1311	13.1100	10	33		
1312	13.1200	10	34		
1313	13.1300	10	34		
1314	13.1400	10	34		
1315	13.1500	10	35		
1316	13.1600	10	35		
1317	13.1700	10	35		
1318	13.1800	10	35		
1319	13.1900	10	34		
1320	13.2000	10	34		
1321	13.2100	10	34		
1322	13.2200	10	33		
1323	13.2300	10	32		
1324	13.2400	10	31		
1325	13.2500	9	30		
1326	13.2600	9	28		
1327	13.2700	8	27		
1328	13.2800	8	26		
1329	13.2900	7	24		
1330	13.3000	6	22		
1331	13.3100	6	21		
1332	13.3200	6	19		
1333	13.3300	5	17		
1334	13.3400	4	15		
1335	13.3500	4	13		
1336	13.3600	2	11		
1337	13.3700	2	9		
1338	13.3800	1	7		
1339	13.3900	0	4		
1340	13.4000	0	2		
1341	13.4100	-1	0		
1342	13.4200	-2	-2		
1343	13.4300	-2	-4		
1344	13.4400	-3	-6		
1345	13.4500	-4	-9		
1346	13.4600	-5	-11		
1347	13.4700	-6	-13		
1348	13.4800	-6	-15		
1349	13.4900	-6	-17		
1350	13.5000	-7	-19		
1351	13.5100	-8	-21		
1352	13.5200	-8	-22		
1353	13.5300	-8	-24		
1354	13.5400	-9	-26		
1355	13.5500	-10	-27		
1356	13.5600	-10	-28		
1357	13.5700	-10	-30		
1358	13.5800	-10	-31		
1359	13.5900	-10	-32		
1360	13.6000	-10	-32		
1361	13.6100	-11	-33		
1362	13.6200	-11	-34		
1363	13.6300	-11	-34		
1364	13.6400	-11	-34		
1365	13.6500	-11	-34		
1366	13.6600	-11	-34		
1367	13.6700	-11	-34		
1368	13.6800	-11	-34		
1369	13.6900	-10	-34		
1370	13.7000	-10	-33		
1371	13.7100	-10	-32		
1372	13.7200	-10	-32		
1373	13.7300	-10	-31		
1374	13.7400	-10	-30		
1375	13.7500	-9	-28		
1376	13.7600	-9	-27		
1377	13.7700	-8	-26		
1378	13.7800	-8	-24		
1379	13.7900	-7	-22		
1380	13.8000	-6	-21		
1381	13.8100	-6	-19		
1382	13.8200	-6	-17		
1383	13.8300	-5	-15		
1384	13.8400	-4	-13		
1385	13.8500	-3	-11		
1386	13.8600	-2	-9		
1387	13.8700	-2	-7		
1388	13.8800	-1	-5		
1389	13.8900	0	-3		
1390	13.9000	0	-1		
1391	13.9100	1	2		
1392	13.9200	2	4		
1393	13.9300	2	6		
1394	13.9400	3	8		
1395	13.9500	4	10		
1396	13.9600	5	12		
1397	13.9700	5	14		
1398	13.9800	6	16		
1399	13.9900	6	18		
1400	14.0000	6	20		
1401	14.0100	7	22		
1402	14.0200	8	23		
1403	14.0300	8	24		
1404	14.0400	9	26		
1405	14.0500	9	27		
1406	14.0600	9	28		
1407	14.0700	10	30		
1408	14.0800	10	30		
1409	14.0900	10	31		
1410	14.1000	10	32		
1411	14.1100	10	32		
1412	14.1200	10	33		
1413	14.1300	10	33		
1414	14.1400	10	33		
1415	14.1500	10	34		
1416	14.1600	10	33		
1417	14.1700	10	33		
1418	14.1800	10	32		
1419	14.1900	10	32		
1420	14.2000	10	32		
1421	14.2100	10	30		
1422	14.2200	10	30		
1423	14.2300	9	29		
1424	14.2400	8	28		
1425	14.2500	8	26		
1426	14.2600	7	25		
1427	14.2700	6	24		
1428	14.2800	6	22		
1429	14.2900	6	20		
1430	14.3000	5	18		
1431	14.3100	4	16		
1432	14.3200	3	15		
1433	14.3300	2	13		
1434	14.3400	2	11		
1435	14.3500	1	9		
1436	14.3600	0	6		
1437	14.3700	0	4		
1438	14.3800	-1	2		
1439	14.3900	-2	0		
1440	14.4000	-2	-2		
1441	14.4100	-3	-4		
1442	14.4200	-4	-6		
1443	14.4300	-5	-8		
1444	14.4400	-5	-10		
1445	14.4500	-6	-12		
1446	14.4600	-6	-14		
1447	14.4700	-7	-16		
1448	14.4800	-8	-18		
1449	14.4900	-8	-20		
1450	14.5000	-8	-22		
1451	14.5100	-9	-23		
1452	14.5200	-10	-25		
1453	14.5300	-10	-26		
1454	14.5400	-10	-28		
1455	14.5500	-10	-29		
1456	14.5600	-10	-30		
1457	14.5700	-10	-31		
1458	14.5800	-10	-32		
1459	14.5900	-11	-32		
1460	14.6000	-11	-33		
1461	14.6100	-11	-34		
1462	14.6200	-11	-34		
1463	14.6300	-11	-34		
1464	14.6400	-11	-34		
1465	14.6500	-11	-34		
1466	14.6600	-10	-34		
1467	14.6700	-10	-33		
1468	14.6800	-10	-33		
1469	14.6900	-10	-32		
1470	14.7000	-10	-31		
1471	14.7100	-10	-30		
1472	14.7200	-10	-29		
1473	14.7300	-9	-28		
1474	14.7400	-8	-27		
1475	14.7500	-8	-26		
1476	14.7600	-7	-24		
1477	14.7700	-7	-22		
1478	14.7800	-6	-21		
1479	14.7900	-6	-19		
1480	14.8000	-5	-17		
1481	14.8100	-4	-15		
1482	14.8200	-3	-14		
1483	14.8300	-2	-12		
1484	14.8400	-2	-9		
1485	14.8500	-1	-7		
1486	14.8600	0	-5		
1487	14.8700	0	-3		
1488	14.8800	1	-1		
1489	14.8900	2	1		
1490	14.9000	2	4		
1491	14.9100	3	6		
1492	14.9200	4	8		
1493	14.9300	4	10		
1494	14.9400	5	12		
1495	14.9500	6	14		
1496	14.9600	6	16		
1497	14.9700	6	18		
1498	14.9800	7	20		
1499	14.9900	8	21		
1500	15.0000	8	23		
1501	15.0100	8	24		
1502	15.0200	9	26		
1503	15.0300	9	27		
1504	15.0400	9	28		
1505	15.0500	10	29		
1506	15.0600	10	30		
1507	15.0700	10	31		
1508	15.0800	10	32		
1509	15.0900	10	32		
1510	15.1000	10	33		
1511	15.1100	10	33		
1512	15.1200	10	34		
1513	15.1300	10	34		
1514	15.1400	10	34		
1515	15.1500	10	33		
1516	15.1600	10	33		
1517	15.1700	10	32		
1518	15.1800	10	32		
1519	15.1900	9	31		
1520	15.2000	9	30		
1521	15.2100	8	29		
1522	15.2200	8	28		
1523	15.2300	7	26		
1524	15.2400	7	25		
1525	15.2500	6	24		
1526	15.2600	6	22		
1527	15.2700	5	20		
1528	15.2800	4	19		
1529	15.2900	4	17		
1530	15.3000	3	15		
1531	15.3100	2	13		
1532	15.3200	1	11		
1533	15.3300	0	9		
1534	15.3400	0	7		
1535	15.3500	-1	5		
1536	15.3600	-2	2		
1537	15.3700	-2	0		
1538	15.3800	-3	-2		
1539	15.3900	-4	-4		
1540	15.4000	-4	-6		
1541	15.4100	-5	-8		
1542	15.4200	-6	-10		
1543	15.4300	-6	-12		
1544	15.4400	-7	-14		
1545	15.4500	-7	-16		
1546	15.4600	-8	-18		
1547	15.4700	-8	-20		
1548	15.4800	-9	-22		
1549	15.4900	-10	-24		
1550	15.5000	-10	-25		
1551	15.5100	-10	-27		
1552	15.5200	-10	-28		
1553	15.5300	-10	-29		
1554	15.5400	-10	-30		
1555	15.5500	-10	-32		
1556	15.5600	-11	-32		
1557	15.5700	-11	-33		
1558	15.5800	-11	-34		
1559	15.5900	-11	-34		
1560	15.6000	-10	-34		
1561	15.6100	-11	-35		
1562	15.6200	-11	-35		
1563	15.6300	-11	-34		
1564	15.6400	-10	-34		
1565	15.6500	-10	-34		
1566	15.6600	-10	-34		
1567	15.6700	-10	-33		
1568	15.6800	-10	-32		
1569	15.6900	-10	-31		
1570	15.7000	-9	-30		
1571	15.7100	-8	-29		
1572	15.7200	-8	-28		
1573	15.7300	-7	-26		
1574	15.7400	-7	-24		
1575	15.7500	-6	-23		
1576	15.7600	-6	-21		
1577	15.7700	-5	-20		
1578	15.7800	-4	-18		
1579	15.7900	-4	-16		
1580	15.8000	-3	-14		
1581	15.8100	-2	-12		
1582	15.8200	-1	-10		
1583	15.8300	0	-7		
1584	15.8400	0	-5		
1585	15.8500	1	-3		
1586	15.8600	2	-1		
1587	15.8700	2	2		
1588	15.8800	3	4		
1589	15.8900	4	6		
1590	15.9000	4	8		
1591	15.9100	5	10		
1592	15.9200	6	12		
1593	15.9300	6	14		
1594	15.9400	6	16		
1595	15.9500	7	18		
1596	15.9600	8	20		
1597	15.9700	8	22		
1598	15.9800	8	24		
1599	15.9900	9	25		
1600	16.0000	9	27		
1601	16.0100	9	28		
1602	16.0200	10	30		
1603	16.0300	10	31		
1604	16.0400	10	32		
1605	16.0500	10	32		
1606	16.0600	10	33		
1607	16.0700	10	34		
1608	16.0800	10	34		
1609	16.0900	10	34		
1610	16.1000	10	35		
1611	16.1100	10	35		
1612	16.1200	10	35		
1613	16.1300	10	34		
1614	16.1400	10	34		
1615	16.1500	10	33		
1616	16.1600	9	33		
1617	16.1700	9	32		
1618	16.1800	8	31		
1619	16.1900	8	30		
1620	16.2000	7	29		
1621	16.2100	7	27		
1622	16.2200	6	26		
1623	16.2300	6	24		
1624	16.2400	5	22		
1625	16.2500	4	21		
1626	16.2600	4	19		
1627	16.2700	3	17		
1628	16.2800	2	15		
1629	16.2900	2	13		
1630	16.3000	1	11		
1631	16.3100	0	8		
1632	16.3200	-1	6		
1633	16.3300	-2	4		
1634	16.3400	-2	2		
1635	16.3500	-3	0		
1636	16.3600	-4	-3		
1637	16.3700	-4	-5		
1638	16.3800	-5	-7		
1639	16.3900	-6	-10		
1640	16.4000	-6	-12		
1641	16.4100	-7	-14		
1642	16.4200	-7	-16		
1643	16.4300	-8	-18		
1644	16.4400	-8	-20		
1645	16.4500	-9	-22		
1646	16.4600	-9	-24		
1647	16.4700	-10	-26		
1648	16.4800	-10	-27		
1649	16.4900	-10	-28		
1650	16.5000	-10	-30		
1651	16.5100	-10	-31		
1652	16.5200	-10	-32		
1653	16.5300	-11	-33		
1654	16.5400	-11	-34		
1655	16.5500	-11	-35		
1656	16.5600	-11	-36		
1657	16.5700	-11	-36		
1658	16.5800	-11	-36		
1659	16.5900	-11	-36		
1660	16.6000	-11	-36		
1661	16.6100	-10	-36		
1662	16.6200	-10	-36		
1663	16.6300	-10	-35		
1664	16.6400	-10	-34		
1665	16.6500	-10	-34		
1666	16.6600	-10	-33		
1667	16.6700	-9	-32		
1668	16.6800	-8	-31		
1669	16.6900	-8	-29		
1670	16.7000	-8	-28		
1671	16.7100	-7	-26		
1672	16.7200	-6	-25		
1673	16.7300	-6	-23		
1674	16.7400	-5	-21		
1675	16.7500	-4	-19		
1676	16.7600	-4	-17		
1677	16.7700	-3	-15		
1678	16.7800	-2	-13		
1679	16.7900	-2	-11		
1680	16.8000	-1	-8		
1681	16.8100	0	-6		
1682	16.8200	0	-4		
1683	16.8300	1	-2		
1684	16.8400	2	1		
1685	16.8500	3	3		
1686	16.8600	4	6		
1687	16.8700	4	8		
1688	16.8800	5	10		
1689	16.8900	5	12		
1690	16.9000	6	14		
1691	16.9100	6	16		
1692	16.9200	7	19		
1693	16.9300	8	21		
1694	16.9400	8	22		
1695	16.9500	8	24		
1696	16.9600	9	26		
1697	16.9700	9	28		
1698	16.9800	9	29		
1699	16.9900	10	30		
1700	17.0000	10	32		
1701	17.0100	10	33		
1702	17.0200	10	34		
1703	17.0300	10	34		
1704	17.0400	10	35		
1705	17.0500	10	36		
1706	17.0600	10	36		
1707	17.0700	10	36		
1708	17.0800	10	36		
1709	17.0900	10	36		
1710	17.1000	10	36		
1711	17.1100	10	36		
1712	17.1200	10	35		
1713	17.1300	10	34		
1714	17.1400	9	34		
1715	17.1500	8	32		
1716	17.1600	8	32		
1717	17.1700	8	30		
1718	17.1800	7	29		
1719	17.1900	6	27		
1720	17.2000	6	26		
1721	17.2100	5	24		
1722	17.2200	4	22		
1723	17.2300	4	20		
1724	17.2400	3	18		
1725	17.2500	2	16		
1726	17.2600	2	14		
1727	17.2700	1	12		
1728	17.2800	0	10		
1729	17.2900	-1	7		
1730	17.3000	-2	5		
1731	17.3100	-2	2		
1732	17.3200	-3	0		
1733	17.3300	-4	-2		
1734	17.3400	-4	-5		
1735	17.3500	-5	-7		
1736	17.3600	-6	-10		
1737	17.3700	-6	-12		
1738	17.3800	-7	-14		
1739	17.3900	-7	-16		
1740	17.4000	-8	-18		
1741	17.4100	-8	-20		
1742	17.4200	-9	-22		
1743	17.4300	-9	-24		
1744	17.4400	-10	-26		
1745	17.4500	-10	-28		
1746	17.4600	-10	-30		
1747	17.4700	-10	-31		
1748	17.4800	-10	-32		
1749	17.4900	-10	-34		
1750	17.5000	-11	-34		
1751	17.5100	-11	-36		
1752	17.5200	-11	-36		
1753	17.5300	-11	-37		
1754	17.5400	-11	-37		
1755	17.5500	-11	-38		
1756	17.5600	-11	-38		
1757	17.5700	-11	-38		
1758	17.5800	-11	-38		
1759	17.5900	-10	-37		
1760	17.6000	-10	-36		
1761	17.6100	-10	-36		
1762	17.6200	-10	-35		
1763	17.6300	-10	-34		
1764	17.6400	-9	-33		
1765	17.6500	-9	-32		
1766	17.6600	-8	-30		
1767	17.6700	-8	-29		
1768	17.6800	-7	-28		
1769	17.6900	-6	-26		
1770	17.7000	-6	-24		
1771	17.7100	-5	-22		
1772	17.7200	-4	-20		
1773	17.7300	-4	-18		
1774	17.7400	-3	-16		
1775	17.7500	-2	-14		
1776	17.7600	-2	-11		
1777	17.7700	-1	-9		
1778	17.7800	0	-6		
1779	17.7900	0	-4		
1780	17.8000	1	-2		
1781	17.8100	2	1		
1782	17.8200	3	4		
1783	17.8300	4	6		
1784	17.8400	4	8		
1785	17.8500	5	10		
1786	17.8600	5	13		
1787	17.8700	6	15		
1788	17.8800	6	18		
1789	17.8900	7	20		
1790	17.9000	8	22		
1791	17.9100	8	24		
1792	17.9200	8	25		
1793	17.9300	9	27		
1794	17.9400	9	29		
1795	17.9500	9	30		
1796	17.9600	10	32		
1797	17.9700	10	33		
1798	17.9800	10	34		
1799	17.9900	10	35		
1800	18.0000	10	36		
1801	18.0100	10	36		
1802	18.0200	10	37		
1803	18.0300	10	37		
1804	18.0400	10	38		
1805	18.0500	10	38		
1806	18.0600	10	38		
1807	18.0700	10	37		
1808	18.0800	10	37		
1809	18.0900	10	36		
1810	18.1000	10	36		
1811	18.1100	9	34		
1812	18.1200	8	34		
1813	18.1300	8	32		
1814	18.1400	8	31		
1815	18.1500	7	30		
1816	18.1600	6	28		
1817	18.1700	6	26		
1818	18.1800	5	24		
1819	18.1900	4	22		
1820	18.2000	4	20		
1821	18.2100	3	18		
1822	18.2200	2	16		
1823	18.2300	2	14		
1824	18.2400	1	12		
1825	18.2500	0	9		
1826	18.2600	-1	7		
1827	18.2700	-1	4		
1828	18.2800	-2	2		
1829	18.2900	-3	0		
1830	18.3000	-4	-3		
1831	18.3100	-4	-6		
1832	18.3200	-5	-8		
1833	18.3300	-6	-10		
1834	18.3400	-6	-13		
1835	18.3500	-7	-15		
1836	18.3600	-7	-17		
1837	18.3700	-8	-20		
1838	18.3800	-8	-22		
1839	18.3900	-9	-24		
1840	18.4000	-9	-26		
1841	18.4100	-10	-28		
1842	18.4200	-10	-29		
1843	18.4300	-10	-31		
1844	18.4400	-10	-32		
1845	18.4500	-10	-34		
1846	18.4600	-10	-35		
1847	18.4700	-11	-36		
1848	18.4800	-11	-36		
1849	18.4900	-11	-37		
1850	18.5000	-11	-38		
1851	18.5100	-11	-38		
1852	18.5200	-11	-38		
1853	18.5300	-11	-39		
1854	18.5400	-11	-38		
1855	18.5500	-11	-38		
1856	18.5600	-10	-38		
1857	18.5700	-10	-37		
1858	18.5800	-10	-37		
1859	18.5900	-10	-36		
1860	18.6000	-10	-35		
1861	18.6100	-9	-34		
1862	18.6200	-9	-32		
1863	18.6300	-8	-31		
1864	18.6400	-8	-29		
1865	18.6500	-7	-28		
1866	18.6600	-6	-26		
1867	18.6700	-6	-24		
1868	18.6800	-5	-22		
1869	18.6900	-5	-20		
1870	18.7000	-4	-18		
1871	18.7100	-3	-15		
1872	18.7200	-2	-13		
1873	18.7300	-2	-11		
1874	18.7400	-1	-8		
1875	18.7500	0	-6		
1876	18.7600	0	-3		
1877	18.7700	1	-1		
1878	18.7800	2	2		
1879	18.7900	2	4		
1880	18.8000	4	7		
1881	18.8100	4	9		
1882	18.8200	5	12		
1883	18.8300	5	14		
1884	18.8400	6	16		
1885	18.8500	6	18		
1886	18.8600	7	20		
1887	18.8700	8	22		
1888	18.8800	8	24		
1889	18.8900	8	26		
1890	18.9000	9	28		
1891	18.9100	9	30		
1892	18.9200	9	31		
1893	18.9300	10	33		
1894	18.9400	10	34		
1895	18.9500	10	35		
1896	18.9600	10	36		
1897	18.9700	10	37		
1898	18.9800	10	37		
1899	18.9900	10	38		
1900	19.0000	10	38		
1901	19.0100	10	38		
1902	19.0200	10	38		
1903	19.0300	10	38		
1904	19.0400	10	38		
1905	19.0500	10	37		
1906	19.0600	10	36		
1907	19.0700	10	36		
1908	19.0800	9	34		
1909	19.0900	9	34		
1910	19.1000	8	32		
1911	19.1100	8	31		
1912	19.1200	7	30		
1913	19.1300	6	28		
1914	19.1400	6	26		
1915	19.1500	5	24		
1916	19.1600	5	22		
1917	19.1700	4	20		
1918	19.1800	3	18		
1919	19.1900	2	16		
1920	19.2000	2	13		
1921	19.2100	1	11		
1922	19.2200	0	8		
1923	19.2300	0	6		
1924	19.2400	-1	4		
1925	19.2500	-2	1		
1926	19.2600	-2	-2		
1927	19.2700	-3	-4		
1928	19.2800	-4	-6		
1929	19.2900	-5	-9		
1930	19.3000	-6	-11		
1931	19.3100	-6	-14		
1932	19.3200	-7	-16		
1933	19.3300	-7	-18		
1934	19.3400	-8	-20		
1935	19.3500	-8	-22		
1936	19.3600	-8	-24		
1937	19.3700	-9	-26		
1938	19.3800	-10	-28		
1939	19.3900	-10	-30		
1940	19.4000	-10	-32		
1941	19.4100	-10	-33		
1942	19.4200	-10	-34		
1943	19.4300	-10	-35		
1944	19.4400	-10	-36		
1945	19.4500	-11	-37		
1946	19.4600	-11	-38		
1947	19.4700	-11	-38		
1948	19.4800	-11	-39		
1949	19.4900	-11	-39		
1950	19.5000	-11	-39		
1951	19.5100	-11	-39		
1952	19.5200	-10	-38		
1953	19.5300	-10	-38		
1954	19.5400	-10	-37		
1955	19.5500	-10	-36		
1956	19.5600	-10	-36		
1957	19.5700	-10	-34		
1958	19.5800	-9	-33		
1959	19.5900	-9	-32		
1960	19.6000	-8	-30		
1961	19.6100	-8	-29		
1962	19.6200	-7	-27		
1963	19.6300	-6	-25		
1964	19.6400	-6	-23		
1965	19.6500	-6	-21		
1966	19.6600	-5	-19		
1967	19.6700	-4	-17		
1968	19.6800	-3	-14		
1969	19.6900	-2	-12		
1970	19.7000	-2	-10		
1971	19.7100	-1	-7		
1972	19.7200	0	-5		
1973	19.7300	0	-2		
1974	19.7400	1	0		
1975	19.7500	2	2		
1976	19.7600	2	5		
1977	19.7700	3	8		
1978	19.7800	4	10		
1979	19.7900	5	12		
1980	19.8000	5	14		
1981	19.8100	6	17		
1982	19.8200	6	19		
1983	19.8300	7	21		
1984	19.8400	8	23		
1985	19.8500	8	25		
1986	19.8600	8	27		
1987	19.8700	9	28		
1988	19.8800	9	30		
1989	19.8900	9	32		
1990	19.9000	9	33		
1991	19.9100	10	34		
1992	19.9200	10	35		
1993	19.9300	10	36		
1994	19.9400	10	37		
1995	19.9500	10	37		
1996	19.9600	10	38		
1997	19.9700	10	38		
1998	19.9800	10	38		
1999	19.9900	10	38		
2000	20.0000	10	38		
2001	20.0100	10	37		
2002	20.0200	10	37		
2003	20.0300	10	36		
2004	20.0400	10	35		
2005	20.0500	9	34		
2006	20.0600	9	33		
2007	20.0700	8	32		
2008	20.0800	8	30		
2009	20.0900	7	29		
2010	20.1000	6	27		
2011	20.1100	6	25		
2012	20.1200	6	23		
2013	20.1300	5	21		
2014	20.1400	4	19		
2015	20.1500	3	17		
2016	20.1600	2	15		
2017	20.1700	2	12		
2018	20.1800	1	10		
2019	20.1900	0	8		
2020	20.2000	0	5		
2021	20.2100	-1	3		
2022	20.2200	-2	0		
2023	20.2300	-2	-2		
2024	20.2400	-3	-5		
2025	20.2500	-4	-7		
2026	20.2600	-5	-10		
2027	20.2700	-6	-12		
2028	20.2800	-6	-14		
2029	20.2900	-6	-16		
2030	20.3000	-7	-19		
2031	20.3100	-8	-21		
2032	20.3200	-8	-23		
2033	20.3300	-8	-25		
2034	20.3400	-9	-26		
2035	20.3500	-10	-28		
2036	20.3600	-10	-30		
2037	20.3700	-10	-32		
2038	20.3800	-10	-33		
2039	20.3900	-10	-34		
2040	20.4000	-10	-35		
2041	20.4100	-10	-36		
2042	20.4200	-10	-37		
2043	20.4300	-11	-38		
2044	20.4400	-11	-38		
2045	20.4500	-11	-38		
2046	20.4600	-11	-38		
2047	20.4700	-11	-38		
2048	20.4800	-10	-38		
2049	20.4900	-10	-38		
2050	20.5000	-10	-37		
2051	20.5100	-10	-37		
2052	20.5200	-10	-36		
2053	20.5300	-10	-35		
2054	20.5400	-10	-34		
2055	20.5500	-9	-32		
2056	20.5600	-9	-31		
2057	20.5700	-8	-30		
2058	20.5800	-8	-28		
2059	20.5900	-7	-26		
2060	20.6000	-7	-24		
2061	20.6100	-6	-22		
2062	20.6200	-6	-20		
2063	20.6300	-5	-18		
2064	20.6400	-4	-16		
2065	20.6500	-4	-14		
2066	20.6600	-2	-12		
2067	20.6700	-2	-9		
2068	20.6800	-1	-7		
2069	20.6900	0	-4		
2070	20.7000	0	-2		
2071	20.7100	1	0		
2072	20.7200	2	3		
2073	20.7300	2	6		
2074	20.7400	3	8		
2075	20.7500	4	10		
2076	20.7600	4	12		
2077	20.7700	5	15		
2078	20.7800	6	17		
2079	20.7900	6	19		
2080	20.8000	7	21		
2081	20.8100	7	23		
2082	20.8200	8	25		
2083	20.8300	8	27		
2084	20.8400	9	28		
2085	20.8500	9	30		
2086	20.8600	9	31		
2087	20.8700	9	32		
2088	20.8800	10	34		
2089	20.8900	10	34		
2090	20.9000	10	36		
2091	20.9100	10	36		
2092	20.9200	10	37		
2093	20.9300	10	37		
2094	20.9400	10	37		
2095	20.9500	10	37		
2096	20.9600	10	37		
2097	20.9700	10	37		
2098	20.9800	10	36		
2099	20.9900	10	36		
2100	21.0000	10	35		
2101	21.0100	10	34		
2102	21.0200	10	33		
2103	21.0300	9	32		
2104	21.0400	8	31		
2105	21.0500	8	30		
2106	21.0600	7	28		
2107	21.0700	6	26		
2108	21.0800	6	24		
2109	21.0900	6	22		
2110	21.1000	5	20		
2111	21.1100	4	18		
2112	21.1200	4	16		
2113	21.1300	2	14		
2114	21.1400	2	12		
2115	21.1500	1	10		
2116	21.1600	0	7		
2117	21.1700	0	5		
2118	21.1800	-1	2		
2119	21.1900	-2	0		
2120	21.2000	-2	-2		
2121	21.2100	-3	-5		
2122	21.2200	-4	-7		
2123	21.2300	-5	-10		
2124	21.2400	-5	-12		
2125	21.2500	-6	-14		
2126	21.2600	-6	-16		
2127	21.2700	-7	-18		
2128	21.2800	-8	-20		
2129	21.2900	-8	-22		
2130	21.3000	-8	-24		
2131	21.3100	-9	-26		
2132	21.3200	-10	-28		
2133	21.3300	-10	-30		
2134	21.3400	-10	-31		
2135	21.3500	-10	-32		
2136	21.3600	-10	-34		
2137	21.3700	-10	-34		
2138	21.3800	-10	-35		
2139	21.3900	-10	-36		
2140	21.4000	-11	-37		
2141	21.4100	-11	-37		
2142	21.4200	-11	-38		
2143	21.4300	-11	-38		
2144	21.4400	-11	-38		
2145	21.4500	-10	-38		
2146	21.4600	-10	-37		
2147	21.4700	-10	-36		
2148	21.4800	-10	-36		
2149	21.4900	-10	-35		
2150	21.5000	-10	-34		
2151	21.5100	-10	-33		
2152	21.5200	-10	-32		
2153	21.5300	-9	-30		
2154	21.5400	-8	-29		
2155	21.5500	-8	-28		
2156	21.5600	-7	-26		
2157	21.5700	-7	-24		
2158	21.5800	-6	-22		
2159	21.5900	-6	-20		
2160	21.6000	-5	-18		
2161	21.6100	-4	-16		
2162	21.6200	-4	-14		
2163	21.6300	-3	-11		
2164	21.6400	-2	-9		
2165	21.6500	-1	-7		
2166	21.6600	0	-4		
2167	21.6700	0	-2		
2168	21.6800	1	0		
2169	21.6900	2	3		
2170	21.7000	2	5		
2171	21.7100	3	8		
2172	21.7200	4	10		
2173	21.7300	4	12		
2174	21.7400	5	14		
2175	21.7500	6	16		
2176	21.7600	6	18		
2177	21.7700	6	21		
2178	21.7800	7	22		
2179	21.7900	8	24		
2180	21.8000	8	26		
2181	21.8100	9	28		
2182	21.8200	9	29		
2183	21.8300	9	30		
2184	21.8400	9	32		
2185	21.8500	10	33		
2186	21.8600	10	34		
2187	21.8700	10	34		
2188	21.8800	10	35		
2189	21.8900	10	36		
2190	21.9000	10	36		
2191	21.9100	10	36		
2192	21.9200	10	36		
2193	21.9300	10	36		
2194	21.9400	10	36		
2195	21.9500	10	36		
2196	21.9600	10	35		
2197	21.9700	10	34		
2198	21.9800	10	34		
2199	21.9900	10	32		
2200	22.0000	9	32		
2201	22.0100	8	30		
2202	22.0200	8	29		
2203	22.0300	7	27		
2204	22.0400	6	26		
2205	22.0500	6	24		
2206	22.0600	6	22		
2207	22.0700	5	20		
2208	22.0800	4	18		
2209	22.0900	4	16		
2210	22.1000	3	14		
2211	22.1100	2	12		
2212	22.1200	1	10		
2213	22.1300	0	8		
2214	22.1400	0	5		
2215	22.1500	-1	3		
2216	22.1600	-2	0		
2217	22.1700	-2	-2		
2218	22.1800	-3	-4		
2219	22.1900	-4	-7		
2220	22.2000	-4	-9		
2221	22.2100	-5	-11		
2222	22.2200	-6	-14		
2223	22.2300	-6	-16		
2224	22.2400	-7	-18		
2225	22.2500	-7	-20		
2226	22.2600	-8	-22		
2227	22.2700	-8	-24		
2228	22.2800	-9	-25		
2229	22.2900	-9	-27		
2230	22.3000	-10	-28		
2231	22.3100	-10	-30		
2232	22.3200	-10	-31		
2233	22.3300	-10	-32		
2234	22.3400	-10	-34		
2235	22.3500	-10	-34		
2236	22.3600	-10	-35		
2237	22.3700	-10	-36		
2238	22.3800	-11	-36		
2239	22.3900	-11	-36		
2240	22.4000	-11	-37		
2241	22.4100	-11	-37		
2242	22.4200	-10	-36		
2243	22.4300	-10	-36		
2244	22.4400	-10	-36		
2245	22.4500	-10	-35		
2246	22.4600	-10	-34		
2247	22.4700	-10	-34		
2248	22.4800	-10	-32		
2249	22.4900	-10	-31		
2250	22.5000	-9	-30		
2251	22.5100	-8	-28		
2252	22.5200	-8	-27		
2253	22.5300	-7	-26		
2254	22.5400	-7	-24		
2255	22.5500	-6	-22		
2256	22.5600	-6	-20		
2257	22.5700	-5	-18		
2258	22.5800	-4	-16		
2259	22.5900	-4	-14		
2260	22.6000	-3	-12		
2261	22.6100	-2	-9		
2262	22.6200	-1	-7		
2263	22.6300	0	-5		
2264	22.6400	0	-2		
2265	22.6500	1	0		
2266	22.6600	2	2		
2267	22.6700	2	4		
2268	22.6800	3	7		
2269	22.6900	4	9		
2270	22.7000	4	11		
2271	22.7100	5	14		
2272	22.7200	6	16		
2273	22.7300	6	18		
2274	22.7400	6	20		
2275	22.7500	7	22		
2276	22.7600	8	23		
2277	22.7700	8	25		
2278	22.7800	8	27		
2279	22.7900	9	28		
2280	22.8000	9	30		
2281	22.8100	9	31		
2282	22.8200	10	32		
2283	22.8300	10	33		
2284	22.8400	10	34		
2285	22.8500	10	34		
2286	22.8600	10	35		
2287	22.8700	10	35		
2288	22.8800	10	36		
2289	22.8900	10	36		
2290	22.9000	10	36		
2291	22.9100	10	36		
2292	22.9200	10	35		
2293	22.9300	10	34		
2294	22.9400	10	34		
2295	22.9500	10	33		
2296	22.9600	10	32		
2297	22.9700	9	31		
2298	22.9800	8	30		
2299	22.9900	8	29		
2300	23.0000	7	27		
2301	23.0100	6	26		
2302	23.0200	6	24		
2303	23.0300	6	22		
2304	23.0400	5	20		
2305	23.0500	4	19		
2306	23.0600	4	17		
2307	23.0700	3	14		
2308	23.0800	2	12		
2309	23.0900	1	10		
2310	23.1000	0	8		
2311	23.1100	0	6		
2312	23.1200	-1	4		
2313	23.1300	-2	1		
2314	23.1400	-2	-1		
2315	23.1500	-3	-4		
2316	23.1600	-4	-6		
2317	23.1700	-4	-8		
2318	23.1800	-5	-10		
2319	23.1900	-6	-12		
2320	23.2000	-6	-14		
2321	23.2100	-7	-17		
2322	23.2200	-7	-19		
2323	23.2300	-8	-20		
2324	23.2400	-8	-22		
2325	23.2500	-9	-24		
2326	23.2600	-9	-26		
2327	23.2700	-10	-28		
2328	23.2800	-10	-29		
2329	23.2900	-10	-30		
2330	23.3000	-10	-32		
2331	23.3100	-10	-32		
2332	23.3200	-10	-34		
2333	23.3300	-10	-34		
2334	23.3400	-10	-35		
2335	23.3500	-11	-36		
2336	23.3600	-11	-36		
2337	23.3700	-11	-36		
2338	23.3800	-11	-36		
2339	23.3900	-10	-36		
2340	23.4000	-10	-36		
2341	23.4100	-10	-36		
2342	23.4200	-10	-35		
2343	23.4300	-10	-34		
2344	23.4400	-10	-33		
2345	23.4500	-10	-32		
2346	23.4600	-10	-31		
2347	23.4700	-9	-30		
2348	23.4800	-8	-29		
2349	23.4900	-8	-27		
2350	23.5000	-7	-26		
2351	23.5100	-7	-24		
2352	23.5200	-6	-22		
2353	23.5300	-6	-20		
2354	23.5400	-5	-18		
2355	23.5500	-4	-16		
2356	23.5600	-4	-14		
2357	23.5700	-3	-12		
2358	23.5800	-2	-10		
2359	23.5900	-2	-8		
2360	23.6000	-1	-6		
2361	23.6100	0	-3		
2362	23.6200	1	-1		
2363	23.6300	1	1		
2364	23.6400	2	4		
2365	23.6500	3	6		
2366	23.6600	4	8		
2367	23.6700	4	10		
2368	23.6800	5	12		
2369	23.6900	6	14		
2370	23.7000	6	16		
2371	23.7100	6	18		
2372	23.7200	7	20		
2373	23.7300	8	22		
2374	23.7400	8	24		
2375	23.7500	8	26		
2376	23.7600	9	27		
2377	23.7700	9	29		
2378	23.7800	10	30		
2379	23.7900	10	31		
2380	23.8000	10	32		
2381	23.8100	10	33		
2382	23.8200	10	34		
2383	23.8300	10	34		
2384	23.8400	10	35		
2385	23.8500	10	35		
2386	23.8600	10	35		
2387	23.8700	10	35		
2388	23.8800	10	35		
2389	23.8900	10	35		
2390	23.9000	10	34		
2391	23.9100	10	34		
2392	23.9200	10	33		
2393	23.9300	10	32		
2394	23.9400	9	32		
2395	23.9500	9	30		
2396	23.9600	8	29		
2397	23.9700	7	28		
2398	23.9800	6	26		
2399	23.9900	6	24		
2400	24.0000	6	23		
2401	24.0100	5	21		
2402	24.0200	4	19		
2403	24.0300	4	17		
2404	24.0400	3	15		
2405	24.0500	2	13		
2406	24.0600	1	11		
2407	24.0700	0	9		
2408	24.0800	0	7		
2409	24.0900	-1	4		
2410	24.1000	-1	2		
2411	24.1100	-2	0		
2412	24.1200	-3	-2		
2413	24.1300	-4	-5		
2414	24.1400	-4	-7		
2415	24.1500	-5	-9		
2416	24.1600	-6	-12		
2417	24.1700	-6	-14		
2418	24.1800	-7	-16		
2419	24.1900	-7	-18		
2420	24.2000	-8	-20		
2421	24.2100	-8	-22		
2422	24.2200	-9	-24		
2423	24.2300	-9	-25		
2424	24.2400	-10	-27		
2425	24.2500	-10	-28		
2426	24.2600	-10	-30		
2427	24.2700	-10	-31		
2428	24.2800	-10	-32		
2429	24.2900	-10	-33		
2430	24.3000	-10	-34		
2431	24.3100	-10	-34		
2432	24.3200	-10	-35		
2433	24.3300	-11	-36		
2434	24.3400	-11	-36		
2435	24.3500	-11	-36		
2436	24.3600	-11	-36		
2437	24.3700	-10	-36		
2438	24.3800	-10	-36		
2439	24.3900	-10	-35		
2440	24.4000	-10	-34		
2441	24.4100	-10	-34		
2442	24.4200	-10	-33		
2443	24.4300	-10	-32		
2444	24.4400	-9	-30		
2445	24.4500	-8	-29		
2446	24.4600	-8	-28		
2447	24.4700	-7	-26		
2448	24.4800	-7	-25		
2449	24.4900	-6	-23		
2450	24.5000	-6	-21		
2451	24.5100	-5	-19		
2452	24.5200	-4	-17		
2453	24.5300	-4	-15		
2454	24.5400	-3	-13		
2455	24.5500	-2	-11		
2456	24.5600	-2	-9		
2457	24.5700	-1	-6		
2458	24.5800	0	-4		
2459	24.5900	0	-2		
2460	24.6000	1	0		
2461	24.6100	2	2		
2462	24.6200	2	5		
2463	24.6300	4	7		
2464	24.6400	4	9		
2465	24.6500	5	12		
2466	24.6600	6	14		
2467	24.6700	6	16		
2468	24.6800	6	18		
2469	24.6900	7	20		
2470	24.7000	8	22		
2471	24.7100	8	24		
2472	24.7200	8	25		
2473	24.7300	9	27		
2474	24.7400	9	28		
2475	24.7500	10	30		
2476	24.7600	10	31		
2477	24.7700	10	32		
2478	24.7800	10	33		
2479	24.7900	10	34		
2480	24.8000	10	34		
2481	24.8100	10	35		
2482	24.8200	10	35		
2483	24.8300	10	35		
2484	24.8400	10	36		
2485	24.8500	10	35		
2486	24.8600	10	35		
2487	24.8700	10	35		
2488	24.8800	10	34		
2489	24.8900	10	34		
2490	24.9000	10	33		
2491	24.9100	9	32		
2492	24.9200	9	31		
2493	24.9300	8	30		
2494	24.9400	8	28		
2495	24.9500	7	27		
2496	24.9600	6	25		
2497	24.9700	6	24		
2498	24.9800	5	22		
2499	24.9900	5	20		
2500	25.0000	4	18		
2501	25.0100	3	16		
2502	25.0200	2	14		
2503	25.0300	2	12		
2504	25.0400	1	10		
2505	25.0500	0	8		
2506	25.0600	0	5		
2507	25.0700	-1	3		
2508	25.0800	-2	0		
2509	25.0900	-3	-2		
2510	25.1000	-4	-4		
2511	25.1100	-4	-6		
2512	25.1200	-5	-8		
2513	25.1300	-6	-11		
2514	25.1400	-6	-13		
2515	25.1500	-7	-15		
2516	25.1600	-7	-17		
2517	25.1700	-8	-19		
2518	25.1800	-8	-21		
2519	25.1900	-9	-23		
2520	25.2000	-9	-25		
2521	25.2100	-10	-26		
2522	25.2200	-10	-28		
2523	25.2300	-10	-30		
2524	25.2400	-10	-31		
2525	25.2500	-10	-32		
2526	25.2600	-10	-33		
2527	25.2700	-10	-34		
2528	25.2800	-10	-35		
2529	25.2900	-10	-35		
2530	25.3000	-11	-36		
2531	25.3100	-11	-36		
2532	25.3200	-11	-36		
2533	25.3300	-11	-36		
2534	25.3400	-10	-36		
2535	25.3500	-10	-36		
2536	25.3600	-10	-36		
2537	25.3700	-10	-35		
2538	25.3800	-10	-34		
2539	25.3900	-10	-34		
2540	25.4000	-10	-32		
2541	25.4100	-9	-31		
2542	25.4200	-9	-30		
2543	25.4300	-8	-29		
2544	25.4400	-8	-27		
2545	25.4500	-7	-26		
2546	25.4600	-6	-24		
2547	25.4700	-6	-22		
2548	25.4800	-6	-20		
2549	25.4900	-5	-18		
2550	25.5000	-4	-16		
2551	25.5100	-3	-14		
2552	25.5200	-2	-12		
2553	25.5300	-2	-10		
2554	25.5400	-1	-7		
2555	25.5500	0	-5		
2556	25.5600	0	-3		
2557	25.5700	1	0		
2558	25.5800	2	2		
2559	25.5900	2	4		
2560	25.6000	3	6		
2561	25.6100	4	9		
2562	25.6200	5	11		
2563	25.6300	6	13		
2564	25.6400	6	15		
2565	25.6500	6	18		
2566	25.6600	7	20		
2567	25.6700	7	21		
2568	25.6800	8	23		
2569	25.6900	8	25		
2570	25.7000	9	26		
2571	25.7100	9	28		
2572	25.7200	10	30		
2573	25.7300	10	31		
2574	25.7400	10	32		
2575	25.7500	10	33		
2576	25.7600	10	34		
2577	25.7700	10	34		
2578	25.7800	10	35		
2579	25.7900	10	36		
2580	25.8000	10	36		
2581	25.8100	10	36		
2582	25.8200	10	36		
2583	25.8300	10	36		
2584	25.8400	10	35		
2585	25.8500	10	35		
2586	25.8600	10	34		
2587	25.8700	10	34		
2588	25.8800	9	32		
2589	25.8900	9	32		
2590	25.9000	8	30		
2591	25.9100	8	29		
2592	25.9200	7	28		
2593	25.9300	6	26		
2594	25.9400	6	24		
2595	25.9500	5	23		
2596	25.9600	5	21		
2597	25.9700	4	19		
2598	25.9800	3	17		
2599	25.9900	2	15		
2600	26.0000	2	13		
2601	26.0100	1	10		
2602	26.0200	0	8		
2603	26.0300	0	6		
2604	26.0400	-1	4		
2605	26.0500	-2	1		
2606	26.0600	-2	-1		
2607	26.0700	-4	-4		
2608	26.0800	-4	-6		
2609	26.0900	-5	-8		
2610	26.1000	-6	-10		
2611	26.1100	-6	-12		
2612	26.1200	-6	-15		
2613	26.1300	-7	-17		
2614	26.1400	-8	-19		
2615	26.1500	-8	-21		
2616	26.1600	-9	-23		
2617	26.1700	-9	-24		
2618	26.1800	-10	-26		
2619	26.1900	-10	-28		
2620	26.2000	-10	-29		
2621	26.2100	-10	-31		
2622	26.2200	-10	-32		
2623	26.2300	-10	-33		
2624	26.2400	-10	-34		
2625	26.2500	-10	-35		
2626	26.2600	-10	-36		
2627	26.2700	-11	-36		
2628	26.2800	-11	-36		
2629	26.2900	-11	-37		
2630	26.3000	-11	-37		
2631	26.3100	-10	-37		
2632	26.3200	-10	-36		
2633	26.3300	-10	-36		
2634	26.3400	-10	-36		
2635	26.3500	-10	-35		
2636	26.3600	-10	-34		
2637	26.3700	-10	-33		
2638	26.3800	-10	-32		
2639	26.3900	-9	-31		
2640	26.4000	-8	-29		
2641	26.4100	-8	-28		
2642	26.4200	-7	-26		
2643	26.4300	-6	-24		
2644	26.4400	-6	-23		
2645	26.4500	-6	-21		
2646	26.4600	-5	-19		
2647	26.4700	-4	-17		
2648	26.4800	-3	-15		
2649	26.4900	-2	-12		
2650	26.5000	-2	-10		
2651	26.5100	-1	-8		
2652	26.5200	0	-6		
2653	26.5300	0	-3		
2654	26.5400	1	-1		
2655	26.5500	2	2		
2656	26.5600	2	4		
2657	26.5700	3	6		
2658	26.5800	4	8		
2659	26.5900	4	11		
2660	26.6000	5	13		
2661	26.6100	6	15		
2662	26.6200	6	18		
2663	26.6300	7	20		
2664	26.6400	7	21		
2665	26.6500	8	23		
2666	26.6600	8	25		
2667	26.6700	9	26		
2668	26.6800	9	28		
2669	26.6900	10	30		
2670	26.7000	10	31		
2671	26.7100	10	32		
2672	26.7200	10	33		
2673	26.7300	10	34		
2674	26.7400	10	35		
2675	26.7500	10	35		
2676	26.7600	10	36		
2677	26.7700	10	36		
2678	26.7800	10	36		
2679	26.7900	10	36		
2680	26.8000	10	36		
2681	26.8100	10	36		
2682	26.8200	10	36		
2683	26.8300	10	35		
2684	26.8400	10	34		
2685	26.8500	10	33		
2686	26.8600	9	32		
2687	26.8700	8	31		
2688	26.8800	8	30		
2689	26.8900	7	28		
2690	26.9000	6	27		
2691	26.9100	6	25		
2692	26.9200	5	23		
2693	26.9300	5	22		
2694	26.9400	4	20		
2695	26.9500	3	18		
2696	26.9600	2	15		
2697	26.9700	2	13		
2698	26.9800	1	11		
2699	26.9900	0	9		
2700	27.0000	0	6		
2701	27.0100	-1	4		
2702	27.0200	-2	2		
2703	27.0300	-2	-1		
2704	27.0400	-3	-3		
2705	27.0500	-4	-6		
2706	27.0600	-5	-8		
2707	27.0700	-5	-10		
2708	27.0800	-6	-12		
2709	27.0900	-6	-15		
2710	27.1000	-7	-17		
2711	27.1100	-8	-19		
2712	27.1200	-8	-21		
2713	27.1300	-8	-23		
2714	27.1400	-9	-25		
2715	27.1500	-9	-26		
2716	27.1600	-10	-28		
2717	27.1700	-10	-30		
2718	27.1800	-10	-31		
2719	27.1900	-10	-32		
2720	27.2000	-10	-34		
2721	27.2100	-10	-34		
2722	27.2200	-10	-35		
2723	27.2300	-10	-36		
2724	27.2400	-11	-36		
2725	27.2500	-11	-37		
2726	27.2600	-11	-37		
2727	27.2700	-11	-37		
2728	27.2800	-10	-37		
2729	27.2900	-10	-37		
2730	27.3000	-10	-36		
2731	27.3100	-10	-36		
2732	27.3200	-10	-35		
2733	27.3300	-10	-34		
2734	27.3400	-10	-34		
2735	27.3500	-10	-32		
2736	27.3600	-9	-31		
2737	27.3700	-8	-30		
2738	27.3800	-8	-28		
2739	27.3900	-7	-27		
2740	27.4000	-6	-25		
2741	27.4100	-6	-23		
2742	27.4200	-6	-21		
2743	27.4300	-5	-19		
2744	27.4400	-4	-17		
2745	27.4500	-4	-15		
2746	27.4600	-2	-13		
2747	27.4700	-2	-10		
2748	27.4800	-1	-8		
2749	27.4900	0	-6		
2750	27.5000	0	-4		
2751	27.5100	1	-1		
2752	27.5200	2	1		
2753	27.5300	2	4		
2754	27.5400	3	6		
2755	27.5500	4	8		
2756	27.5600	4	10		
2757	27.5700	5	13		
2758	27.5800	6	15		
2759	27.5900	6	17		
2760	27.6000	7	19		
2761	27.6100	7	21		
2762	27.6200	8	23		
2763	27.6300	8	25		
2764	27.6400	9	27		
2765	27.6500	9	28		
2766	27.6600	9	30		
2767	27.6700	10	31		
2768	27.6800	10	32		
2769	27.6900	10	34		
2770	27.7000	10	34		
2771	27.7100	10	35		
2772	27.7200	10	36		
2773	27.7300	10	36		
2774	27.7400	10	37		
2775	27.7500	10	37		
2776	27.7600	10	37		
2777	27.7700	10	37		
2778	27.7800	10	36		
2779	27.7900	10	36		
2780	27.8000	10	35		
2781	27.8100	10	34		
2782	27.8200	10	34		
2783	27.8300	9	32		
2784	27.8400	8	32		
2785	27.8500	8	30		
2786	27.8600	7	29		
2787	27.8700	6	27		
2788	27.8800	6	26		
2789	27.8900	6	24		
2790	27.9000	5	22		
2791	27.9100	4	20		
2792	27.9200	4	18		
2793	27.9300	3	16		
2794	27.9400	2	13		
2795	27.9500	1	11		
2796	27.9600	0	9		
2797	27.9700	0	6		
2798	27.9800	-1	4		
2799	27.9900	-2	2		
2800	28.0000	-2	-1		
2801	28.0100	-3	-3		
2802	28.0200	-4	-6		
2803	28.0300	-4	-8		
2804	28.0400	-5	-10		
2805	28.0500	-6	-12		
2806	28.0600	-6	-15		
2807	28.0700	-7	-17		
2808	28.0800	-8	-19		
2809	28.0900	-8	-21		
2810	28.1000	-8	-23		
2811	28.1100	-9	-25		
2812	28.1200	-9	-27		
2813	28.1300	-10	-28		
2814	28.1400	-10	-30		
2815	28.1500	-10	-31		
2816	28.1600	-10	-32		
2817	28.1700	-10	-34		
2818	28.1800	-10	-35		
2819	28.1900	-10	-36		
2820	28.2000	-10	-36		
2821	28.2100	-11	-37		
2822	28.2200	-11	-37		
2823	28.2300	-11	-38		
2824	28.2400	-11	-38		
2825	28.2500	-11	-38		
2826	28.2600	-10	-37		
2827	28.2700	-10	-37		
2828	28.2800	-10	-36		
2829	28.2900	-10	-36		
2830	28.3000	-10	-35		
