#	time(s)	count A	count B	count C	count D
1	0.0100	-10	-2		
2	0.0200	-10	-2		
3	0.0300	-10	-3		
4	0.0400	-10	-3		
5	0.0500	-10	-4		
6	0.0600	-10	-4		
7	0.0700	-10	-4		
8	0.0800	-10	-4		
9	0.0900	-10	-5		
10	0.1000	-9	-5		
11	0.1100	-8	-6		
12	0.1200	-8	-6		
13	0.1300	-6	-6		
14	0.1400	-5	-7		
15	0.1500	-4	-7		
16	0.1600	-3	-8		
17	0.1700	-2	-8		
18	0.1800	-1	-8		
19	0.1900	0	-8		
20	0.2000	1	-8		
21	0.2100	2	-8		
22	0.2200	4	-8		
23	0.2300	4	-8		
24	0.2400	6	-8		
25	0.2500	6	-8		
26	0.2600	7	-8		
27	0.2700	8	-8		
28	0.2800	8	-8		
29	0.2900	9	-8		
30	0.3000	9	-7		
31	0.3100	10	-6		
32	0.3200	10	-6		
33	0.3300	10	-5		
34	0.3400	10	-4		
35	0.3500	10	-4		
36	0.3600	10	-3		
37	0.3700	10	-2		
38	0.3800	10	-2		
39	0.3900	10	0		
40	0.4000	9	0		
41	0.4100	8	2		
42	0.4200	7	2		
43	0.4300	6	4		
44	0.4400	4	4		
45	0.4500	3	5		
46	0.4600	2	6		
47	0.4700	2	7		
48	0.4800	1	8		
49	0.4900	0	9		
50	0.5000	-2	10		
51	0.5100	-3	10		
52	0.5200	-4	11		
53	0.5300	-6	12		
54	0.5400	-6	12		
55	0.5500	-7	13		
56	0.5600	-8	13		
57	0.5700	-8	13		
58	0.5800	-9	14		
59	0.5900	-10	14		
60	0.6000	-10	14		
61	0.6100	-10	13		
62	0.6200	-10	13		
63	0.6300	-10	13		
64	0.6400	-10	12		
65	0.6500	-10	12		
66	0.6600	-10	11		
67	0.6700	-10	10		
68	0.6800	-10	10		
69	0.6900	-10	9		
70	0.7000	-10	8		
71	0.7100	-9	7		
72	0.7200	-8	6		
73	0.7300	-8	5		
74	0.7400	-6	4		
75	0.7500	-5	2		
76	0.7600	-4	1		
77	0.7700	-3	0		
78	0.7800	-2	-2		
79	0.7900	-1	-3		
80	0.8000	0	-4		
81	0.8100	1	-5		
82	0.8200	2	-6		
83	0.8300	4	-8		
84	0.8400	4	-8		
85	0.8500	6	-10		
86	0.8600	6	-10		
87	0.8700	7	-11		
88	0.8800	8	-12		
89	0.8900	8	-13		
90	0.9000	9	-14		
91	0.9100	10	-14		
92	0.9200	10	-14		
93	0.9300	10	-15		
94	0.9400	10	-15		
95	0.9500	10	-15		
96	0.9600	10	-15		
97	0.9700	10	-15		
98	0.9800	10	-14		
99	0.9900	10	-14		
100	1.0000	10	-14		
101	1.0100	9	-13		
102	1.0200	8	-12		
103	1.0300	7	-12		
104	1.0400	6	-11		
105	1.0500	4	-10		
106	1.0600	4	-9		
107	1.0700	3	-8		
108	1.0800	2	-7		
109	1.0900	1	-6		
110	1.1000	0	-5		
111	1.1100	-2	-4		
112	1.1200	-3	-3		
113	1.1300	-4	-2		
114	1.1400	-6	0		
115	1.1500	-6	0		
116	1.1600	-7	2		
117	1.1700	-8	2		
118	1.1800	-8	4		
119	1.1900	-9	4		
120	1.2000	-10	6		
121	1.2100	-10	6		
122	1.2200	-10	7		
123	1.2300	-10	8		
124	1.2400	-10	8		
125	1.2500	-10	9		
126	1.2600	-10	10		
127	1.2700	-10	10		
128	1.2800	-10	10		
129	1.2900	-10	10		
130	1.3000	-10	10		
131	1.3100	-10	11		
132	1.3200	-9	11		
133	1.3300	-8	10		
134	1.3400	-8	10		
135	1.3500	-6	10		
136	1.3600	-5	10		
137	1.3700	-4	9		
138	1.3800	-3	9		
139	1.3900	-2	8		
140	1.4000	-1	8		
141	1.4100	0	7		
142	1.4200	1	6		
143	1.4300	2	6		
144	1.4400	4	5		
145	1.4500	5	4		
146	1.4600	6	4		
147	1.4700	6	3		
148	1.4800	7	2		
149	1.4900	8	2		
150	1.5000	8	1		
151	1.5100	9	0		
152	1.5200	10	0		
153	1.5300	10	-1		
154	1.5400	10	-1		
155	1.5500	10	-2		
156	1.5600	10	-2		
157	1.5700	10	-3		
158	1.5800	10	-3		
159	1.5900	10	-4		
160	1.6000	10	-4		
161	1.6100	10	-4		
162	1.6200	9	-4		
163	1.6300	8	-4		
164	1.6400	7	-4		
165	1.6500	6	-4		
166	1.6600	4	-4		
167	1.6700	4	-4		
168	1.6800	3	-4		
169	1.6900	2	-4		
170	1.7000	1	-4		
171	1.7100	0	-4		
172	1.7200	-2	-4		
173	1.7300	-3	-4		
174	1.7400	-4	-3		
175	1.7500	-5	-3		
176	1.7600	-6	-3		
177	1.7700	-7	-3		
178	1.7800	-8	-2		
179	1.7900	-8	-2		
180	1.8000	-9	-2		
181	1.8100	-10	-2		
182	1.8200	-10	-2		
183	1.8300	-10	-2		
184	1.8400	-10	-2		
185	1.8500	-10	-2		
186	1.8600	-10	-2		
187	1.8700	-10	-2		
188	1.8800	-10	-2		
189	1.8900	-10	-2		
190	1.9000	-10	-2		
191	1.9100	-10	-2		
192	1.9200	-10	-2		
193	1.9300	-9	-2		
194	1.9400	-8	-3		
195	1.9500	-8	-3		
196	1.9600	-6	-3		
197	1.9700	-6	-3		
198	1.9800	-4	-4		
199	1.9900	-3	-4		
200	2.0000	-2	-4		
201	2.0100	-1	-4		
202	2.0200	0	-4		
203	2.0300	1	-4		
204	2.0400	2	-4		
205	2.0500	3	-4		
206	2.0600	4	-4		
207	2.0700	6	-4		
208	2.0800	6	-4		
209	2.0900	7	-4		
210	2.1000	8	-4		
211	2.1100	8	-4		
212	2.1200	9	-4		
213	2.1300	10	-4		
214	2.1400	10	-3		
215	2.1500	10	-3		
216	2.1600	10	-2		
217	2.1700	10	-2		
218	2.1800	10	-2		
219	2.1900	10	-1		
220	2.2000	10	0		
221	2.2100	10	0		
222	2.2200	10	1		
223	2.2300	9	2		
224	2.2400	8	2		
225	2.2500	7	3		
226	2.2600	6	4		
227	2.2700	5	4		
228	2.2800	4	5		
229	2.2900	3	6		
230	2.3000	2	6		
231	2.3100	1	7		
232	2.3200	0	8		
233	2.3300	-1	8		
234	2.3400	-3	8		
235	2.3500	-4	9		
236	2.3600	-5	9		
237	2.3700	-6	10		
238	2.3800	-7	10		
239	2.3900	-8	10		
240	2.4000	-8	10		
241	2.4100	-9	10		
242	2.4200	-10	10		
243	2.4300	-10	10		
244	2.4400	-10	10		
245	2.4500	-10	10		
246	2.4600	-10	9		
247	2.4700	-10	8		
248	2.4800	-10	8		
249	2.4900	-10	8		
250	2.5000	-10	7		
251	2.5100	-10	6		
252	2.5200	-10	5		
253	2.5300	-10	4		
254	2.5400	-9	4		
255	2.5500	-8	2		
256	2.5600	-8	2		
257	2.5700	-7	0		
258	2.5800	-6	-1		
259	2.5900	-4	-2		
260	2.6000	-4	-3		
261	2.6100	-2	-4		
262	2.6200	-2	-5		
263	2.6300	0	-6		
264	2.6400	1	-7		
265	2.6500	2	-8		
266	2.6600	3	-9		
267	2.6700	4	-10		
268	2.6800	5	-10		
269	2.6900	6	-11		
270	2.7000	7	-12		
271	2.7100	8	-12		
272	2.7200	8	-12		
273	2.7300	9	-13		
274	2.7400	9	-13		
275	2.7500	10	-13		
276	2.7600	10	-13		
277	2.7700	10	-13		
278	2.7800	10	-13		
279	2.7900	10	-13		
280	2.8000	10	-12		
281	2.8100	10	-12		
282	2.8200	10	-12		
283	2.8300	10	-11		
284	2.8400	9	-10		
285	2.8500	8	-10		
286	2.8600	7	-9		
287	2.8700	6	-8		
288	2.8800	5	-7		
289	2.8900	4	-6		
290	2.9000	3	-5		
291	2.9100	2	-4		
292	2.9200	1	-3		
293	2.9300	0	-2		
294	2.9400	-1	0		
295	2.9500	-3	1		
296	2.9600	-4	2		
297	2.9700	-5	3		
298	2.9800	-6	4		
299	2.9900	-7	5		
300	3.0000	-8	6		
301	3.0100	-8	6		
302	3.0200	-9	8		
303	3.0300	-10	8		
304	3.0400	-10	9		
305	3.0500	-10	10		
306	3.0600	-11	10		
307	3.0700	-10	10		
308	3.0800	-10	11		
309	3.0900	-10	11		
310	3.1000	-10	11		
311	3.1100	-10	11		
312	3.1200	-10	11		
313	3.1300	-10	11		
314	3.1400	-10	11		
315	3.1500	-9	11		
316	3.1600	-8	10		
317	3.1700	-8	10		
318	3.1800	-6	10		
319	3.1900	-6	9		
320	3.2000	-4	8		
321	3.2100	-4	8		
322	3.2200	-2	7		
323	3.2300	-2	6		
324	3.2400	0	5		
325	3.2500	1	4		
326	3.2600	2	4		
327	3.2700	3	3		
328	3.2800	4	2		
329	3.2900	6	1		
330	3.3000	6	0		
331	3.3100	7	0		
332	3.3200	8	-2		
333	3.3300	8	-2		
334	3.3400	9	-3		
335	3.3500	9	-4		
336	3.3600	10	-4		
337	3.3700	10	-5		
338	3.3800	10	-5		
339	3.3900	10	-6		
340	3.4000	10	-6		
341	3.4100	10	-6		
342	3.4200	10	-6		
343	3.4300	10	-7		
344	3.4400	10	-7		
345	3.4500	9	-7		
346	3.4600	8	-7		
347	3.4700	8	-7		
348	3.4800	6	-7		
349	3.4900	5	-6		
350	3.5000	4	-6		
351	3.5100	3	-6		
352	3.5200	2	-6		
353	3.5300	1	-6		
354	3.5400	0	-5		
355	3.5500	-1	-5		
356	3.5600	-2	-4		
357	3.5700	-4	-4		
358	3.5800	-5	-4		
359	3.5900	-6	-3		
360	3.6000	-7	-2		
361	3.6100	-8	-2		
362	3.6200	-8	-2		
363	3.6300	-9	-2		
364	3.6400	-10	-1		
365	3.6500	-10	-1		
366	3.6600	-10	0		
367	3.6700	-11	0		
368	3.6800	-11	0		
369	3.6900	-10	0		
370	3.7000	-10	0		
371	3.7100	-10	0		
372	3.7200	-10	1		
373	3.7300	-10	1		
374	3.7400	-10	1		
375	3.7500	-10	1		
376	3.7600	-9	1		
377	3.7700	-9	1		
378	3.7800	-8	0		
379	3.7900	-7	0		
380	3.8000	-6	0		
381	3.8100	-4	0		
382	3.8200	-4	0		
383	3.8300	-2	0		
384	3.8400	-2	0		
385	3.8500	0	-1		
386	3.8600	1	-1		
387	3.8700	2	-1		
388	3.8800	3	-2		
389	3.8900	4	-2		
390	3.9000	5	-2		
391	3.9100	6	-2		
392	3.9200	7	-2		
393	3.9300	8	-2		
394	3.9400	8	-2		
395	3.9500	8	-2		
396	3.9600	9	-2		
397	3.9700	10	-2		
398	3.9800	10	-2		
399	3.9900	10	-2		
400	4.0000	10	-1		
401	4.0100	10	-1		
402	4.0200	10	-1		
403	4.0300	10	0		
404	4.0400	10	0		
405	4.0500	10	0		
406	4.0600	9	1		
407	4.0700	9	1		
408	4.0800	8	2		
409	4.0900	6	2		
410	4.1000	5	2		
411	4.1100	4	3		
412	4.1200	3	4		
413	4.1300	2	4		
414	4.1400	1	4		
415	4.1500	0	5		
416	4.1600	-1	5		
417	4.1700	-2	6		
418	4.1800	-4	6		
419	4.1900	-5	6		
420	4.2000	-6	6		
421	4.2100	-7	6		
422	4.2200	-8	7		
423	4.2300	-8	7		
424	4.2400	-9	7		
425	4.2500	-10	7		
426	4.2600	-10	6		
427	4.2700	-10	6		
428	4.2800	-10	6		
429	4.2900	-11	6		
430	4.3000	-10	6		
431	4.3100	-10	5		
432	4.3200	-10	4		
433	4.3300	-10	4		
434	4.3400	-10	3		
435	4.3500	-10	3		
436	4.3600	-10	2		
437	4.3700	-10	1		
438	4.3800	-9	0		
439	4.3900	-8	0		
440	4.4000	-7	-1		
441	4.4100	-6	-2		
442	4.4200	-5	-3		
443	4.4300	-4	-4		
444	4.4400	-2	-4		
445	4.4500	-2	-5		
446	4.4600	0	-6		
447	4.4700	0	-7		
448	4.4800	2	-8		
449	4.4900	3	-8		
450	4.5000	4	-9		
451	4.5100	5	-10		
452	4.5200	6	-10		
453	4.5300	7	-10		
454	4.5400	8	-10		
455	4.5500	8	-11		
456	4.5600	8	-11		
457	4.5700	9	-11		
458	4.5800	10	-11		
459	4.5900	10	-11		
460	4.6000	10	-11		
461	4.6100	10	-10		
462	4.6200	10	-10		
463	4.6300	10	-10		
464	4.6400	10	-9		
465	4.6500	10	-9		
466	4.6600	10	-8		
467	4.6700	9	-7		
468	4.6800	8	-6		
469	4.6900	8	-6		
470	4.7000	6	-5		
471	4.7100	5	-4		
472	4.7200	4	-3		
473	4.7300	3	-2		
474	4.7400	2	-1		
475	4.7500	1	0		
476	4.7600	0	1		
477	4.7700	-1	2		
478	4.7800	-2	3		
479	4.7900	-4	4		
480	4.8000	-5	5		
481	4.8100	-6	6		
482	4.8200	-7	7		
483	4.8300	-7	8		
484	4.8400	-8	8		
485	4.8500	-9	9		
486	4.8600	-10	10		
487	4.8700	-10	10		
488	4.8800	-10	10		
489	4.8900	-10	11		
490	4.9000	-10	11		
491	4.9100	-10	11		
492	4.9200	-10	11		
493	4.9300	-10	11		
494	4.9400	-10	11		
495	4.9500	-10	11		
496	4.9600	-10	10		
497	4.9700	-10	10		
498	4.9800	-10	10		
499	4.9900	-9	9		
500	5.0000	-8	8		
501	5.0100	-7	8		
502	5.0200	-6	7		
503	5.0300	-5	6		
504	5.0400	-4	6		
505	5.0500	-2	4		
506	5.0600	-2	4		
507	5.0700	0	3		
508	5.0800	0	2		
509	5.0900	2	1		
510	5.1000	3	0		
511	5.1100	4	-1		
512	5.1200	5	-2		
513	5.1300	6	-3		
514	5.1400	7	-4		
515	5.1500	8	-4		
516	5.1600	8	-5		
517	5.1700	8	-6		
518	5.1800	9	-6		
519	5.1900	10	-7		
520	5.2000	10	-8		
521	5.2100	10	-8		
522	5.2200	10	-8		
523	5.2300	10	-8		
524	5.2400	10	-9		
525	5.2500	10	-9		
526	5.2600	10	-9		
527	5.2700	10	-9		
528	5.2800	10	-9		
529	5.2900	9	-8		
530	5.3000	8	-8		
531	5.3100	6	-8		
532	5.3200	5	-8		
533	5.3300	4	-7		
534	5.3400	3	-7		
535	5.3500	2	-6		
536	5.3600	2	-6		
537	5.3700	0	-5		
538	5.3800	-1	-4		
539	5.3900	-2	-4		
540	5.4000	-4	-3		
541	5.4100	-5	-3		
542	5.4200	-6	-2		
543	5.4300	-7	-1		
544	5.4400	-7	-1		
545	5.4500	-8	0		
546	5.4600	-9	0		
547	5.4700	-10	1		
548	5.4800	-10	1		
549	5.4900	-10	2		
550	5.5000	-10	2		
551	5.5100	-10	2		
552	5.5200	-10	3		
553	5.5300	-10	3		
554	5.5400	-10	3		
555	5.5500	-10	4		
556	5.5600	-10	4		
557	5.5700	-10	4		
558	5.5800	-10	4		
559	5.5900	-10	4		
560	5.6000	-9	4		
561	5.6100	-8	4		
562	5.6200	-7	3		
563	5.6300	-6	3		
564	5.6400	-5	3		
565	5.6500	-4	2		
566	5.6600	-2	2		
567	5.6700	-2	2		
568	5.6800	-1	2		
569	5.6900	0	1		
570	5.7000	2	1		
571	5.7100	3	0		
572	5.7200	4	0		
573	5.7300	5	0		
574	5.7400	6	0		
575	5.7500	7	-1		
576	5.7600	8	-1		
577	5.7700	8	-1		
578	5.7800	8	-1		
579	5.7900	9	-2		
580	5.8000	10	-2		
581	5.8100	10	-2		
582	5.8200	10	-2		
583	5.8300	10	-2		
584	5.8400	10	-2		
585	5.8500	10	-2		
586	5.8600	10	-2		
587	5.8700	10	-1		
588	5.8800	10	-1		
589	5.8900	10	-1		
590	5.9000	9	0		
591	5.9100	8	0		
592	5.9200	6	0		
593	5.9300	5	0		
594	5.9400	4	1		
595	5.9500	3	1		
596	5.9600	2	2		
597	5.9700	2	2		
598	5.9800	0	2		
599	5.9900	-1	2		
600	6.0000	-2	3		
601	6.0100	-4	3		
602	6.0200	-5	4		
603	6.0300	-6	4		
604	6.0400	-7	4		
605	6.0500	-7	4		
606	6.0600	-8	4		
607	6.0700	-8	4		
608	6.0800	-9	4		
609	6.0900	-10	4		
610	6.1000	-10	4		
611	6.1100	-10	4		
612	6.1200	-10	4		
613	6.1300	-10	4		
614	6.1400	-10	3		
615	6.1500	-10	3		
616	6.1600	-10	2		
617	6.1700	-10	2		
618	6.1800	-10	2		
619	6.1900	-10	1		
620	6.2000	-10	0		
621	6.2100	-9	0		
622	6.2200	-8	-1		
623	6.2300	-7	-2		
624	6.2400	-6	-2		
625	6.2500	-5	-3		
626	6.2600	-4	-4		
627	6.2700	-3	-4		
628	6.2800	-2	-4		
629	6.2900	-1	-5		
630	6.3000	0	-6		
631	6.3100	2	-6		
632	6.3200	3	-7		
633	6.3300	4	-7		
634	6.3400	5	-8		
635	6.3500	6	-8		
636	6.3600	7	-8		
637	6.3700	8	-8		
638	6.3800	8	-9		
639	6.3900	8	-9		
640	6.4000	9	-9		
641	6.4100	9	-9		
642	6.4200	10	-8		
643	6.4300	10	-8		
644	6.4400	10	-8		
645	6.4500	10	-8		
646	6.4600	10	-7		
647	6.4700	10	-7		
648	6.4800	10	-6		
649	6.4900	10	-6		
650	6.5000	10	-5		
651	6.5100	9	-4		
652	6.5200	8	-4		
653	6.5300	6	-2		
654	6.5400	5	-2		
655	6.5500	4	-1		
656	6.5600	3	0		
657	6.5700	2	1		
658	6.5800	2	2		
659	6.5900	0	3		
660	6.6000	0	4		
661	6.6100	-2	4		
662	6.6200	-4	5		
663	6.6300	-5	6		
664	6.6400	-6	7		
665	6.6500	-6	8		
666	6.6600	-7	8		
667	6.6700	-8	8		
668	6.6800	-8	9		
669	6.6900	-9	10		
670	6.7000	-10	10		
671	6.7100	-10	10		
672	6.7200	-10	10		
673	6.7300	-10	10		
674	6.7400	-10	10		
675	6.7500	-10	10		
676	6.7600	-10	10		
677	6.7700	-10	10		
678	6.7800	-10	9		
679	6.7900	-10	9		
680	6.8000	-10	8		
681	6.8100	-10	8		
682	6.8200	-9	7		
683	6.8300	-8	6		
684	6.8400	-7	6		
685	6.8500	-6	5		
686	6.8600	-5	4		
687	6.8700	-4	3		
688	6.8800	-3	2		
689	6.8900	-2	1		
690	6.9000	-1	0		
691	6.9100	0	0		
692	6.9200	2	-2		
693	6.9300	3	-2		
694	6.9400	4	-4		
695	6.9500	5	-4		
696	6.9600	6	-5		
697	6.9700	7	-6		
698	6.9800	8	-6		
699	6.9900	8	-7		
700	7.0000	8	-8		
701	7.0100	9	-8		
702	7.0200	9	-9		
703	7.0300	10	-9		
704	7.0400	10	-10		
705	7.0500	10	-10		
706	7.0600	10	-10		
707	7.0700	10	-10		
708	7.0800	10	-10		
709	7.0900	10	-10		
710	7.1000	10	-10		
711	7.1100	9	-9		
712	7.1200	9	-9		
713	7.1300	8	-8		
714	7.1400	6	-8		
715	7.1500	5	-8		
716	7.1600	4	-7		
717	7.1700	3	-6		
718	7.1800	2	-6		
719	7.1900	2	-5		
720	7.2000	0	-4		
721	7.2100	-1	-4		
722	7.2200	-2	-3		
723	7.2300	-4	-2		
724	7.2400	-5	-1		
725	7.2500	-6	0		
726	7.2600	-6	0		
727	7.2700	-7	1		
728	7.2800	-8	2		
729	7.2900	-8	2		
730	7.3000	-9	3		
731	7.3100	-10	4		
732	7.3200	-10	4		
733	7.3300	-10	4		
734	7.3400	-10	5		
735	7.3500	-10	5		
736	7.3600	-10	6		
737	7.3700	-10	6		
738	7.3800	-10	6		
739	7.3900	-10	6		
740	7.4000	-10	6		
741	7.4100	-10	6		
742	7.4200	-10	6		
743	7.4300	-9	6		
744	7.4400	-8	5		
745	7.4500	-7	5		
746	7.4600	-6	5		
747	7.4700	-5	4		
748	7.4800	-4	4		
749	7.4900	-3	4		
750	7.5000	-2	3		
751	7.5100	-1	3		
752	7.5200	0	2		
753	7.5300	2	2		
754	7.5400	3	1		
755	7.5500	4	1		
756	7.5600	5	0		
757	7.5700	6	0		
758	7.5800	7	-1		
759	7.5900	8	-1		
760	7.6000	8	-2		
761	7.6100	8	-2		
762	7.6200	9	-2		
763	7.6300	10	-2		
764	7.6400	10	-3		
765	7.6500	10	-3		
766	7.6600	10	-3		
767	7.6700	10	-3		
768	7.6800	10	-3		
769	7.6900	10	-3		
770	7.7000	10	-3		
771	7.7100	10	-3		
772	7.7200	10	-3		
773	7.7300	9	-3		
774	7.7400	8	-2		
775	7.7500	7	-2		
776	7.7600	5	-2		
777	7.7700	4	-2		
778	7.7800	3	-1		
779	7.7900	2	-1		
780	7.8000	2	0		
781	7.8100	0	0		
782	7.8200	-1	0		
783	7.8300	-2	0		
784	7.8400	-4	1		
785	7.8500	-5	1		
786	7.8600	-6	2		
787	7.8700	-6	2		
788	7.8800	-7	2		
789	7.8900	-8	2		
790	7.9000	-8	2		
791	7.9100	-9	2		
792	7.9200	-10	3		
793	7.9300	-10	3		
794	7.9400	-10	3		
795	7.9500	-10	3		
796	7.9600	-10	2		
797	7.9700	-10	2		
798	7.9800	-10	2		
799	7.9900	-10	2		
800	8.0000	-10	2		
801	8.0100	-10	2		
802	8.0200	-10	1		
803	8.0300	-10	1		
804	8.0400	-9	0		
805	8.0500	-8	0		
806	8.0600	-7	-1		
807	8.0700	-6	-1		
808	8.0800	-5	-2		
809	8.0900	-4	-2		
810	8.1000	-3	-3		
811	8.1100	-2	-3		
812	8.1200	-1	-4		
813	8.1300	0	-4		
814	8.1400	1	-4		
815	8.1500	2	-5		
816	8.1600	4	-6		
817	8.1700	5	-6		
818	8.1800	6	-6		
819	8.1900	7	-6		
820	8.2000	7	-6		
821	8.2100	8	-6		
822	8.2200	8	-6		
823	8.2300	9	-6		
824	8.2400	9	-6		
825	8.2500	10	-6		
826	8.2600	10	-6		
827	8.2700	10	-6		
828	8.2800	10	-6		
829	8.2900	10	-5		
830	8.3000	10	-5		
831	8.3100	10	-4		
832	8.3200	10	-4		
833	8.3300	10	-4		
834	8.3400	9	-3		
835	8.3500	8	-2		
836	8.3600	7	-1		
837	8.3700	6	0		
838	8.3800	4	0		
839	8.3900	3	1		
840	8.4000	2	2		
841	8.4100	2	2		
842	8.4200	0	3		
843	8.4300	0	4		
844	8.4400	-2	4		
845	8.4500	-3	5		
846	8.4600	-4	6		
847	8.4700	-6	6		
848	8.4800	-6	7		
849	8.4900	-7	8		
850	8.5000	-8	8		
851	8.5100	-8	8		
852	8.5200	-9	8		
853	8.5300	-10	9		
854	8.5400	-10	9		
855	8.5500	-10	9		
856	8.5600	-10	9		
857	8.5700	-10	9		
858	8.5800	-10	8		
859	8.5900	-10	8		
860	8.6000	-10	8		
861	8.6100	-10	8		
862	8.6200	-10	7		
863	8.6300	-10	6		
864	8.6400	-10	6		
865	8.6500	-9	5		
866	8.6600	-8	4		
867	8.6700	-7	4		
868	8.6800	-6	3		
869	8.6900	-5	2		
870	8.7000	-4	1		
871	8.7100	-3	0		
872	8.7200	-2	0		
873	8.7300	-1	-2		
874	8.7400	0	-2		
875	8.7500	2	-3		
876	8.7600	2	-4		
877	8.7700	4	-5		
878	8.7800	5	-6		
879	8.7900	6	-6		
880	8.8000	6	-7		
881	8.8100	7	-8		
882	8.8200	8	-8		
883	8.8300	8	-8		
884	8.8400	9	-9		
885	8.8500	10	-9		
886	8.8600	10	-10		
887	8.8700	10	-10		
888	8.8800	10	-10		
889	8.8900	10	-10		
890	8.9000	10	-10		
891	8.9100	10	-10		
892	8.9200	10	-10		
893	8.9300	10	-9		
894	8.9400	10	-9		
895	8.9500	9	-8		
896	8.9600	8	-8		
897	8.9700	7	-7		
898	8.9800	6	-6		
899	8.9900	4	-6		
900	9.0000	3	-5		
901	9.0100	2	-4		
902	9.0200	2	-4		
903	9.0300	0	-3		
904	9.0400	0	-2		
905	9.0500	-2	-1		
906	9.0600	-3	0		
907	9.0700	-4	1		
908	9.0800	-6	2		
909	9.0900	-6	2		
910	9.1000	-7	3		
911	9.1100	-8	4		
912	9.1200	-8	4		
913	9.1300	-9	5		
914	9.1400	-10	6		
915	9.1500	-10	6		
916	9.1600	-10	6		
917	9.1700	-10	7		
918	9.1800	-10	7		
919	9.1900	-10	7		
920	9.2000	-10	7		
921	9.2100	-10	7		
922	9.2200	-10	8		
923	9.2300	-10	7		
924	9.2400	-10	7		
925	9.2500	-10	7		
926	9.2600	-9	7		
927	9.2700	-8	6		
928	9.2800	-7	6		
929	9.2900	-6	6		
930	9.3000	-5	5		
931	9.3100	-4	4		
932	9.3200	-3	4		
933	9.3300	-2	4		
934	9.3400	-1	3		
935	9.3500	0	2		
936	9.3600	1	2		
937	9.3700	2	1		
938	9.3800	4	0		
939	9.3900	5	0		
940	9.4000	6	-1		
941	9.4100	6	-2		
942	9.4200	7	-2		
943	9.4300	8	-2		
944	9.4400	8	-3		
945	9.4500	9	-4		
946	9.4600	10	-4		
947	9.4700	10	-4		
948	9.4800	10	-4		
949	9.4900	10	-4		
950	9.5000	10	-5		
951	9.5100	10	-5		
952	9.5200	10	-5		
953	9.5300	10	-5		
954	9.5400	10	-5		
955	9.5500	10	-5		
956	9.5600	9	-4		
957	9.5700	8	-4		
958	9.5800	7	-4		
959	9.5900	6	-4		
960	9.6000	4	-4		
961	9.6100	3	-3		
962	9.6200	2	-3		
963	9.6300	2	-2		
964	9.6400	0	-2		
965	9.6500	0	-1		
966	9.6600	-2	-1		
967	9.6700	-3	0		
968	9.6800	-4	0		
969	9.6900	-6	0		
970	9.7000	-6	1		
971	9.7100	-7	1		
972	9.7200	-8	2		
973	9.7300	-8	2		
974	9.7400	-9	2		
975	9.7500	-10	2		
976	9.7600	-10	2		
977	9.7700	-10	2		
978	9.7800	-11	3		
979	9.7900	-10	3		
980	9.8000	-10	3		
981	9.8100	-10	3		
982	9.8200	-10	2		
983	9.8300	-10	2		
984	9.8400	-10	2		
985	9.8500	-10	2		
986	9.8600	-10	2		
987	9.8700	-9	2		
988	9.8800	-8	1		
989	9.8900	-7	1		
990	9.9000	-6	0		
991	9.9100	-5	0		
992	9.9200	-4	0		
993	9.9300	-3	-1		
994	9.9400	-2	-2		
995	9.9500	-1	-2		
996	9.9600	0	-2		
997	9.9700	1	-3		
998	9.9800	2	-3		
999	9.9900	4	-4		
1000	10.0000	5	-4		
1001	10.0100	6	-4		
1002	10.0200	6	-4		
1003	10.0300	7	-5		
1004	10.0400	8	-5		
1005	10.0500	8	-5		
1006	10.0600	9	-5		
1007	10.0700	10	-5		
1008	10.0800	10	-5		
1009	10.0900	10	-5		
1010	10.1000	10	-5		
1011	10.1100	10	-4		
1012	10.1200	10	-4		
1013	10.1300	10	-4		
1014	10.1400	10	-4		
1015	10.1500	10	-3		
1016	10.1600	9	-3		
1017	10.1700	9	-2		
1018	10.1800	8	-2		
1019	10.1900	7	-1		
1020	10.2000	6	0		
1021	10.2100	4	0		
1022	10.2200	4	1		
1023	10.2300	2	1		
1024	10.2400	2	2		
1025	10.2500	1	2		
1026	10.2600	0	3		
1027	10.2700	-2	4		
1028	10.2800	-3	4		
1029	10.2900	-4	5		
1030	10.3000	-6	6		
1031	10.3100	-6	6		
1032	10.3200	-7	6		
1033	10.3300	-8	6		
1034	10.3400	-8	7		
1035	10.3500	-9	7		
1036	10.3600	-10	7		
1037	10.3700	-10	7		
1038	10.3800	-10	7		
1039	10.3900	-11	7		
1040	10.4000	-10	7		
1041	10.4100	-10	7		
1042	10.4200	-10	7		
1043	10.4300	-10	6		
1044	10.4400	-10	6		
1045	10.4500	-10	6		
1046	10.4600	-10	5		
1047	10.4700	-10	4		
1048	10.4800	-9	4		
1049	10.4900	-8	3		
1050	10.5000	-8	2		
1051	10.5100	-6	2		
1052	10.5200	-5	1		
1053	10.5300	-4	0		
1054	10.5400	-3	-1		
1055	10.5500	-2	-2		
1056	10.5600	-1	-2		
1057	10.5700	0	-3		
1058	10.5800	1	-4		
1059	10.5900	2	-4		
1060	10.6000	4	-5		
1061	10.6100	4	-6		
1062	10.6200	6	-6		
1063	10.6300	6	-7		
1064	10.6400	7	-8		
1065	10.6500	8	-8		
1066	10.6600	8	-8		
1067	10.6700	9	-9		
1068	10.6800	9	-9		
1069	10.6900	10	-9		
1070	10.7000	10	-9		
1071	10.7100	10	-9		
1072	10.7200	10	-9		
1073	10.7300	10	-9		
1074	10.7400	10	-9		
1075	10.7500	10	-8		
1076	10.7600	10	-8		
1077	10.7700	9	-8		
1078	10.7800	9	-7		
1079	10.7900	8	-6		
1080	10.8000	7	-6		
1081	10.8100	6	-5		
1082	10.8200	4	-4		
1083	10.8300	4	-4		
1084	10.8400	2	-3		
1085	10.8500	2	-2		
1086	10.8600	1	-1		
1087	10.8700	0	0		
1088	10.8800	-2	0		
1089	10.8900	-3	1		
1090	10.9000	-4	2		
1091	10.9100	-6	3		
1092	10.9200	-6	4		
1093	10.9300	-7	4		
1094	10.9400	-8	5		
1095	10.9500	-8	6		
1096	10.9600	-9	6		
1097	10.9700	-10	6		
1098	10.9800	-10	7		
1099	10.9900	-10	7		
1100	11.0000	-11	8		
1101	11.0100	-10	8		
1102	11.0200	-10	8		
1103	11.0300	-10	8		
1104	11.0400	-10	8		
1105	11.0500	-10	8		
1106	11.0600	-10	8		
1107	11.0700	-10	8		
1108	11.0800	-10	7		
1109	11.0900	-9	7		
1110	11.1000	-8	6		
1111	11.1100	-8	6		
1112	11.1200	-6	5		
1113	11.1300	-5	5		
1114	11.1400	-4	4		
1115	11.1500	-3	4		
1116	11.1600	-2	3		
1117	11.1700	-1	2		
1118	11.1800	0	2		
1119	11.1900	1	1		
1120	11.2000	2	0		
1121	11.2100	4	-1		
1122	11.2200	4	-2		
1123	11.2300	6	-2		
1124	11.2400	6	-3		
1125	11.2500	7	-3		
1126	11.2600	8	-4		
1127	11.2700	8	-4		
1128	11.2800	9	-5		
1129	11.2900	10	-5		
1130	11.3000	10	-6		
1131	11.3100	10	-6		
1132	11.3200	10	-6		
1133	11.3300	10	-6		
1134	11.3400	10	-6		
1135	11.3500	10	-6		
1136	11.3600	10	-6		
1137	11.3700	10	-6		
1138	11.3800	10	-6		
1139	11.3900	9	-6		
1140	11.4000	8	-6		
1141	11.4100	7	-5		
1142	11.4200	6	-5		
1143	11.4300	4	-4		
1144	11.4400	4	-4		
1145	11.4500	2	-4		
1146	11.4600	2	-3		
1147	11.4700	1	-2		
1148	11.4800	0	-2		
1149	11.4900	-2	-2		
1150	11.5000	-3	-1		
1151	11.5100	-4	0		
1152	11.5200	-6	0		
1153	11.5300	-6	1		
1154	11.5400	-7	1		
1155	11.5500	-8	2		
1156	11.5600	-8	2		
1157	11.5700	-9	2		
1158	11.5800	-10	3		
1159	11.5900	-10	3		
1160	11.6000	-10	3		
1161	11.6100	-11	4		
1162	11.6200	-10	4		
1163	11.6300	-10	4		
1164	11.6400	-10	4		
1165	11.6500	-10	4		
1166	11.6600	-10	4		
1167	11.6700	-10	4		
1168	11.6800	-10	3		
1169	11.6900	-10	3		
1170	11.7000	-9	3		
1171	11.7100	-8	2		
1172	11.7200	-8	2		
1173	11.7300	-6	2		
1174	11.7400	-5	1		
1175	11.7500	-4	1		
1176	11.7600	-3	0		
1177	11.7700	-2	0		
1178	11.7800	-1	0		
1179	11.7900	0	-1		
1180	11.8000	1	-2		
1181	11.8100	2	-2		
1182	11.8200	3	-2		
1183	11.8300	4	-3		
1184	11.8400	6	-3		
1185	11.8500	6	-4		
1186	11.8600	7	-4		
1187	11.8700	8	-4		
1188	11.8800	8	-4		
1189	11.8900	9	-4		
1190	11.9000	9	-4		
1191	11.9100	10	-4		
1192	11.9200	10	-4		
1193	11.9300	10	-4		
1194	11.9400	10	-4		
1195	11.9500	10	-4		
1196	11.9600	10	-4		
1197	11.9700	10	-4		
1198	11.9800	10	-3		
1199	11.9900	10	-3		
1200	12.0000	9	-2		
1201	12.0100	8	-2		
1202	12.0200	7	-2		
1203	12.0300	6	-1		
1204	12.0400	4	0		
1205	12.0500	4	0		
1206	12.0600	2	0		
1207	12.0700	2	1		
1208	12.0800	1	2		
1209	12.0900	0	2		
1210	12.1000	-1	3		
1211	12.1100	-3	3		
1212	12.1200	-4	4		
1213	12.1300	-6	4		
1214	12.1400	-6	4		
1215	12.1500	-7	5		
1216	12.1600	-8	5		
1217	12.1700	-8	6		
1218	12.1800	-9	6		
1219	12.1900	-10	6		
1220	12.2000	-10	6		
1221	12.2100	-10	6		
1222	12.2200	-11	6		
1223	12.2300	-10	6		
1224	12.2400	-10	6		
1225	12.2500	-10	6		
1226	12.2600	-10	5		
1227	12.2700	-10	5		
1228	12.2800	-10	4		
1229	12.2900	-10	4		
1230	12.3000	-10	4		
1231	12.3100	-9	3		
1232	12.3200	-8	2		
1233	12.3300	-8	2		
1234	12.3400	-6	1		
1235	12.3500	-6	0		
1236	12.3600	-4	0		
1237	12.3700	-4	-1		
1238	12.3800	-2	-2		
1239	12.3900	-1	-2		
1240	12.4000	0	-3		
1241	12.4100	1	-4		
1242	12.4200	2	-4		
1243	12.4300	3	-5		
1244	12.4400	4	-6		
1245	12.4500	6	-6		
1246	12.4600	6	-7		
1247	12.4700	7	-7		
1248	12.4800	8	-8		
1249	12.4900	8	-8		
1250	12.5000	9	-8		
1251	12.5100	9	-8		
1252	12.5200	10	-8		
1253	12.5300	10	-8		
1254	12.5400	10	-8		
1255	12.5500	10	-8		
1256	12.5600	10	-8		
1257	12.5700	10	-8		
1258	12.5800	10	-7		
1259	12.5900	10	-7		
1260	12.6000	10	-6		
1261	12.6100	9	-6		
1262	12.6200	8	-5		
1263	12.6300	8	-5		
1264	12.6400	6	-4		
1265	12.6500	4	-3		
1266	12.6600	4	-2		
1267	12.6700	2	-2		
1268	12.6800	2	-1		
1269	12.6900	1	0		
1270	12.7000	0	1		
1271	12.7100	-1	2		
1272	12.7200	-3	2		
1273	12.7300	-4	3		
1274	12.7400	-5	4		
1275	12.7500	-6	4		
1276	12.7600	-7	5		
1277	12.7700	-8	6		
1278	12.7800	-8	6		
1279	12.7900	-9	7		
1280	12.8000	-10	7		
1281	12.8100	-10	8		
1282	12.8200	-11	8		
1283	12.8300	-11	8		
1284	12.8400	-10	8		
1285	12.8500	-10	8		
1286	12.8600	-10	8		
1287	12.8700	-10	8		
1288	12.8800	-10	8		
1289	12.8900	-10	8		
1290	12.9000	-10	7		
1291	12.9100	-10	7		
1292	12.9200	-9	6		
1293	12.9300	-8	6		
1294	12.9400	-8	6		
1295	12.9500	-6	5		
1296	12.9600	-6	4		
1297	12.9700	-4	4		
1298	12.9800	-4	3		
1299	12.9900	-2	2		
1300	13.0000	-1	1		
1301	13.0100	0	0		
1302	13.0200	1	0		
1303	13.0300	2	-1		
1304	13.0400	3	-2		
1305	13.0500	4	-2		
1306	13.0600	6	-3		
1307	13.0700	6	-4		
1308	13.0800	7	-4		
1309	13.0900	8	-5		
1310	13.1000	8	-5		
1311	13.1100	9	-6		
1312	13.1200	9	-6		
1313	13.1300	10	-6		
1314	13.1400	10	-7		
1315	13.1500	10	-7		
1316	13.1600	10	-7		
1317	13.1700	10	-7		
1318	13.1800	10	-7		
1319	13.1900	10	-7		
1320	13.2000	10	-7		
1321	13.2100	10	-7		
1322	13.2200	9	-6		
1323	13.2300	8	-6		
1324	13.2400	8	-6		
1325	13.2500	6	-5		
1326	13.2600	4	-5		
1327	13.2700	4	-4		
1328	13.2800	3	-4		
1329	13.2900	2	-3		
1330	13.3000	1	-3		
1331	13.3100	0	-2		
1332	13.3200	-1	-2		
1333	13.3300	-3	-1		
1334	13.3400	-4	0		
1335	13.3500	-5	0		
1336	13.3600	-6	1		
1337	13.3700	-7	2		
1338	13.3800	-8	2		
1339	13.3900	-8	2		
1340	13.4000	-9	3		
1341	13.4100	-10	4		
1342	13.4200	-10	4		
1343	13.4300	-10	4		
1344	13.4400	-11	4		
1345	13.4500	-10	4		
1346	13.4600	-10	4		
1347	13.4700	-10	5		
1348	13.4800	-10	5		
1349	13.4900	-10	5		
1350	13.5000	-10	4		
1351	13.5100	-10	4		
1352	13.5200	-10	4		
1353	13.5300	-9	4		
1354	13.5400	-8	4		
1355	13.5500	-8	3		
1356	13.5600	-7	3		
1357	13.5700	-6	2		
1358	13.5800	-4	2		
1359	13.5900	-4	2		
1360	13.6000	-2	1		
1361	13.6100	-1	0		
1362	13.6200	0	0		
1363	13.6300	1	0		
1364	13.6400	2	-1		
1365	13.6500	3	-2		
1366	13.6600	4	-2		
1367	13.6700	5	-2		
1368	13.6800	6	-3		
1369	13.6900	7	-3		
1370	13.7000	8	-4		
1371	13.7100	8	-4		
1372	13.7200	9	-4		
1373	13.7300	9	-4		
1374	13.7400	10	-4		
1375	13.7500	10	-4		
1376	13.7600	10	-4		
1377	13.7700	10	-4		
1378	13.7800	10	-4		
1379	13.7900	10	-4		
1380	13.8000	10	-4		
1381	13.8100	10	-4		
1382	13.8200	10	-4		
1383	13.8300	9	-3		
1384	13.8400	9	-3		
1385	13.8500	8	-2		
1386	13.8600	6	-2		
1387	13.8700	5	-2		
1388	13.8800	4	-1		
1389	13.8900	3	0		
1390	13.9000	2	0		
1391	13.9100	1	0		
1392	13.9200	0	1		
1393	13.9300	-1	2		
1394	13.9400	-2	2		
1395	13.9500	-4	2		
1396	13.9600	-5	3		
1397	13.9700	-6	4		
1398	13.9800	-7	4		
1399	13.9900	-8	4		
1400	14.0000	-8	4		
1401	14.0100	-9	4		
1402	14.0200	-10	5		
1403	14.0300	-10	5		
1404	14.0400	-10	5		
1405	14.0500	-10	5		
1406	14.0600	-10	5		
1407	14.0700	-10	5		
1408	14.0800	-10	5		
1409	14.0900	-10	4		
1410	14.1000	-10	4		
1411	14.1100	-10	4		
1412	14.1200	-10	4		
1413	14.1300	-10	3		
1414	14.1400	-9	3		
1415	14.1500	-8	2		
1416	14.1600	-8	2		
1417	14.1700	-7	1		
1418	14.1800	-6	0		
1419	14.1900	-5	0		
1420	14.2000	-4	-1		
1421	14.2100	-2	-2		
1422	14.2200	-1	-2		
1423	14.2300	0	-3		
1424	14.2400	1	-4		
1425	14.2500	2	-4		
1426	14.2600	3	-4		
1427	14.2700	4	-5		
1428	14.2800	5	-6		
1429	14.2900	6	-6		
1430	14.3000	7	-6		
1431	14.3100	8	-6		
1432	14.3200	8	-7		
1433	14.3300	8	-7		
1434	14.3400	9	-7		
1435	14.3500	10	-7		
1436	14.3600	10	-7		
1437	14.3700	10	-7		
1438	14.3800	10	-7		
1439	14.3900	10	-7		
1440	14.4000	10	-6		
1441	14.4100	10	-6		
1442	14.4200	10	-6		
1443	14.4300	10	-6		
1444	14.4400	10	-5		
1445	14.4500	9	-4		
1446	14.4600	8	-4		
1447	14.4700	6	-3		
1448	14.4800	5	-2		
1449	14.4900	4	-2		
1450	14.5000	3	-1		
1451	14.5100	2	0		
1452	14.5200	1	0		
1453	14.5300	0	1		
1454	14.5400	-1	2		
1455	14.5500	-2	3		
1456	14.5600	-4	4		
1457	14.5700	-5	4		
1458	14.5800	-6	5		
1459	14.5900	-7	5		
1460	14.6000	-8	6		
1461	14.6100	-8	6		
1462	14.6200	-8	7		
1463	14.6300	-10	7		
1464	14.6400	-10	7		
1465	14.6500	-10	8		
1466	14.6600	-11	8		
1467	14.6700	-10	8		
1468	14.6800	-10	8		
1469	14.6900	-10	8		
1470	14.7000	-10	8		
1471	14.7100	-10	7		
1472	14.7200	-10	7		
1473	14.7300	-10	6		
1474	14.7400	-10	6		
1475	14.7500	-9	6		
1476	14.7600	-8	5		
1477	14.7700	-8	4		
1478	14.7800	-7	4		
1479	14.7900	-6	3		
1480	14.8000	-4	2		
1481	14.8100	-4	2		
1482	14.8200	-2	1		
1483	14.8300	-2	0		
1484	14.8400	0	0		
1485	14.8500	1	-1		
1486	14.8600	2	-2		
1487	14.8700	3	-3		
1488	14.8800	4	-4		
1489	14.8900	5	-4		
1490	14.9000	6	-4		
1491	14.9100	7	-5		
1492	14.9200	8	-6		
1493	14.9300	8	-6		
1494	14.9400	8	-7		
1495	14.9500	9	-7		
1496	14.9600	10	-7		
1497	14.9700	10	-8		
1498	14.9800	10	-8		
1499	14.9900	10	-8		
1500	15.0000	10	-8		
1501	15.0100	10	-8		
1502	15.0200	10	-8		
1503	15.0300	10	-7		
1504	15.0400	10	-7		
1505	15.0500	10	-7		
1506	15.0600	9	-6		
1507	15.0700	8	-6		
1508	15.0800	6	-5		
1509	15.0900	5	-5		
1510	15.1000	4	-4		
1511	15.1100	2	-4		
1512	15.1200	2	-3		
1513	15.1300	1	-2		
1514	15.1400	0	-2		
1515	15.1500	-1	-1		
1516	15.1600	-2	0		
1517	15.1700	-4	0		
1518	15.1800	-5	1		
1519	15.1900	-6	2		
1520	15.2000	-7	2		
1521	15.2100	-8	3		
1522	15.2200	-8	4		
1523	15.2300	-8	4		
1524	15.2400	-9	4		
1525	15.2500	-10	5		
1526	15.2600	-10	5		
1527	15.2700	-11	5		
1528	15.2800	-10	6		
1529	15.2900	-10	6		
1530	15.3000	-10	6		
1531	15.3100	-10	6		
1532	15.3200	-10	6		
1533	15.3300	-10	6		
1534	15.3400	-10	6		
1535	15.3500	-10	5		
1536	15.3600	-10	5		
1537	15.3700	-9	4		
1538	15.3800	-8	4		
1539	15.3900	-7	4		
1540	15.4000	-6	3		
1541	15.4100	-4	3		
1542	15.4200	-4	2		
1543	15.4300	-2	2		
1544	15.4400	-2	1		
1545	15.4500	0	0		
1546	15.4600	0	0		
1547	15.4700	2	0		
1548	15.4800	3	-1		
1549	15.4900	4	-2		
1550	15.5000	5	-2		
1551	15.5100	6	-3		
1552	15.5200	7	-3		
1553	15.5300	8	-4		
1554	15.5400	8	-4		
1555	15.5500	8	-4		
1556	15.5600	9	-4		
1557	15.5700	10	-5		
1558	15.5800	10	-5		
1559	15.5900	10	-5		
1560	15.6000	10	-5		
1561	15.6100	10	-5		
1562	15.6200	10	-5		
1563	15.6300	10	-5		
1564	15.6400	10	-4		
1565	15.6500	10	-4		
1566	15.6600	10	-4		
1567	15.6700	9	-4		
1568	15.6800	8	-4		
1569	15.6900	6	-3		
1570	15.7000	5	-2		
1571	15.7100	4	-2		
1572	15.7200	3	-2		
1573	15.7300	2	-1		
1574	15.7400	1	0		
1575	15.7500	0	0		
1576	15.7600	-1	0		
1577	15.7700	-2	1		
1578	15.7800	-4	2		
1579	15.7900	-5	2		
1580	15.8000	-6	2		
1581	15.8100	-7	3		
1582	15.8200	-8	3		
1583	15.8300	-8	4		
1584	15.8400	-8	4		
1585	15.8500	-9	4		
1586	15.8600	-10	4		
1587	15.8700	-10	4		
1588	15.8800	-10	4		
1589	15.8900	-10	4		
1590	15.9000	-10	4		
1591	15.9100	-10	4		
1592	15.9200	-10	4		
1593	15.9300	-10	4		
1594	15.9400	-10	4		
1595	15.9500	-10	4		
1596	15.9600	-10	3		
1597	15.9700	-10	3		
1598	15.9800	-9	2		
1599	15.9900	-8	2		
1600	16.0000	-7	1		
1601	16.0100	-6	1		
1602	16.0200	-5	0		
1603	16.0300	-4	0		
1604	16.0400	-2	-1		
1605	16.0500	-2	-2		
1606	16.0600	0	-2		
1607	16.0700	0	-3		
1608	16.0800	2	-3		
1609	16.0900	3	-4		
1610	16.1000	4	-4		
1611	16.1100	5	-4		
1612	16.1200	6	-5		
1613	16.1300	7	-6		
1614	16.1400	8	-6		
1615	16.1500	8	-6		
1616	16.1600	8	-6		
1617	16.1700	9	-6		
1618	16.1800	10	-6		
1619	16.1900	10	-6		
1620	16.2000	10	-6		
1621	16.2100	10	-6		
1622	16.2200	10	-6		
1623	16.2300	10	-6		
1624	16.2400	10	-6		
1625	16.2500	10	-5		
1626	16.2600	10	-5		
1627	16.2700	10	-4		
1628	16.2800	9	-4		
1629	16.2900	8	-3		
1630	16.3000	6	-3		
1631	16.3100	5	-2		
1632	16.3200	4	-1		
1633	16.3300	3	-1		
1634	16.3400	2	0		
1635	16.3500	1	1		
1636	16.3600	0	2		
1637	16.3700	-1	2		
1638	16.3800	-2	3		
1639	16.3900	-4	3		
1640	16.4000	-5	4		
1641	16.4100	-6	4		
1642	16.4200	-7	5		
1643	16.4300	-7	6		
1644	16.4400	-8	6		
1645	16.4500	-8	6		
1646	16.4600	-9	6		
1647	16.4700	-10	7		
1648	16.4800	-10	7		
1649	16.4900	-10	7		
1650	16.5000	-10	7		
1651	16.5100	-10	7		
1652	16.5200	-10	7		
1653	16.5300	-10	7		
1654	16.5400	-10	6		
1655	16.5500	-10	6		
1656	16.5600	-10	6		
1657	16.5700	-10	6		
1658	16.5800	-10	5		
1659	16.5900	-9	4		
1660	16.6000	-8	4		
1661	16.6100	-7	3		
1662	16.6200	-6	2		
1663	16.6300	-5	2		
1664	16.6400	-4	1		
1665	16.6500	-2	0		
1666	16.6600	-2	0		
1667	16.6700	-1	-1		
1668	16.6800	0	-2		
1669	16.6900	2	-3		
1670	16.7000	3	-4		
1671	16.7100	4	-4		
1672	16.7200	5	-4		
1673	16.7300	6	-5		
1674	16.7400	7	-6		
1675	16.7500	8	-6		
1676	16.7600	8	-7		
1677	16.7700	8	-7		
1678	16.7800	9	-7		
1679	16.7900	10	-8		
1680	16.8000	10	-8		
1681	16.8100	10	-8		
1682	16.8200	10	-8		
1683	16.8300	10	-8		
1684	16.8400	10	-8		
1685	16.8500	10	-8		
1686	16.8600	10	-7		
1687	16.8700	10	-7		
1688	16.8800	10	-6		
1689	16.8900	9	-6		
1690	16.9000	8	-6		
1691	16.9100	6	-5		
1692	16.9200	5	-4		
1693	16.9300	4	-4		
1694	16.9400	3	-3		
1695	16.9500	2	-2		
1696	16.9600	2	-2		
1697	16.9700	0	-1		
1698	16.9800	-1	0		
1699	16.9900	-2	0		
1700	17.0000	-4	1		
1701	17.0100	-5	2		
1702	17.0200	-6	2		
1703	17.0300	-7	3		
1704	17.0400	-7	4		
1705	17.0500	-8	4		
1706	17.0600	-8	5		
1707	17.0700	-9	5		
1708	17.0800	-10	6		
1709	17.0900	-10	6		
1710	17.1000	-10	6		
1711	17.1100	-10	6		
1712	17.1200	-10	6		
1713	17.1300	-10	6		
1714	17.1400	-10	6		
1715	17.1500	-10	6		
1716	17.1600	-10	6		
1717	17.1700	-10	6		
1718	17.1800	-10	6		
1719	17.1900	-10	6		
1720	17.2000	-9	5		
1721	17.2100	-8	5		
1722	17.2200	-7	4		
1723	17.2300	-6	4		
1724	17.2400	-5	3		
1725	17.2500	-4	2		
1726	17.2600	-2	2		
1727	17.2700	-2	1		
1728	17.2800	-1	1		
1729	17.2900	0	0		
1730	17.3000	2	0		
1731	17.3100	3	-1		
1732	17.3200	4	-2		
1733	17.3300	5	-2		
1734	17.3400	6	-3		
1735	17.3500	7	-4		
1736	17.3600	8	-4		
1737	17.3700	8	-4		
1738	17.3800	8	-5		
1739	17.3900	9	-5		
1740	17.4000	10	-5		
1741	17.4100	10	-6		
1742	17.4200	10	-6		
1743	17.4300	10	-6		
1744	17.4400	10	-6		
1745	17.4500	10	-6		
1746	17.4600	10	-6		
1747	17.4700	10	-6		
1748	17.4800	10	-5		
1749	17.4900	10	-5		
1750	17.5000	9	-4		
1751	17.5100	8	-4		
1752	17.5200	6	-4		
1753	17.5300	5	-3		
1754	17.5400	4	-3		
1755	17.5500	3	-2		
1756	17.5600	2	-2		
1757	17.5700	2	-1		
1758	17.5800	0	-1		
1759	17.5900	-1	0		
1760	17.6000	-2	0		
1761	17.6100	-4	1		
1762	17.6200	-5	2		
1763	17.6300	-6	2		
1764	17.6400	-7	2		
1765	17.6500	-7	3		
1766	17.6600	-8	3		
1767	17.6700	-8	4		
1768	17.6800	-9	4		
1769	17.6900	-10	4		
1770	17.7000	-10	4		
1771	17.7100	-10	4		
1772	17.7200	-10	5		
1773	17.7300	-10	5		
1774	17.7400	-10	5		
1775	17.7500	-10	4		
1776	17.7600	-10	4		
1777	17.7700	-10	4		
1778	17.7800	-10	4		
1779	17.7900	-10	4		
1780	17.8000	-10	4		
1781	17.8100	-9	3		
1782	17.8200	-8	2		
1783	17.8300	-7	2		
1784	17.8400	-6	2		
1785	17.8500	-5	1		
1786	17.8600	-4	0		
1787	17.8700	-3	0		
1788	17.8800	-2	0		
1789	17.8900	-1	-1		
1790	17.9000	0	-2		
1791	17.9100	2	-2		
1792	17.9200	3	-3		
1793	17.9300	4	-3		
1794	17.9400	5	-4		
1795	17.9500	6	-4		
1796	17.9600	7	-4		
1797	17.9700	8	-5		
1798	17.9800	8	-5		
1799	17.9900	8	-6		
1800	18.0000	9	-6		
1801	18.0100	10	-6		
1802	18.0200	10	-6		
1803	18.0300	10	-6		
1804	18.0400	10	-6		
1805	18.0500	10	-6		
1806	18.0600	10	-6		
1807	18.0700	10	-5		
1808	18.0800	10	-5		
1809	18.0900	10	-4		
1810	18.1000	10	-4		
1811	18.1100	9	-4		
1812	18.1200	8	-3		
1813	18.1300	6	-2		
1814	18.1400	5	-2		
1815	18.1500	4	-2		
1816	18.1600	3	-1		
1817	18.1700	2	0		
1818	18.1800	2	0		
1819	18.1900	0	1		
1820	18.2000	-1	2		
1821	18.2100	-2	2		
1822	18.2200	-4	3		
1823	18.2300	-5	4		
1824	18.2400	-6	4		
1825	18.2500	-6	4		
1826	18.2600	-7	5		
1827	18.2700	-8	5		
1828	18.2800	-8	6		
1829	18.2900	-9	6		
1830	18.3000	-10	6		
1831	18.3100	-10	6		
1832	18.3200	-10	6		
1833	18.3300	-10	6		
1834	18.3400	-10	6		
1835	18.3500	-10	6		
1836	18.3600	-10	6		
1837	18.3700	-10	6		
1838	18.3800	-10	6		
1839	18.3900	-10	5		
1840	18.4000	-10	5		
1841	18.4100	-10	4		
1842	18.4200	-9	4		
1843	18.4300	-8	3		
1844	18.4400	-7	3		
1845	18.4500	-6	2		
1846	18.4600	-5	1		
1847	18.4700	-4	1		
1848	18.4800	-3	0		
1849	18.4900	-2	-1		
1850	18.5000	-1	-2		
1851	18.5100	0	-2		
1852	18.5200	2	-3		
1853	18.5300	3	-4		
1854	18.5400	4	-4		
1855	18.5500	5	-5		
1856	18.5600	6	-5		
1857	18.5700	7	-6		
1858	18.5800	7	-6		
1859	18.5900	8	-6		
1860	18.6000	8	-7		
1861	18.6100	9	-7		
1862	18.6200	10	-7		
1863	18.6300	10	-8		
1864	18.6400	10	-8		
1865	18.6500	10	-8		
1866	18.6600	10	-8		
1867	18.6700	10	-7		
1868	18.6800	10	-7		
1869	18.6900	10	-7		
1870	18.7000	10	-6		
1871	18.7100	10	-6		
1872	18.7200	9	-6		
1873	18.7300	8	-5		
1874	18.7400	6	-4		
1875	18.7500	5	-4		
1876	18.7600	4	-3		
1877	18.7700	3	-2		
1878	18.7800	2	-2		
1879	18.7900	2	-1		
1880	18.8000	0	0		
1881	18.8100	-1	0		
1882	18.8200	-2	1		
1883	18.8300	-4	2		
1884	18.8400	-5	2		
1885	18.8500	-6	3		
1886	18.8600	-6	4		
1887	18.8700	-7	4		
1888	18.8800	-8	5		
1889	18.8900	-8	5		
1890	18.9000	-9	6		
1891	18.9100	-10	6		
1892	18.9200	-10	6		
1893	18.9300	-10	6		
1894	18.9400	-10	7		
1895	18.9500	-10	7		
1896	18.9600	-10	7		
1897	18.9700	-10	7		
1898	18.9800	-10	6		
1899	18.9900	-10	6		
1900	19.0000	-10	6		
