#	time(s)	count A	count B	count C	count D
1	0.0100	17	-14		
2	0.0200	18	-16		
3	0.0300	18	-18		
4	0.0400	18	-19		
5	0.0500	18	-20		
6	0.0600	18	-21		
7	0.0700	18	-22		
8	0.0800	18	-22		
9	0.0900	18	-23		
10	0.1000	18	-24		
11	0.1100	18	-24		
12	0.1200	18	-24		
13	0.1300	18	-24		
14	0.1400	17	-23		
15	0.1500	16	-22		
16	0.1600	16	-22		
17	0.1700	15	-21		
18	0.1800	14	-20		
19	0.1900	14	-19		
20	0.2000	13	-18		
21	0.2100	12	-16		
22	0.2200	12	-15		
23	0.2300	10	-13		
24	0.2400	10	-11		
25	0.2500	8	-10		
26	0.2600	8	-8		
27	0.2700	7	-6		
28	0.2800	6	-4		
29	0.2900	5	-2		
30	0.3000	4	0		
31	0.3100	3	2		
32	0.3200	2	4		
33	0.3300	2	6		
34	0.3400	1	8		
35	0.3500	0	10		
36	0.3600	0	12		
37	0.3700	-1	14		
38	0.3800	-1	16		
39	0.3900	-2	17		
40	0.4000	-2	19		
41	0.4100	-3	20		
42	0.4200	-3	21		
43	0.4300	-3	22		
44	0.4400	-4	24		
45	0.4500	-3	24		
46	0.4600	-3	25		
47	0.4700	-3	26		
48	0.4800	-3	26		
49	0.4900	-3	26		
50	0.5000	-3	26		
51	0.5100	-3	26		
52	0.5200	-2	26		
53	0.5300	-2	26		
54	0.5400	-1	26		
55	0.5500	0	25		
56	0.5600	0	24		
57	0.5700	1	23		
58	0.5800	2	22		
59	0.5900	2	21		
60	0.6000	3	20		
61	0.6100	4	18		
62	0.6200	5	17		
63	0.6300	6	16		
64	0.6400	7	14		
65	0.6500	8	12		
66	0.6600	9	11		
67	0.6700	10	9		
68	0.6800	10	7		
69	0.6900	11	6		
70	0.7000	12	4		
71	0.7100	13	2		
72	0.7200	14	0		
73	0.7300	14	-1		
74	0.7400	15	-3		
75	0.7500	16	-4		
76	0.7600	16	-6		
77	0.7700	16	-7		
78	0.7800	17	-8		
79	0.7900	18	-10		
80	0.8000	18	-11		
81	0.8100	18	-12		
82	0.8200	18	-12		
83	0.8300	18	-13		
84	0.8400	18	-14		
85	0.8500	18	-14		
86	0.8600	18	-15		
87	0.8700	18	-15		
88	0.8800	18	-15		
89	0.8900	18	-15		
90	0.9000	18	-15		
91	0.9100	17	-15		
92	0.9200	16	-14		
93	0.9300	16	-14		
94	0.9400	15	-13		
95	0.9500	14	-12		
96	0.9600	14	-12		
97	0.9700	13	-10		
98	0.9800	12	-10		
99	0.9900	12	-8		
100	1.0000	10	-7		
101	1.0100	9	-6		
102	1.0200	8	-4		
103	1.0300	8	-3		
104	1.0400	7	-2		
105	1.0500	6	0		
106	1.0600	5	1		
107	1.0700	4	2		
108	1.0800	3	4		
109	1.0900	2	5		
110	1.1000	2	7		
111	1.1100	1	8		
112	1.1200	0	10		
113	1.1300	0	11		
114	1.1400	-1	12		
115	1.1500	-2	13		
116	1.1600	-2	14		
117	1.1700	-2	15		
118	1.1800	-3	16		
119	1.1900	-3	17		
120	1.2000	-3	17		
121	1.2100	-3	18		
122	1.2200	-3	18		
123	1.2300	-3	18		
124	1.2400	-3	19		
125	1.2500	-3	19		
126	1.2600	-3	19		
127	1.2700	-3	19		
128	1.2800	-3	18		
129	1.2900	-2	18		
130	1.3000	-2	18		
131	1.3100	-1	17		
132	1.3200	0	16		
133	1.3300	0	16		
134	1.3400	1	15		
135	1.3500	2	14		
136	1.3600	2	13		
137	1.3700	3	12		
138	1.3800	4	11		
139	1.3900	5	10		
140	1.4000	6	8		
141	1.4100	7	7		
142	1.4200	8	6		
143	1.4300	9	4		
144	1.4400	9	3		
145	1.4500	10	2		
146	1.4600	11	1		
147	1.4700	12	0		
148	1.4800	13	-2		
149	1.4900	14	-3		
150	1.5000	14	-4		
151	1.5100	15	-5		
152	1.5200	16	-6		
153	1.5300	16	-6		
154	1.5400	16	-7		
155	1.5500	17	-8		
156	1.5600	18	-8		
157	1.5700	18	-9		
158	1.5800	18	-10		
159	1.5900	18	-10		
160	1.6000	18	-10		
161	1.6100	18	-10		
162	1.6200	18	-10		
163	1.6300	18	-10		
164	1.6400	18	-10		
165	1.6500	18	-9		
166	1.6600	18	-9		
167	1.6700	18	-8		
168	1.6800	18	-8		
169	1.6900	17	-7		
170	1.7000	16	-6		
171	1.7100	15	-5		
172	1.7200	14	-4		
173	1.7300	14	-3		
174	1.7400	13	-2		
175	1.7500	12	-1		
176	1.7600	12	0		
177	1.7700	11	1		
178	1.7800	10	2		
179	1.7900	9	4		
180	1.8000	8	5		
181	1.8100	7	6		
182	1.8200	6	7		
183	1.8300	5	8		
184	1.8400	4	9		
185	1.8500	4	10		
186	1.8600	2	12		
187	1.8700	2	12		
188	1.8800	1	14		
189	1.8900	0	14		
190	1.9000	0	15		
191	1.9100	-1	16		
192	1.9200	-1	16		
193	1.9300	-2	17		
194	1.9400	-2	17		
195	1.9500	-3	17		
196	1.9600	-3	18		
197	1.9700	-3	18		
198	1.9800	-3	18		
199	1.9900	-3	18		
200	2.0000	-3	17		
201	2.0100	-3	17		
202	2.0200	-3	16		
203	2.0300	-3	16		
204	2.0400	-3	15		
205	2.0500	-3	14		
206	2.0600	-2	14		
207	2.0700	-2	12		
208	2.0800	-1	12		
209	2.0900	0	10		
210	2.1000	0	9		
211	2.1100	1	8		
212	2.1200	2	7		
213	2.1300	2	6		
214	2.1400	3	4		
215	2.1500	4	3		
216	2.1600	5	2		
217	2.1700	6	0		
218	2.1800	7	-1		
219	2.1900	8	-2		
220	2.2000	9	-4		
221	2.2100	10	-5		
222	2.2200	10	-6		
223	2.2300	11	-7		
224	2.2400	12	-8		
225	2.2500	13	-9		
226	2.2600	14	-10		
227	2.2700	14	-11		
228	2.2800	15	-11		
229	2.2900	16	-12		
230	2.3000	16	-12		
231	2.3100	17	-12		
232	2.3200	17	-13		
233	2.3300	18	-13		
234	2.3400	18	-13		
235	2.3500	18	-13		
236	2.3600	18	-12		
237	2.3700	18	-12		
238	2.3800	18	-12		
239	2.3900	18	-11		
240	2.4000	18	-10		
241	2.4100	18	-10		
242	2.4200	18	-8		
243	2.4300	18	-8		
244	2.4400	18	-6		
245	2.4500	17	-5		
246	2.4600	16	-4		
247	2.4700	16	-2		
248	2.4800	15	-1		
249	2.4900	14	0		
250	2.5000	14	2		
251	2.5100	13	3		
252	2.5200	12	5		
253	2.5300	12	6		
254	2.5400	10	8		
255	2.5500	10	10		
256	2.5600	9	11		
257	2.5700	8	12		
258	2.5800	7	14		
259	2.5900	6	15		
260	2.6000	5	16		
261	2.6100	4	18		
262	2.6200	4	19		
263	2.6300	3	20		
264	2.6400	2	21		
265	2.6500	1	22		
266	2.6600	0	22		
267	2.6700	0	23		
268	2.6800	-1	23		
269	2.6900	-1	24		
270	2.7000	-2	24		
271	2.7100	-2	24		
272	2.7200	-2	24		
273	2.7300	-3	24		
274	2.7400	-3	23		
275	2.7500	-3	23		
276	2.7600	-3	22		
277	2.7700	-3	21		
278	2.7800	-3	20		
279	2.7900	-3	19		
280	2.8000	-3	18		
281	2.8100	-3	17		
282	2.8200	-3	16		
283	2.8300	-2	14		
284	2.8400	-2	12		
285	2.8500	-1	11		
286	2.8600	0	9		
287	2.8700	0	8		
288	2.8800	1	6		
289	2.8900	2	4		
290	2.9000	2	2		
291	2.9100	3	0		
292	2.9200	4	-2		
293	2.9300	5	-3		
294	2.9400	6	-5		
295	2.9500	7	-7		
296	2.9600	8	-8		
297	2.9700	8	-10		
298	2.9800	9	-12		
299	2.9900	10	-13		
300	3.0000	11	-14		
301	3.0100	12	-16		
302	3.0200	13	-17		
303	3.0300	14	-18		
304	3.0400	14	-19		
305	3.0500	15	-20		
306	3.0600	16	-20		
307	3.0700	16	-20		
308	3.0800	16	-21		
309	3.0900	17	-21		
310	3.1000	18	-21		
311	3.1100	18	-21		
312	3.1200	18	-20		
313	3.1300	18	-20		
314	3.1400	18	-19		
315	3.1500	18	-18		
316	3.1600	18	-17		
317	3.1700	18	-16		
318	3.1800	18	-15		
319	3.1900	18	-13		
320	3.2000	18	-12		
321	3.2100	18	-10		
322	3.2200	17	-8		
323	3.2300	16	-7		
324	3.2400	16	-5		
325	3.2500	15	-3		
326	3.2600	14	-1		
327	3.2700	14	2		
328	3.2800	13	4		
329	3.2900	12	6		
330	3.3000	12	8		
331	3.3100	11	10		
332	3.3200	10	12		
333	3.3300	8	14		
334	3.3400	8	16		
335	3.3500	7	18		
336	3.3600	6	20		
337	3.3700	5	22		
338	3.3800	4	23		
339	3.3900	4	25		
340	3.4000	2	26		
341	3.4100	2	28		
342	3.4200	1	29		
343	3.4300	0	30		
344	3.4400	0	30		
345	3.4500	-1	31		
346	3.4600	-1	32		
347	3.4700	-2	32		
348	3.4800	-2	32		
349	3.4900	-3	32		
350	3.5000	-3	32		
351	3.5100	-3	31		
352	3.5200	-3	30		
353	3.5300	-3	30		
354	3.5400	-3	29		
355	3.5500	-3	28		
356	3.5600	-3	26		
357	3.5700	-3	25		
358	3.5800	-3	24		
359	3.5900	-3	22		
360	3.6000	-2	20		
361	3.6100	-2	18		
362	3.6200	-1	16		
363	3.6300	0	14		
364	3.6400	0	11		
365	3.6500	1	9		
366	3.6600	2	7		
367	3.6700	2	4		
368	3.6800	3	2		
369	3.6900	4	0		
370	3.7000	5	-3		
371	3.7100	6	-5		
372	3.7200	7	-8		
373	3.7300	8	-10		
374	3.7400	9	-12		
375	3.7500	10	-14		
376	3.7600	10	-16		
377	3.7700	11	-18		
378	3.7800	12	-20		
379	3.7900	13	-22		
380	3.8000	14	-23		
381	3.8100	14	-24		
382	3.8200	15	-25		
383	3.8300	16	-26		
384	3.8400	16	-27		
385	3.8500	17	-28		
386	3.8600	17	-28		
387	3.8700	17	-28		
388	3.8800	18	-28		
389	3.8900	18	-28		
390	3.9000	18	-28		
391	3.9100	18	-27		
392	3.9200	18	-26		
393	3.9300	18	-25		
394	3.9400	18	-24		
395	3.9500	18	-23		
396	3.9600	18	-21		
397	3.9700	18	-20		
398	3.9800	18	-18		
399	3.9900	17	-16		
400	4.0000	17	-14		
401	4.0100	16	-11		
402	4.0200	15	-9		
403	4.0300	14	-7		
404	4.0400	14	-4		
405	4.0500	13	-2		
406	4.0600	12	1		
407	4.0700	12	4		
408	4.0800	11	6		
409	4.0900	10	9		
410	4.1000	8	12		
411	4.1100	8	14		
412	4.1200	7	16		
413	4.1300	6	19		
414	4.1400	5	21		
415	4.1500	4	24		
416	4.1600	4	26		
417	4.1700	2	28		
418	4.1800	2	30		
419	4.1900	1	31		
420	4.2000	0	33		
421	4.2100	0	34		
422	4.2200	-1	35		
423	4.2300	-1	36		
424	4.2400	-2	37		
425	4.2500	-2	38		
426	4.2600	-2	38		
427	4.2700	-3	38		
428	4.2800	-3	38		
429	4.2900	-3	38		
430	4.3000	-3	37		
431	4.3100	-3	36		
432	4.3200	-3	36		
433	4.3300	-3	34		
434	4.3400	-3	33		
435	4.3500	-3	32		
436	4.3600	-3	30		
437	4.3700	-2	28		
438	4.3800	-2	26		
439	4.3900	-1	24		
440	4.4000	0	22		
441	4.4100	0	19		
442	4.4200	1	16		
443	4.4300	2	14		
444	4.4400	2	11		
445	4.4500	3	8		
446	4.4600	4	6		
447	4.4700	5	3		
448	4.4800	6	0		
449	4.4900	7	-2		
450	4.5000	8	-5		
451	4.5100	9	-8		
452	4.5200	10	-11		
453	4.5300	10	-13		
454	4.5400	11	-16		
455	4.5500	12	-18		
456	4.5600	13	-20		
457	4.5700	14	-22		
458	4.5800	14	-24		
459	4.5900	15	-26		
460	4.6000	16	-28		
461	4.6100	16	-29		
462	4.6200	16	-30		
463	4.6300	17	-31		
464	4.6400	17	-32		
465	4.6500	18	-32		
466	4.6600	18	-32		
467	4.6700	18	-32		
468	4.6800	18	-32		
469	4.6900	18	-32		
470	4.7000	18	-32		
471	4.7100	18	-31		
472	4.7200	18	-30		
473	4.7300	18	-28		
474	4.7400	18	-27		
475	4.7500	18	-25		
476	4.7600	17	-24		
477	4.7700	17	-22		
478	4.7800	16	-19		
479	4.7900	15	-17		
480	4.8000	14	-15		
481	4.8100	14	-12		
482	4.8200	13	-10		
483	4.8300	12	-7		
484	4.8400	12	-4		
485	4.8500	11	-1		
486	4.8600	10	2		
487	4.8700	8	4		
488	4.8800	8	8		
489	4.8900	6	10		
490	4.9000	6	13		
491	4.9100	5	16		
492	4.9200	4	18		
493	4.9300	4	21		
494	4.9400	2	24		
495	4.9500	2	26		
496	4.9600	1	28		
497	4.9700	0	30		
498	4.9800	0	32		
499	4.9900	-1	34		
500	5.0000	-1	36		
501	5.0100	-2	37		
502	5.0200	-2	38		
503	5.0300	-2	39		
504	5.0400	-3	40		
505	5.0500	-3	40		
506	5.0600	-3	40		
507	5.0700	-3	40		
508	5.0800	-3	40		
509	5.0900	-3	40		
510	5.1000	-3	39		
511	5.1100	-3	38		
512	5.1200	-3	37		
513	5.1300	-2	36		
514	5.1400	-2	34		
515	5.1500	-2	33		
516	5.1600	-1	31		
517	5.1700	0	29		
518	5.1800	0	26		
519	5.1900	1	24		
520	5.2000	2	22		
521	5.2100	2	19		
522	5.2200	3	16		
523	5.2300	4	14		
524	5.2400	5	11		
525	5.2500	6	8		
526	5.2600	7	5		
527	5.2700	8	2		
528	5.2800	9	-1		
529	5.2900	10	-4		
530	5.3000	10	-6		
531	5.3100	11	-9		
532	5.3200	12	-12		
533	5.3300	13	-14		
534	5.3400	14	-17		
535	5.3500	14	-19		
536	5.3600	15	-21		
537	5.3700	16	-23		
538	5.3800	16	-25		
539	5.3900	16	-27		
540	5.4000	17	-28		
541	5.4100	17	-30		
542	5.4200	18	-31		
543	5.4300	18	-32		
544	5.4400	18	-32		
545	5.4500	18	-33		
546	5.4600	18	-33		
547	5.4700	18	-33		
548	5.4800	18	-32		
549	5.4900	18	-32		
550	5.5000	18	-32		
551	5.5100	18	-30		
552	5.5200	18	-30		
553	5.5300	17	-28		
554	5.5400	16	-26		
555	5.5500	16	-25		
556	5.5600	15	-23		
557	5.5700	14	-21		
558	5.5800	14	-19		
559	5.5900	13	-16		
560	5.6000	12	-14		
561	5.6100	12	-11		
562	5.6200	10	-9		
563	5.6300	9	-6		
564	5.6400	8	-3		
565	5.6500	7	0		
566	5.6600	6	2		
567	5.6700	6	5		
568	5.6800	5	8		
569	5.6900	4	11		
570	5.7000	3	14		
571	5.7100	2	16		
572	5.7200	2	19		
573	5.7300	1	21		
574	5.7400	0	24		
575	5.7500	0	26		
576	5.7600	-1	28		
577	5.7700	-2	30		
578	5.7800	-2	32		
579	5.7900	-2	33		
580	5.8000	-2	34		
581	5.8100	-3	36		
582	5.8200	-3	37		
583	5.8300	-3	38		
584	5.8400	-3	38		
585	5.8500	-3	38		
586	5.8600	-3	38		
587	5.8700	-3	38		
588	5.8800	-3	38		
589	5.8900	-3	38		
590	5.9000	-3	37		
591	5.9100	-2	36		
592	5.9200	-2	35		
593	5.9300	-1	34		
594	5.9400	0	32		
595	5.9500	1	30		
596	5.9600	2	28		
597	5.9700	2	26		
598	5.9800	2	24		
599	5.9900	3	22		
600	6.0000	4	20		
601	6.0100	5	18		
602	6.0200	6	15		
603	6.0300	7	12		
604	6.0400	8	10		
605	6.0500	9	7		
606	6.0600	10	4		
607	6.0700	10	2		
608	6.0800	11	-1		
609	6.0900	12	-4		
610	6.1000	13	-6		
611	6.1100	14	-9		
612	6.1200	15	-11		
613	6.1300	16	-14		
614	6.1400	16	-16		
615	6.1500	16	-18		
616	6.1600	17	-20		
617	6.1700	17	-21		
618	6.1800	18	-23		
619	6.1900	18	-24		
620	6.2000	18	-26		
621	6.2100	18	-27		
622	6.2200	18	-28		
623	6.2300	18	-28		
624	6.2400	18	-28		
625	6.2500	18	-29		
626	6.2600	18	-29		
627	6.2700	18	-29		
628	6.2800	18	-28		
629	6.2900	18	-28		
630	6.3000	17	-27		
631	6.3100	16	-26		
632	6.3200	16	-25		
633	6.3300	15	-24		
634	6.3400	14	-22		
635	6.3500	13	-20		
636	6.3600	13	-19		
637	6.3700	12	-17		
638	6.3800	12	-15		
639	6.3900	10	-13		
640	6.4000	9	-10		
641	6.4100	8	-8		
642	6.4200	7	-6		
643	6.4300	6	-4		
644	6.4400	6	-1		
645	6.4500	5	1		
646	6.4600	4	4		
647	6.4700	3	6		
648	6.4800	2	8		
649	6.4900	2	11		
650	6.5000	1	13		
651	6.5100	0	16		
652	6.5200	0	18		
653	6.5300	-1	20		
654	6.5400	-2	22		
655	6.5500	-2	24		
656	6.5600	-2	25		
657	6.5700	-2	27		
658	6.5800	-3	28		
659	6.5900	-3	29		
660	6.6000	-3	30		
661	6.6100	-3	31		
662	6.6200	-3	32		
663	6.6300	-3	32		
664	6.6400	-3	32		
665	6.6500	-3	33		
666	6.6600	-3	33		
667	6.6700	-3	32		
668	6.6800	-2	32		
669	6.6900	-2	32		
670	6.7000	-1	30		
671	6.7100	0	30		
672	6.7200	0	28		
673	6.7300	1	27		
674	6.7400	2	26		
675	6.7500	3	24		
676	6.7600	3	23		
677	6.7700	4	21		
678	6.7800	5	19		
679	6.7900	6	17		
680	6.8000	7	15		
681	6.8100	8	13		
682	6.8200	9	11		
683	6.8300	10	8		
684	6.8400	10	6		
685	6.8500	11	4		
686	6.8600	12	2		
687	6.8700	13	0		
688	6.8800	14	-2		
689	6.8900	15	-4		
690	6.9000	15	-6		
691	6.9100	16	-8		
692	6.9200	16	-10		
693	6.9300	17	-12		
694	6.9400	17	-13		
695	6.9500	18	-15		
696	6.9600	18	-16		
697	6.9700	18	-18		
698	6.9800	18	-18		
699	6.9900	18	-20		
700	7.0000	18	-20		
701	7.0100	18	-21		
702	7.0200	18	-21		
703	7.0300	18	-22		
704	7.0400	18	-22		
705	7.0500	18	-22		
706	7.0600	18	-22		
707	7.0700	17	-21		
708	7.0800	16	-20		
709	7.0900	16	-20		
710	7.1000	15	-19		
711	7.1100	14	-18		
712	7.1200	14	-17		
713	7.1300	13	-16		
714	7.1400	12	-14		
715	7.1500	12	-13		
716	7.1600	10	-11		
717	7.1700	9	-10		
718	7.1800	8	-8		
719	7.1900	7	-6		
720	7.2000	6	-4		
721	7.2100	6	-2		
722	7.2200	5	0		
723	7.2300	4	1		
724	7.2400	3	3		
725	7.2500	2	5		
726	7.2600	1	7		
727	7.2700	0	9		
728	7.2800	0	10		
729	7.2900	-1	12		
730	7.3000	-1	14		
731	7.3100	-2	16		
732	7.3200	-2	17		
733	7.3300	-2	18		
734	7.3400	-3	20		
735	7.3500	-3	21		
736	7.3600	-3	22		
737	7.3700	-4	22		
738	7.3800	-4	23		
739	7.3900	-3	24		
740	7.4000	-3	24		
741	7.4100	-3	24		
742	7.4200	-3	25		
743	7.4300	-3	25		
744	7.4400	-3	25		
745	7.4500	-2	24		
746	7.4600	-2	24		
747	7.4700	-1	24		
748	7.4800	0	23		
749	7.4900	0	22		
750	7.5000	1	21		
751	7.5100	2	20		
752	7.5200	2	19		
753	7.5300	3	18		
754	7.5400	4	16		
755	7.5500	5	15		
756	7.5600	6	14		
757	7.5700	7	12		
758	7.5800	8	10		
759	7.5900	9	9		
760	7.6000	10	8		
761	7.6100	10	6		
762	7.6200	11	4		
763	7.6300	12	2		
764	7.6400	13	1		
765	7.6500	14	0		
766	7.6600	14	-2		
767	7.6700	15	-4		
768	7.6800	16	-5		
769	7.6900	16	-6		
770	7.7000	17	-8		
771	7.7100	17	-8		
772	7.7200	18	-10		
773	7.7300	18	-10		
774	7.7400	18	-12		
775	7.7500	18	-12		
776	7.7600	18	-13		
777	7.7700	18	-13		
778	7.7800	18	-14		
779	7.7900	18	-14		
780	7.8000	18	-14		
781	7.8100	18	-14		
782	7.8200	18	-14		
783	7.8300	18	-14		
784	7.8400	17	-13		
785	7.8500	16	-12		
786	7.8600	16	-12		
787	7.8700	15	-11		
788	7.8800	14	-10		
789	7.8900	14	-10		
790	7.9000	13	-8		
791	7.9100	12	-8		
792	7.9200	12	-6		
793	7.9300	10	-5		
794	7.9400	9	-4		
795	7.9500	8	-2		
796	7.9600	7	-1		
797	7.9700	6	0		
798	7.9800	6	2		
799	7.9900	5	3		
800	8.0000	4	4		
801	8.0100	3	6		
802	8.0200	2	7		
803	8.0300	1	8		
804	8.0400	0	10		
805	8.0500	0	11		
806	8.0600	-1	12		
807	8.0700	-1	13		
808	8.0800	-1	14		
809	8.0900	-2	15		
810	8.1000	-2	16		
811	8.1100	-3	16		
812	8.1200	-3	17		
813	8.1300	-3	18		
814	8.1400	-3	18		
815	8.1500	-3	18		
816	8.1600	-3	18		
817	8.1700	-3	18		
818	8.1800	-3	18		
819	8.1900	-3	18		
820	8.2000	-3	18		
821	8.2100	-3	18		
822	8.2200	-2	17		
823	8.2300	-2	16		
824	8.2400	-1	16		
825	8.2500	0	15		
826	8.2600	0	14		
827	8.2700	1	13		
828	8.2800	2	12		
829	8.2900	2	11		
830	8.3000	3	10		
831	8.3100	4	9		
832	8.3200	5	8		
833	8.3300	6	6		
834	8.3400	7	5		
835	8.3500	8	4		
836	8.3600	9	2		
837	8.3700	10	1		
838	8.3800	10	0		
839	8.3900	11	-1		
840	8.4000	12	-2		
841	8.4100	13	-4		
842	8.4200	14	-4		
843	8.4300	14	-6		
844	8.4400	15	-6		
845	8.4500	16	-7		
846	8.4600	16	-8		
847	8.4700	17	-8		
848	8.4800	17	-9		
849	8.4900	18	-10		
850	8.5000	18	-10		
851	8.5100	18	-10		
852	8.5200	18	-10		
853	8.5300	18	-10		
854	8.5400	18	-10		
855	8.5500	18	-10		
856	8.5600	18	-10		
857	8.5700	18	-10		
858	8.5800	18	-9		
859	8.5900	18	-9		
860	8.6000	18	-8		
861	8.6100	17	-7		
862	8.6200	16	-6		
863	8.6300	16	-5		
864	8.6400	15	-4		
865	8.6500	14	-3		
866	8.6600	14	-2		
867	8.6700	13	-1		
868	8.6800	12	0		
869	8.6900	11	2		
870	8.7000	10	3		
871	8.7100	9	4		
872	8.7200	8	5		
873	8.7300	7	6		
874	8.7400	6	8		
875	8.7500	6	9		
876	8.7600	5	10		
877	8.7700	4	11		
878	8.7800	3	12		
879	8.7900	2	14		
880	8.8000	1	14		
881	8.8100	1	15		
882	8.8200	0	16		
883	8.8300	0	17		
884	8.8400	-1	17		
885	8.8500	-2	18		
886	8.8600	-2	18		
887	8.8700	-2	18		
888	8.8800	-3	19		
889	8.8900	-3	19		
890	8.9000	-3	19		
891	8.9100	-3	18		
892	8.9200	-3	18		
893	8.9300	-3	18		
894	8.9400	-3	17		
895	8.9500	-3	17		
896	8.9600	-3	16		
897	8.9700	-3	15		
898	8.9800	-3	14		
899	8.9900	-2	13		
900	9.0000	-2	12		
901	9.0100	-1	11		
902	9.0200	0	10		
903	9.0300	0	8		
904	9.0400	1	7		
905	9.0500	2	6		
906	9.0600	2	4		
907	9.0700	3	3		
908	9.0800	4	2		
909	9.0900	5	0		
910	9.1000	6	-1		
911	9.1100	7	-3		
912	9.1200	8	-4		
913	9.1300	9	-5		
914	9.1400	10	-6		
915	9.1500	10	-8		
916	9.1600	11	-9		
917	9.1700	12	-10		
918	9.1800	13	-11		
919	9.1900	14	-12		
920	9.2000	15	-12		
921	9.2100	15	-13		
922	9.2200	16	-14		
923	9.2300	16	-14		
924	9.2400	16	-14		
925	9.2500	17	-14		
926	9.2600	18	-14		
927	9.2700	18	-14		
928	9.2800	18	-14		
929	9.2900	18	-14		
930	9.3000	18	-14		
931	9.3100	18	-13		
932	9.3200	18	-12		
933	9.3300	18	-11		
934	9.3400	18	-10		
935	9.3500	18	-10		
936	9.3600	18	-8		
937	9.3700	18	-7		
938	9.3800	17	-6		
939	9.3900	16	-4		
940	9.4000	16	-3		
941	9.4100	15	-1		
942	9.4200	14	0		
943	9.4300	14	2		
944	9.4400	13	4		
945	9.4500	12	5		
946	9.4600	11	7		
947	9.4700	10	8		
948	9.4800	10	10		
949	9.4900	8	12		
950	9.5000	7	13		
951	9.5100	6	15		
952	9.5200	6	16		
953	9.5300	5	18		
954	9.5400	4	19		
955	9.5500	3	20		
956	9.5600	2	21		
957	9.5700	2	22		
958	9.5800	1	23		
959	9.5900	0	24		
960	9.6000	0	24		
961	9.6100	-1	25		
962	9.6200	-2	25		
963	9.6300	-2	25		
964	9.6400	-2	26		
965	9.6500	-2	25		
966	9.6600	-3	25		
967	9.6700	-3	25		
968	9.6800	-3	24		
969	9.6900	-4	24		
970	9.7000	-3	22		
971	9.7100	-3	22		
972	9.7200	-3	20		
973	9.7300	-3	19		
974	9.7400	-3	18		
975	9.7500	-3	16		
976	9.7600	-2	15		
977	9.7700	-2	13		
978	9.7800	-1	12		
979	9.7900	0	10		
980	9.8000	0	8		
981	9.8100	1	6		
982	9.8200	2	4		
983	9.8300	2	2		
984	9.8400	3	0		
985	9.8500	4	-2		
986	9.8600	5	-4		
987	9.8700	6	-6		
988	9.8800	7	-8		
989	9.8900	8	-9		
990	9.9000	9	-11		
991	9.9100	10	-12		
992	9.9200	10	-14		
993	9.9300	11	-16		
994	9.9400	12	-17		
995	9.9500	13	-18		
996	9.9600	14	-19		
997	9.9700	14	-20		
998	9.9800	15	-21		
999	9.9900	16	-21		
1000	10.0000	16	-22		
