#	time(s)	count A	count B	count C	count D
1	0.0100		-236		
2	0.0200		-236		
3	0.0300		-236		
4	0.0400		-236		
5	0.0500		-236		
6	0.0600		-236		
7	0.0700		-236		
8	0.0800		-236		
9	0.0900		-236		
10	0.1000		-236		
11	0.1100		-236		
12	0.1200		-236		
13	0.1300		-236		
14	0.1400		-236		
15	0.1500		-236		
16	0.1600		-236		
17	0.1700		-236		
18	0.1800		-236		
19	0.1900		-236		
20	0.2000		-236		
21	0.2100		-236		
22	0.2200		-236		
23	0.2300		-236		
24	0.2400		-236		
25	0.2500		-236		
26	0.2600		-236		
27	0.2700		-236		
28	0.2800		-236		
29	0.2900		-236		
30	0.3000		-236		
31	0.3100		-236		
32	0.3200		-236		
33	0.3300		-236		
34	0.3400		-236		
35	0.3500		-236		
36	0.3600		-236		
37	0.3700		-236		
38	0.3800		-236		
39	0.3900		-236		
40	0.4000		-236		
41	0.4100		-236		
42	0.4200		-236		
43	0.4300		-236		
44	0.4400		-236		
45	0.4500		-236		
46	0.4600		-236		
47	0.4700		-236		
48	0.4800		-236		
49	0.4900		-236		
50	0.5000		-236		
51	0.5100		-236		
52	0.5200		-236		
53	0.5300		-236		
54	0.5400		-236		
55	0.5500		-236		
56	0.5600		-236		
57	0.5700		-236		
58	0.5800		-236		
59	0.5900		-236		
60	0.6000		-236		
61	0.6100		-236		
62	0.6200		-236		
63	0.6300		-236		
64	0.6400		-236		
65	0.6500		-236		
66	0.6600		-236		
67	0.6700		-236		
68	0.6800		-236		
69	0.6900		-236		
70	0.7000		-236		
71	0.7100		-236		
72	0.7200		-236		
73	0.7300		-236		
74	0.7400		-236		
75	0.7500		-236		
76	0.7600		-236		
77	0.7700		-236		
78	0.7800		-236		
79	0.7900		-236		
80	0.8000		-236		
81	0.8100		-236		
82	0.8200		-236		
83	0.8300		-236		
84	0.8400		-236		
85	0.8500		-236		
86	0.8600		-236		
87	0.8700		-236		
88	0.8800		-236		
89	0.8900		-236		
90	0.9000		-236		
91	0.9100		-236		
92	0.9200		-236		
93	0.9300		-236		
94	0.9400		-236		
95	0.9500		-236		
96	0.9600		-236		
97	0.9700		-236		
98	0.9800		-236		
99	0.9900		-236		
100	1.0000		-236		
101	1.0100		-236		
102	1.0200		-236		
103	1.0300		-236		
104	1.0400		-236		
105	1.0500		-236		
106	1.0600		-236		
107	1.0700		-236		
108	1.0800		-236		
109	1.0900		-236		
110	1.1000		-236		
111	1.1100		-236		
112	1.1200		-236		
113	1.1300		-236		
114	1.1400		-236		
115	1.1500		-236		
116	1.1600		-236		
117	1.1700		-236		
118	1.1800		-236		
119	1.1900		-236		
120	1.2000		-236		
121	1.2100		-236		
122	1.2200		-236		
123	1.2300		-236		
124	1.2400		-236		
125	1.2500		-234		
126	1.2600		-231		
127	1.2700		-228		
128	1.2800		-226		
129	1.2900		-223		
130	1.3000		-220		
131	1.3100		-217		
132	1.3200		-215		
133	1.3300		-212		
134	1.3400		-209		
135	1.3500		-207		
136	1.3600		-204		
137	1.3700		-202		
138	1.3800		-199		
139	1.3900		-197		
140	1.4000		-194		
141	1.4100		-192		
142	1.4200		-189		
143	1.4300		-187		
144	1.4400		-184		
145	1.4500		-182		
146	1.4600		-180		
147	1.4700		-177		
148	1.4800		-175		
149	1.4900		-173		
150	1.5000		-170		
151	1.5100		-168		
152	1.5200		-166		
153	1.5300		-164		
154	1.5400		-162		
155	1.5500		-159		
156	1.5600		-157		
157	1.5700		-155		
158	1.5800		-153		
159	1.5900		-151		
160	1.6000		-149		
161	1.6100		-147		
162	1.6200		-145		
163	1.6300		-143		
164	1.6400		-141		
165	1.6500		-139		
166	1.6600		-137		
167	1.6700		-135		
168	1.6800		-134		
169	1.6900		-132		
170	1.7000		-130		
171	1.7100		-128		
172	1.7200		-126		
173	1.7300		-125		
174	1.7400		-123		
175	1.7500		-121		
176	1.7600		-120		
177	1.7700		-118		
178	1.7800		-116		
179	1.7900		-115		
180	1.8000		-113		
181	1.8100		-112		
182	1.8200		-110		
183	1.8300		-108		
184	1.8400		-107		
185	1.8500		-106		
186	1.8600		-104		
187	1.8700		-103		
188	1.8800		-101		
189	1.8900		-100		
190	1.9000		-99		
191	1.9100		-97		
192	1.9200		-96		
193	1.9300		-95		
194	1.9400		-94		
195	1.9500		-92		
196	1.9600		-91		
197	1.9700		-90		
198	1.9800		-89		
199	1.9900		-88		
200	2.0000		-87		
201	2.0100		-86		
202	2.0200		-84		
203	2.0300		-84		
204	2.0400		-82		
205	2.0500		-82		
206	2.0600		-80		
207	2.0700		-80		
208	2.0800		-79		
209	2.0900		-78		
210	2.1000		-77		
211	2.1100		-76		
212	2.1200		-75		
213	2.1300		-74		
214	2.1400		-74		
215	2.1500		-73		
216	2.1600		-72		
217	2.1700		-72		
218	2.1800		-71		
219	2.1900		-70		
220	2.2000		-70		
221	2.2100		-69		
222	2.2200		-68		
223	2.2300		-68		
224	2.2400		-67		
225	2.2500		-67		
226	2.2600		-66		
227	2.2700		-66		
228	2.2800		-65		
229	2.2900		-65		
230	2.3000		-64		
231	2.3100		-64		
232	2.3200		-64		
233	2.3300		-63		
234	2.3400		-63		
235	2.3500		-63		
236	2.3600		-62		
237	2.3700		-62		
238	2.3800		-62		
239	2.3900		-62		
240	2.4000		-62		
241	2.4100		-61		
242	2.4200		-61		
243	2.4300		-61		
244	2.4400		-61		
245	2.4500		-61		
246	2.4600		-61		
247	2.4700		-61		
248	2.4800		-61		
249	2.4900		-61		
250	2.5000		-61		
251	2.5100		-61		
252	2.5200		-61		
253	2.5300		-61		
254	2.5400		-62		
255	2.5500		-62		
256	2.5600		-62		
257	2.5700		-62		
258	2.5800		-62		
259	2.5900		-63		
260	2.6000		-63		
261	2.6100		-63		
262	2.6200		-64		
263	2.6300		-64		
264	2.6400		-64		
265	2.6500		-65		
266	2.6600		-65		
267	2.6700		-66		
268	2.6800		-66		
269	2.6900		-66		
270	2.7000		-67		
271	2.7100		-68		
272	2.7200		-68		
273	2.7300		-69		
274	2.7400		-69		
275	2.7500		-70		
276	2.7600		-71		
277	2.7700		-71		
278	2.7800		-72		
279	2.7900		-73		
280	2.8000		-74		
281	2.8100		-74		
282	2.8200		-75		
283	2.8300		-76		
284	2.8400		-77		
285	2.8500		-78		
286	2.8600		-78		
287	2.8700		-79		
288	2.8800		-80		
289	2.8900		-81		
290	2.9000		-82		
291	2.9100		-83		
292	2.9200		-84		
293	2.9300		-85		
294	2.9400		-86		
295	2.9500		-88		
296	2.9600		-89		
297	2.9700		-90		
298	2.9800		-91		
299	2.9900		-92		
300	3.0000		-93		
301	3.0100		-95		
302	3.0200		-96		
303	3.0300		-97		
304	3.0400		-98		
305	3.0500		-100		
306	3.0600		-101		
307	3.0700		-102		
308	3.0800		-104		
309	3.0900		-105		
310	3.1000		-107		
311	3.1100		-108		
312	3.1200		-110		
313	3.1300		-111		
314	3.1400		-113		
315	3.1500		-114		
316	3.1600		-116		
317	3.1700		-118		
318	3.1800		-119		
319	3.1900		-121		
320	3.2000		-122		
321	3.2100		-124		
322	3.2200		-126		
323	3.2300		-128		
324	3.2400		-129		
325	3.2500		-131		
326	3.2600		-133		
327	3.2700		-135		
328	3.2800		-137		
329	3.2900		-138		
330	3.3000		-140		
331	3.3100		-142		
332	3.3200		-144		
333	3.3300		-146		
334	3.3400		-148		
335	3.3500		-150		
336	3.3600		-152		
337	3.3700		-154		
338	3.3800		-156		
339	3.3900		-159		
340	3.4000		-161		
341	3.4100		-163		
342	3.4200		-165		
343	3.4300		-167		
344	3.4400		-170		
345	3.4500		-172		
346	3.4600		-174		
347	3.4700		-176		
348	3.4800		-179		
349	3.4900		-181		
350	3.5000		-183		
351	3.5100		-186		
352	3.5200		-188		
353	3.5300		-190		
354	3.5400		-193		
355	3.5500		-196		
356	3.5600		-198		
357	3.5700		-200		
358	3.5800		-203		
359	3.5900		-206		
360	3.6000		-208		
361	3.6100		-211		
362	3.6200		-213		
363	3.6300		-216		
364	3.6400		-219		
365	3.6500		-222		
366	3.6600		-224		
367	3.6700		-227		
368	3.6800		-230		
369	3.6900		-232		
370	3.7000		-235		
371	3.7100		-236		
372	3.7200		-236		
373	3.7300		-236		
374	3.7400		-236		
375	3.7500		-236		
376	3.7600		-236		
377	3.7700		-236		
378	3.7800		-236		
379	3.7900		-236		
380	3.8000		-236		
381	3.8100		-236		
382	3.8200		-236		
383	3.8300		-236		
384	3.8400		-236		
385	3.8500		-236		
386	3.8600		-236		
387	3.8700		-236		
388	3.8800		-236		
389	3.8900		-236		
390	3.9000		-236		
391	3.9100		-236		
392	3.9200		-236		
393	3.9300		-236		
394	3.9400		-236		
395	3.9500		-236		
396	3.9600		-236		
397	3.9700		-236		
398	3.9800		-236		
399	3.9900		-236		
400	4.0000		-236		
401	4.0100		-236		
402	4.0200		-236		
403	4.0300		-236		
404	4.0400		-236		
405	4.0500		-236		
406	4.0600		-236		
407	4.0700		-236		
408	4.0800		-236		
409	4.0900		-236		
410	4.1000		-236		
411	4.1100		-236		
412	4.1200		-236		
413	4.1300		-236		
414	4.1400		-236		
415	4.1500		-236		
416	4.1600		-236		
417	4.1700		-236		
418	4.1800		-236		
419	4.1900		-236		
420	4.2000		-236		
421	4.2100		-236		
422	4.2200		-236		
423	4.2300		-236		
424	4.2400		-236		
425	4.2500		-236		
426	4.2600		-236		
427	4.2700		-236		
428	4.2800		-236		
429	4.2900		-236		
430	4.3000		-236		
431	4.3100		-236		
432	4.3200		-236		
433	4.3300		-236		
434	4.3400		-236		
435	4.3500		-236		
436	4.3600		-236		
437	4.3700		-236		
438	4.3800		-236		
439	4.3900		-236		
440	4.4000		-236		
441	4.4100		-236		
442	4.4200		-236		
443	4.4300		-236		
444	4.4400		-236		
445	4.4500		-236		
446	4.4600		-236		
447	4.4700		-236		
448	4.4800		-236		
449	4.4900		-236		
450	4.5000		-236		
451	4.5100		-236		
452	4.5200		-236		
453	4.5300		-236		
454	4.5400		-236		
455	4.5500		-236		
456	4.5600		-236		
457	4.5700		-236		
458	4.5800		-236		
459	4.5900		-236		
460	4.6000		-236		
461	4.6100		-236		
462	4.6200		-236		
463	4.6300		-236		
464	4.6400		-236		
465	4.6500		-236		
466	4.6600		-236		
467	4.6700		-236		
468	4.6800		-236		
469	4.6900		-236		
470	4.7000		-236		
471	4.7100		-236		
472	4.7200		-236		
473	4.7300		-236		
474	4.7400		-236		
475	4.7500		-236		
476	4.7600		-236		
477	4.7700		-236		
478	4.7800		-236		
479	4.7900		-236		
480	4.8000		-236		
481	4.8100		-236		
482	4.8200		-236		
483	4.8300		-236		
484	4.8400		-236		
485	4.8500		-236		
486	4.8600		-236		
487	4.8700		-236		
488	4.8800		-236		
489	4.8900		-236		
490	4.9000		-236		
491	4.9100		-236		
492	4.9200		-236		
493	4.9300		-236		
494	4.9400		-236		
495	4.9500		-236		
496	4.9600		-236		
497	4.9700		-236		
498	4.9800		-236		
499	4.9900		-236		
500	5.0000		-236		
501	5.0100		-236		
502	5.0200		-236		
503	5.0300		-236		
504	5.0400		-236		
505	5.0500		-236		
506	5.0600		-236		
507	5.0700		-236		
508	5.0800		-236		
509	5.0900		-236		
510	5.1000		-236		
511	5.1100		-236		
512	5.1200		-236		
513	5.1300		-236		
514	5.1400		-236		
515	5.1500		-236		
516	5.1600		-236		
517	5.1700		-236		
518	5.1800		-236		
519	5.1900		-236		
520	5.2000		-236		
521	5.2100		-236		
522	5.2200		-236		
523	5.2300		-236		
524	5.2400		-236		
525	5.2500		-236		
526	5.2600		-236		
527	5.2700		-236		
528	5.2800		-236		
529	5.2900		-236		
530	5.3000		-236		
531	5.3100		-236		
532	5.3200		-236		
533	5.3300		-236		
534	5.3400		-236		
535	5.3500		-236		
536	5.3600		-236		
537	5.3700		-236		
538	5.3800		-236		
539	5.3900		-236		
540	5.4000		-236		
541	5.4100		-236		
542	5.4200		-236		
543	5.4300		-236		
544	5.4400		-236		
545	5.4500		-236		
546	5.4600		-236		
547	5.4700		-236		
548	5.4800		-236		
549	5.4900		-236		
550	5.5000		-236		
551	5.5100		-236		
552	5.5200		-236		
553	5.5300		-236		
554	5.5400		-236		
555	5.5500		-236		
556	5.5600		-236		
557	5.5700		-236		
558	5.5800		-236		
559	5.5900		-236		
560	5.6000		-236		
561	5.6100		-236		
562	5.6200		-236		
563	5.6300		-236		
564	5.6400		-236		
565	5.6500		-236		
566	5.6600		-236		
567	5.6700		-236		
568	5.6800		-236		
569	5.6900		-236		
570	5.7000		-236		
571	5.7100		-236		
572	5.7200		-236		
573	5.7300		-236		
574	5.7400		-236		
575	5.7500		-236		
576	5.7600		-236		
577	5.7700		-236		
578	5.7800		-236		
579	5.7900		-236		
580	5.8000		-236		
581	5.8100		-236		
582	5.8200		-236		
583	5.8300		-236		
584	5.8400		-236		
585	5.8500		-236		
586	5.8600		-236		
587	5.8700		-236		
588	5.8800		-236		
589	5.8900		-236		
590	5.9000		-236		
591	5.9100		-236		
592	5.9200		-236		
593	5.9300		-236		
594	5.9400		-236		
595	5.9500		-236		
596	5.9600		-236		
597	5.9700		-236		
598	5.9800		-236		
599	5.9900		-236		
600	6.0000		-236		
601	6.0100		-236		
602	6.0200		-236		
603	6.0300		-236		
604	6.0400		-236		
605	6.0500		-236		
606	6.0600		-236		
607	6.0700		-236		
608	6.0800		-236		
609	6.0900		-236		
610	6.1000		-236		
611	6.1100		-236		
612	6.1200		-236		
613	6.1300		-236		
614	6.1400		-236		
615	6.1500		-236		
616	6.1600		-236		
617	6.1700		-236		
618	6.1800		-236		
619	6.1900		-236		
620	6.2000		-236		
621	6.2100		-236		
622	6.2200		-236		
623	6.2300		-236		
624	6.2400		-236		
625	6.2500		-236		
626	6.2600		-236		
627	6.2700		-236		
628	6.2800		-236		
629	6.2900		-236		
630	6.3000		-236		
631	6.3100		-236		
632	6.3200		-236		
633	6.3300		-236		
634	6.3400		-236		
635	6.3500		-236		
636	6.3600		-236		
637	6.3700		-236		
638	6.3800		-236		
639	6.3900		-236		
640	6.4000		-236		
641	6.4100		-236		
642	6.4200		-236		
643	6.4300		-236		
644	6.4400		-236		
645	6.4500		-236		
646	6.4600		-236		
647	6.4700		-236		
648	6.4800		-236		
649	6.4900		-236		
650	6.5000		-236		
651	6.5100		-236		
652	6.5200		-235		
653	6.5300		-233		
654	6.5400		-231		
655	6.5500		-229		
656	6.5600		-227		
657	6.5700		-225		
658	6.5800		-222		
659	6.5900		-220		
660	6.6000		-218		
661	6.6100		-216		
662	6.6200		-214		
663	6.6300		-212		
664	6.6400		-210		
665	6.6500		-208		
666	6.6600		-206		
667	6.6700		-205		
668	6.6800		-203		
669	6.6900		-201		
670	6.7000		-199		
671	6.7100		-197		
672	6.7200		-195		
673	6.7300		-194		
674	6.7400		-192		
675	6.7500		-190		
676	6.7600		-188		
677	6.7700		-187		
678	6.7800		-185		
679	6.7900		-184		
680	6.8000		-182		
681	6.8100		-180		
682	6.8200		-179		
683	6.8300		-177		
684	6.8400		-176		
685	6.8500		-174		
686	6.8600		-173		
687	6.8700		-172		
688	6.8800		-170		
689	6.8900		-169		
690	6.9000		-167		
691	6.9100		-166		
692	6.9200		-165		
693	6.9300		-163		
694	6.9400		-162		
695	6.9500		-161		
696	6.9600		-160		
697	6.9700		-158		
698	6.9800		-157		
699	6.9900		-156		
700	7.0000		-155		
701	7.0100		-154		
702	7.0200		-153		
703	7.0300		-152		
704	7.0400		-151		
705	7.0500		-150		
706	7.0600		-149		
707	7.0700		-148		
708	7.0800		-147		
709	7.0900		-146		
710	7.1000		-145		
711	7.1100		-144		
712	7.1200		-143		
713	7.1300		-142		
714	7.1400		-142		
715	7.1500		-141		
716	7.1600		-140		
717	7.1700		-139		
718	7.1800		-139		
719	7.1900		-138		
720	7.2000		-137		
721	7.2100		-137		
722	7.2200		-136		
723	7.2300		-135		
724	7.2400		-135		
725	7.2500		-134		
726	7.2600		-134		
727	7.2700		-133		
728	7.2800		-133		
729	7.2900		-132		
730	7.3000		-132		
731	7.3100		-132		
732	7.3200		-131		
733	7.3300		-131		
734	7.3400		-130		
735	7.3500		-130		
736	7.3600		-130		
737	7.3700		-130		
738	7.3800		-129		
739	7.3900		-129		
740	7.4000		-129		
741	7.4100		-129		
742	7.4200		-128		
743	7.4300		-128		
744	7.4400		-128		
745	7.4500		-128		
746	7.4600		-128		
747	7.4700		-128		
748	7.4800		-128		
749	7.4900		-128		
750	7.5000		-128		
751	7.5100		-128		
752	7.5200		-128		
753	7.5300		-128		
754	7.5400		-128		
755	7.5500		-129		
756	7.5600		-129		
757	7.5700		-129		
758	7.5800		-129		
759	7.5900		-130		
760	7.6000		-130		
761	7.6100		-130		
762	7.6200		-130		
763	7.6300		-131		
764	7.6400		-131		
765	7.6500		-132		
766	7.6600		-132		
767	7.6700		-132		
768	7.6800		-133		
769	7.6900		-133		
770	7.7000		-134		
771	7.7100		-134		
772	7.7200		-135		
773	7.7300		-135		
774	7.7400		-136		
775	7.7500		-137		
776	7.7600		-137		
777	7.7700		-138		
778	7.7800		-138		
779	7.7900		-139		
780	7.8000		-140		
781	7.8100		-141		
782	7.8200		-142		
783	7.8300		-142		
784	7.8400		-143		
785	7.8500		-144		
786	7.8600		-145		
787	7.8700		-146		
788	7.8800		-147		
789	7.8900		-148		
790	7.9000		-148		
791	7.9100		-150		
792	7.9200		-150		
793	7.9300		-152		
794	7.9400		-153		
795	7.9500		-154		
796	7.9600		-155		
797	7.9700		-156		
798	7.9800		-157		
799	7.9900		-158		
800	8.0000		-159		
801	8.0100		-161		
802	8.0200		-162		
803	8.0300		-163		
804	8.0400		-164		
805	8.0500		-166		
806	8.0600		-167		
807	8.0700		-168		
808	8.0800		-170		
809	8.0900		-171		
810	8.1000		-172		
811	8.1100		-174		
812	8.1200		-175		
813	8.1300		-177		
814	8.1400		-178		
815	8.1500		-180		
816	8.1600		-182		
817	8.1700		-183		
818	8.1800		-185		
819	8.1900		-186		
820	8.2000		-188		
821	8.2100		-190		
822	8.2200		-191		
823	8.2300		-193		
824	8.2400		-195		
825	8.2500		-196		
826	8.2600		-198		
827	8.2700		-200		
828	8.2800		-202		
829	8.2900		-204		
830	8.3000		-206		
831	8.3100		-207		
832	8.3200		-209		
833	8.3300		-211		
834	8.3400		-213		
835	8.3500		-215		
836	8.3600		-217		
837	8.3700		-219		
838	8.3800		-221		
839	8.3900		-223		
840	8.4000		-225		
841	8.4100		-228		
842	8.4200		-230		
843	8.4300		-232		
844	8.4400		-234		
845	8.4500		-236		
846	8.4600		-236		
847	8.4700		-236		
848	8.4800		-236		
849	8.4900		-236		
850	8.5000		-236		
851	8.5100		-236		
852	8.5200		-236		
853	8.5300		-236		
854	8.5400		-236		
855	8.5500		-236		
856	8.5600		-236		
857	8.5700		-236		
858	8.5800		-236		
859	8.5900		-236		
860	8.6000		-236		
861	8.6100		-236		
862	8.6200		-236		
863	8.6300		-236		
864	8.6400		-236		
865	8.6500		-236		
866	8.6600		-236		
867	8.6700		-236		
868	8.6800		-236		
869	8.6900		-236		
870	8.7000		-236		
871	8.7100		-236		
872	8.7200		-236		
873	8.7300		-236		
874	8.7400		-236		
875	8.7500		-236		
876	8.7600		-236		
877	8.7700		-236		
878	8.7800		-236		
879	8.7900		-236		
880	8.8000		-236		
881	8.8100		-236		
882	8.8200		-236		
883	8.8300		-236		
884	8.8400		-236		
885	8.8500		-236		
886	8.8600		-236		
887	8.8700		-236		
888	8.8800		-236		
889	8.8900		-236		
890	8.9000		-236		
891	8.9100		-236		
892	8.9200		-236		
893	8.9300		-236		
894	8.9400		-236		
895	8.9500		-236		
896	8.9600		-236		
897	8.9700		-236		
898	8.9800		-236		
899	8.9900		-236		
900	9.0000		-236		
901	9.0100		-236		
902	9.0200		-236		
903	9.0300		-236		
904	9.0400		-236		
905	9.0500		-236		
906	9.0600		-236		
907	9.0700		-236		
908	9.0800		-236		
909	9.0900		-236		
910	9.1000		-236		
911	9.1100		-236		
912	9.1200		-236		
913	9.1300		-236		
914	9.1400		-236		
915	9.1500		-236		
916	9.1600		-236		
917	9.1700		-236		
918	9.1800		-236		
919	9.1900		-236		
920	9.2000		-236		
921	9.2100		-236		
922	9.2200		-236		
923	9.2300		-236		
924	9.2400		-236		
925	9.2500		-236		
926	9.2600		-236		
927	9.2700		-236		
928	9.2800		-236		
929	9.2900		-236		
930	9.3000		-236		
931	9.3100		-236		
932	9.3200		-236		
933	9.3300		-236		
934	9.3400		-236		
935	9.3500		-236		
936	9.3600		-236		
937	9.3700		-236		
938	9.3800		-236		
939	9.3900		-236		
940	9.4000		-236		
941	9.4100		-236		
942	9.4200		-236		
943	9.4300		-236		
944	9.4400		-236		
945	9.4500		-236		
946	9.4600		-236		
947	9.4700		-236		
948	9.4800		-236		
949	9.4900		-236		
950	9.5000		-236		
951	9.5100		-236		
952	9.5200		-236		
953	9.5300		-236		
954	9.5400		-236		
955	9.5500		-236		
956	9.5600		-236		
957	9.5700		-236		
958	9.5800		-236		
959	9.5900		-236		
960	9.6000		-236		
961	9.6100		-236		
962	9.6200		-236		
963	9.6300		-236		
964	9.6400		-236		
965	9.6500		-236		
966	9.6600		-236		
967	9.6700		-236		
968	9.6800		-236		
969	9.6900		-236		
970	9.7000		-236		
971	9.7100		-236		
972	9.7200		-236		
973	9.7300		-236		
974	9.7400		-236		
975	9.7500		-236		
976	9.7600		-236		
977	9.7700		-236		
978	9.7800		-236		
979	9.7900		-236		
980	9.8000		-236		
981	9.8100		-236		
982	9.8200		-236		
983	9.8300		-236		
984	9.8400		-236		
985	9.8500		-236		
986	9.8600		-236		
987	9.8700		-236		
988	9.8800		-236		
989	9.8900		-236		
990	9.9000		-236		
991	9.9100		-236		
992	9.9200		-236		
993	9.9300		-236		
994	9.9400		-236		
995	9.9500		-236		
996	9.9600		-236		
997	9.9700		-236		
998	9.9800		-236		
999	9.9900		-236		
1000	10.0000		-236		
