#	time(s)	count A	count B	count C	count D
1	0.0050		0		
2	0.0100		0		
3	0.0150		0		
4	0.0200		0		
5	0.0250		0		
6	0.0300		0		
7	0.0350		0		
8	0.0400		0		
9	0.0450		0		
10	0.0500		0		
11	0.0550		0		
12	0.0600		0		
13	0.0650		0		
14	0.0700		0		
15	0.0750		0		
16	0.0800		0		
17	0.0850		0		
18	0.0900		0		
19	0.0950		0		
20	0.1000		0		
21	0.1050		0		
22	0.1100		0		
23	0.1150		0		
24	0.1200		0		
25	0.1250		0		
26	0.1300		0		
27	0.1350		0		
28	0.1400		0		
29	0.1450		0		
30	0.1500		0		
31	0.1550		0		
32	0.1600		0		
33	0.1650		0		
34	0.1700		0		
35	0.1750		0		
36	0.1800		0		
37	0.1850		0		
38	0.1900		0		
39	0.1950		0		
40	0.2000		0		
41	0.2050		0		
42	0.2100		0		
43	0.2150		0		
44	0.2200		0		
45	0.2250		0		
46	0.2300		0		
47	0.2350		0		
48	0.2400		0		
49	0.2450		0		
50	0.2500		0		
51	0.2550		0		
52	0.2600		0		
53	0.2650		0		
54	0.2700		0		
55	0.2750		0		
56	0.2800		0		
57	0.2850		0		
58	0.2900		0		
59	0.2950		0		
60	0.3000		0		
61	0.3050		0		
62	0.3100		0		
63	0.3150		0		
64	0.3200		0		
65	0.3250		0		
66	0.3300		0		
67	0.3350		0		
68	0.3400		0		
69	0.3450		0		
70	0.3500		0		
71	0.3550		0		
72	0.3600		0		
73	0.3650		0		
74	0.3700		0		
75	0.3750		0		
76	0.3800		0		
77	0.3850		0		
78	0.3900		0		
79	0.3950		0		
80	0.4000		0		
81	0.4050		0		
82	0.4100		0		
83	0.4150		0		
84	0.4200		0		
85	0.4250		0		
86	0.4300		0		
87	0.4350		0		
88	0.4400		0		
89	0.4450		0		
90	0.4500		0		
91	0.4550		0		
92	0.4600		0		
93	0.4650		0		
94	0.4700		0		
95	0.4750		0		
96	0.4800		0		
97	0.4850		0		
98	0.4900		0		
99	0.4950		0		
100	0.5000		0		
101	0.5050		0		
102	0.5100		0		
103	0.5150		0		
104	0.5200		0		
105	0.5250		0		
106	0.5300		0		
107	0.5350		0		
108	0.5400		0		
109	0.5450		0		
110	0.5500		0		
111	0.5550		0		
112	0.5600		0		
113	0.5650		0		
114	0.5700		0		
115	0.5750		0		
116	0.5800		0		
117	0.5850		0		
118	0.5900		0		
119	0.5950		0		
120	0.6000		0		
121	0.6050		0		
122	0.6100		0		
123	0.6150		0		
124	0.6200		0		
125	0.6250		0		
126	0.6300		0		
127	0.6350		0		
128	0.6400		0		
129	0.6450		0		
130	0.6500		0		
131	0.6550		0		
132	0.6600		0		
133	0.6650		0		
134	0.6700		0		
135	0.6750		0		
136	0.6800		0		
137	0.6850		0		
138	0.6900		0		
139	0.6950		0		
140	0.7000		0		
141	0.7050		0		
142	0.7100		0		
143	0.7150		0		
144	0.7200		0		
145	0.7250		0		
146	0.7300		0		
147	0.7350		0		
148	0.7400		0		
149	0.7450		0		
150	0.7500		0		
151	0.7550		0		
152	0.7600		0		
153	0.7650		0		
154	0.7700		0		
155	0.7750		0		
156	0.7800		0		
157	0.7850		0		
158	0.7900		0		
159	0.7950		0		
160	0.8000		0		
161	0.8050		0		
162	0.8100		0		
163	0.8150		0		
164	0.8200		0		
165	0.8250		0		
166	0.8300		0		
167	0.8350		0		
168	0.8400		0		
169	0.8450		0		
170	0.8500		0		
171	0.8550		0		
172	0.8600		0		
173	0.8650		0		
174	0.8700		0		
175	0.8750		0		
176	0.8800		0		
177	0.8850		0		
178	0.8900		0		
179	0.8950		0		
180	0.9000		0		
181	0.9050		0		
182	0.9100		0		
183	0.9150		0		
184	0.9200		0		
185	0.9250		0		
186	0.9300		0		
187	0.9350		0		
188	0.9400		0		
189	0.9450		0		
190	0.9500		0		
191	0.9550		0		
192	0.9600		0		
193	0.9650		0		
194	0.9700		0		
195	0.9750		0		
196	0.9800		0		
197	0.9850		0		
198	0.9900		0		
199	0.9950		0		
200	1.0000		0		
201	1.0050		0		
202	1.0100		0		
203	1.0150		0		
204	1.0200		0		
205	1.0250		0		
206	1.0300		0		
207	1.0350		0		
208	1.0400		0		
209	1.0450		0		
210	1.0500		0		
211	1.0550		0		
212	1.0600		0		
213	1.0650		0		
214	1.0700		0		
215	1.0750		0		
216	1.0800		0		
217	1.0850		0		
218	1.0900		0		
219	1.0950		0		
220	1.1000		0		
221	1.1050		0		
222	1.1100		0		
223	1.1150		0		
224	1.1200		0		
225	1.1250		0		
226	1.1300		0		
227	1.1350		0		
228	1.1400		0		
229	1.1450		0		
230	1.1500		0		
231	1.1550		0		
232	1.1600		0		
233	1.1650		0		
234	1.1700		0		
235	1.1750		0		
236	1.1800		0		
237	1.1850		0		
238	1.1900		0		
239	1.1950		0		
240	1.2000		0		
241	1.2050		0		
242	1.2100		0		
243	1.2150		0		
244	1.2200		0		
245	1.2250		0		
246	1.2300		0		
247	1.2350		0		
248	1.2400		0		
249	1.2450		0		
250	1.2500		0		
251	1.2550		0		
252	1.2600		0		
253	1.2650		0		
254	1.2700		0		
255	1.2750		0		
256	1.2800		0		
257	1.2850		0		
258	1.2900		0		
259	1.2950		0		
260	1.3000		0		
261	1.3050		0		
262	1.3100		0		
263	1.3150		0		
264	1.3200		0		
265	1.3250		0		
266	1.3300		0		
267	1.3350		0		
268	1.3400		0		
269	1.3450		0		
270	1.3500		0		
271	1.3550		0		
272	1.3600		0		
273	1.3650		0		
274	1.3700		0		
275	1.3750		0		
276	1.3800		0		
277	1.3850		0		
278	1.3900		0		
279	1.3950		0		
280	1.4000		0		
281	1.4050		0		
282	1.4100		0		
283	1.4150		0		
284	1.4200		0		
285	1.4250		0		
286	1.4300		0		
287	1.4350		0		
288	1.4400		0		
289	1.4450		0		
290	1.4500		0		
291	1.4550		0		
292	1.4600		0		
293	1.4650		0		
294	1.4700		0		
295	1.4750		0		
296	1.4800		0		
297	1.4850		0		
298	1.4900		0		
299	1.4950		0		
300	1.5000		0		
301	1.5050		0		
302	1.5100		0		
303	1.5150		0		
304	1.5200		0		
305	1.5250		0		
306	1.5300		0		
307	1.5350		0		
308	1.5400		0		
309	1.5450		0		
310	1.5500		0		
311	1.5550		0		
312	1.5600		0		
313	1.5650		0		
314	1.5700		0		
315	1.5750		0		
316	1.5800		0		
317	1.5850		0		
318	1.5900		0		
319	1.5950		0		
320	1.6000		0		
321	1.6050		0		
322	1.6100		0		
323	1.6150		0		
324	1.6200		0		
325	1.6250		0		
326	1.6300		0		
327	1.6350		0		
328	1.6400		0		
329	1.6450		0		
330	1.6500		0		
331	1.6550		0		
332	1.6600		0		
333	1.6650		0		
334	1.6700		0		
335	1.6750		0		
336	1.6800		0		
337	1.6850		0		
338	1.6900		0		
339	1.6950		0		
340	1.7000		0		
341	1.7050		0		
342	1.7100		0		
343	1.7150		0		
344	1.7200		0		
345	1.7250		0		
346	1.7300		0		
347	1.7350		0		
348	1.7400		0		
349	1.7450		0		
350	1.7500		0		
351	1.7550		0		
352	1.7600		0		
353	1.7650		0		
354	1.7700		0		
355	1.7750		0		
356	1.7800		0		
357	1.7850		0		
358	1.7900		0		
359	1.7950		0		
360	1.8000		0		
361	1.8050		0		
362	1.8100		0		
363	1.8150		0		
364	1.8200		0		
365	1.8250		0		
366	1.8300		0		
367	1.8350		0		
368	1.8400		0		
369	1.8450		0		
370	1.8500		0		
371	1.8550		0		
372	1.8600		0		
373	1.8650		0		
374	1.8700		0		
375	1.8750		0		
376	1.8800		0		
377	1.8850		0		
378	1.8900		0		
379	1.8950		0		
380	1.9000		0		
381	1.9050		0		
382	1.9100		0		
383	1.9150		0		
384	1.9200		0		
385	1.9250		0		
386	1.9300		0		
387	1.9350		0		
388	1.9400		0		
389	1.9450		0		
390	1.9500		0		
391	1.9550		0		
392	1.9600		0		
393	1.9650		0		
394	1.9700		0		
395	1.9750		0		
396	1.9800		0		
397	1.9850		0		
398	1.9900		0		
399	1.9950		0		
400	2.0000		0		
401	2.0050		0		
402	2.0100		0		
403	2.0150		0		
404	2.0200		0		
405	2.0250		0		
406	2.0300		0		
407	2.0350		0		
408	2.0400		0		
409	2.0450		0		
410	2.0500		0		
411	2.0550		0		
412	2.0600		0		
413	2.0650		0		
414	2.0700		0		
415	2.0750		0		
416	2.0800		0		
417	2.0850		0		
418	2.0900		0		
419	2.0950		0		
420	2.1000		0		
421	2.1050		0		
422	2.1100		0		
423	2.1150		0		
424	2.1200		0		
425	2.1250		0		
426	2.1300		0		
427	2.1350		0		
428	2.1400		0		
429	2.1450		0		
430	2.1500		0		
431	2.1550		0		
432	2.1600		0		
433	2.1650		0		
434	2.1700		0		
435	2.1750		0		
436	2.1800		0		
437	2.1850		0		
438	2.1900		0		
439	2.1950		0		
440	2.2000		0		
441	2.2050		0		
442	2.2100		0		
443	2.2150		0		
444	2.2200		0		
445	2.2250		0		
446	2.2300		0		
447	2.2350		0		
448	2.2400		0		
449	2.2450		0		
450	2.2500		0		
451	2.2550		0		
452	2.2600		0		
453	2.2650		0		
454	2.2700		0		
455	2.2750		0		
456	2.2800		0		
457	2.2850		0		
458	2.2900		0		
459	2.2950		0		
460	2.3000		0		
461	2.3050		0		
462	2.3100		0		
463	2.3150		0		
464	2.3200		0		
465	2.3250		0		
466	2.3300		0		
467	2.3350		0		
468	2.3400		0		
469	2.3450		0		
470	2.3500		0		
471	2.3550		0		
472	2.3600		0		
473	2.3650		0		
474	2.3700		0		
475	2.3750		0		
476	2.3800		0		
477	2.3850		0		
478	2.3900		0		
479	2.3950		0		
480	2.4000		0		
481	2.4050		0		
482	2.4100		0		
483	2.4150		0		
484	2.4200		0		
485	2.4250		0		
486	2.4300		0		
487	2.4350		0		
488	2.4400		0		
489	2.4450		0		
490	2.4500		0		
491	2.4550		0		
492	2.4600		0		
493	2.4650		0		
494	2.4700		0		
495	2.4750		0		
496	2.4800		0		
497	2.4850		0		
498	2.4900		0		
499	2.4950		0		
500	2.5000		0		
501	2.5050		0		
502	2.5100		0		
503	2.5150		0		
504	2.5200		0		
505	2.5250		0		
506	2.5300		0		
507	2.5350		0		
508	2.5400		0		
509	2.5450		0		
510	2.5500		0		
511	2.5550		0		
512	2.5600		0		
513	2.5650		0		
514	2.5700		0		
515	2.5750		0		
516	2.5800		0		
517	2.5850		0		
518	2.5900		0		
519	2.5950		0		
520	2.6000		0		
521	2.6050		0		
522	2.6100		0		
523	2.6150		0		
524	2.6200		0		
525	2.6250		0		
526	2.6300		0		
527	2.6350		0		
528	2.6400		0		
529	2.6450		0		
530	2.6500		0		
531	2.6550		0		
532	2.6600		0		
533	2.6650		0		
534	2.6700		0		
535	2.6750		0		
536	2.6800		0		
537	2.6850		0		
538	2.6900		0		
539	2.6950		0		
540	2.7000		0		
541	2.7050		0		
542	2.7100		0		
543	2.7150		0		
544	2.7200		0		
545	2.7250		0		
546	2.7300		0		
547	2.7350		0		
548	2.7400		0		
549	2.7450		0		
550	2.7500		0		
551	2.7550		0		
552	2.7600		0		
553	2.7650		0		
554	2.7700		0		
555	2.7750		0		
556	2.7800		0		
557	2.7850		0		
558	2.7900		0		
559	2.7950		0		
560	2.8000		0		
561	2.8050		0		
562	2.8100		0		
563	2.8150		0		
564	2.8200		-2		
565	2.8250		-5		
566	2.8300		-7		
567	2.8350		-10		
568	2.8400		-13		
569	2.8450		-15		
570	2.8500		-18		
571	2.8550		-20		
572	2.8600		-23		
573	2.8650		-26		
574	2.8700		-28		
575	2.8750		-31		
576	2.8800		-34		
577	2.8850		-36		
578	2.8900		-39		
579	2.8950		-42		
580	2.9000		-44		
581	2.9050		-47		
582	2.9100		-50		
583	2.9150		-52		
584	2.9200		-55		
585	2.9250		-58		
586	2.9300		-60		
587	2.9350		-63		
588	2.9400		-66		
589	2.9450		-68		
590	2.9500		-71		
591	2.9550		-74		
592	2.9600		-76		
593	2.9650		-79		
594	2.9700		-81		
595	2.9750		-84		
596	2.9800		-87		
597	2.9850		-89		
598	2.9900		-92		
599	2.9950		-95		
600	3.0000		-97		
601	3.0050		-100		
602	3.0100		-103		
603	3.0150		-105		
604	3.0200		-108		
605	3.0250		-111		
606	3.0300		-113		
607	3.0350		-116		
608	3.0400		-118		
609	3.0450		-121		
610	3.0500		-124		
611	3.0550		-126		
612	3.0600		-129		
613	3.0650		-132		
614	3.0700		-134		
615	3.0750		-137		
616	3.0800		-140		
617	3.0850		-142		
618	3.0900		-145		
619	3.0950		-147		
620	3.1000		-149		
621	3.1050		-152		
622	3.1100		-154		
623	3.1150		-157		
624	3.1200		-159		
625	3.1250		-161		
626	3.1300		-164		
627	3.1350		-167		
628	3.1400		-169		
629	3.1450		-172		
630	3.1500		-174		
631	3.1550		-177		
632	3.1600		-180		
633	3.1650		-182		
634	3.1700		-185		
635	3.1750		-187		
636	3.1800		-190		
637	3.1850		-193		
638	3.1900		-195		
639	3.1950		-198		
640	3.2000		-200		
641	3.2050		-203		
642	3.2100		-206		
643	3.2150		-208		
644	3.2200		-211		
645	3.2250		-214		
646	3.2300		-216		
647	3.2350		-219		
648	3.2400		-222		
649	3.2450		-224		
650	3.2500		-226		
651	3.2550		-226		
652	3.2600		-228		
653	3.2650		-229		
654	3.2700		-229		
655	3.2750		-229		
656	3.2800		-229		
657	3.2850		-229		
658	3.2900		-229		
659	3.2950		-229		
660	3.3000		-229		
661	3.3050		-229		
662	3.3100		-229		
663	3.3150		-229		
664	3.3200		-229		
665	3.3250		-229		
666	3.3300		-229		
667	3.3350		-229		
668	3.3400		-229		
669	3.3450		-229		
670	3.3500		-229		
671	3.3550		-229		
672	3.3600		-229		
673	3.3650		-229		
674	3.3700		-229		
675	3.3750		-229		
676	3.3800		-229		
677	3.3850		-229		
678	3.3900		-229		
679	3.3950		-229		
680	3.4000		-229		
681	3.4050		-229		
682	3.4100		-229		
683	3.4150		-229		
684	3.4200		-229		
685	3.4250		-229		
686	3.4300		-229		
687	3.4350		-229		
688	3.4400		-229		
689	3.4450		-229		
690	3.4500		-229		
691	3.4550		-229		
692	3.4600		-229		
693	3.4650		-229		
694	3.4700		-229		
695	3.4750		-229		
696	3.4800		-229		
697	3.4850		-229		
698	3.4900		-229		
699	3.4950		-229		
700	3.5000		-229		
701	3.5050		-229		
702	3.5100		-229		
703	3.5150		-229		
704	3.5200		-229		
705	3.5250		-229		
706	3.5300		-229		
707	3.5350		-229		
708	3.5400		-229		
709	3.5450		-229		
710	3.5500		-229		
711	3.5550		-229		
712	3.5600		-229		
713	3.5650		-229		
714	3.5700		-229		
715	3.5750		-229		
716	3.5800		-229		
717	3.5850		-229		
718	3.5900		-229		
719	3.5950		-229		
720	3.6000		-229		
721	3.6050		-229		
722	3.6100		-229		
723	3.6150		-229		
724	3.6200		-229		
725	3.6250		-229		
726	3.6300		-229		
727	3.6350		-229		
728	3.6400		-229		
729	3.6450		-229		
730	3.6500		-229		
731	3.6550		-229		
732	3.6600		-229		
733	3.6650		-229		
734	3.6700		-229		
735	3.6750		-229		
736	3.6800		-229		
737	3.6850		-229		
738	3.6900		-229		
739	3.6950		-229		
740	3.7000		-229		
741	3.7050		-229		
742	3.7100		-229		
743	3.7150		-229		
744	3.7200		-229		
745	3.7250		-229		
746	3.7300		-229		
747	3.7350		-229		
748	3.7400		-229		
749	3.7450		-229		
750	3.7500		-229		
751	3.7550		-229		
752	3.7600		-229		
753	3.7650		-229		
754	3.7700		-229		
755	3.7750		-229		
756	3.7800		-229		
757	3.7850		-229		
758	3.7900		-229		
759	3.7950		-229		
760	3.8000		-229		
761	3.8050		-229		
762	3.8100		-229		
763	3.8150		-229		
764	3.8200		-229		
765	3.8250		-229		
766	3.8300		-229		
767	3.8350		-229		
768	3.8400		-229		
769	3.8450		-229		
770	3.8500		-229		
771	3.8550		-229		
772	3.8600		-229		
773	3.8650		-229		
774	3.8700		-229		
775	3.8750		-229		
776	3.8800		-229		
777	3.8850		-229		
778	3.8900		-229		
779	3.8950		-229		
780	3.9000		-229		
781	3.9050		-229		
782	3.9100		-229		
783	3.9150		-229		
784	3.9200		-229		
785	3.9250		-229		
786	3.9300		-229		
787	3.9350		-229		
788	3.9400		-229		
789	3.9450		-229		
790	3.9500		-229		
791	3.9550		-229		
792	3.9600		-229		
793	3.9650		-229		
794	3.9700		-229		
795	3.9750		-229		
796	3.9800		-229		
797	3.9850		-229		
798	3.9900		-229		
799	3.9950		-229		
800	4.0000		-229		
801	4.0050		-229		
802	4.0100		-229		
803	4.0150		-229		
804	4.0200		-229		
805	4.0250		-229		
806	4.0300		-229		
807	4.0350		-229		
808	4.0400		-229		
809	4.0450		-229		
810	4.0500		-229		
811	4.0550		-229		
812	4.0600		-229		
813	4.0650		-229		
814	4.0700		-229		
815	4.0750		-229		
816	4.0800		-229		
817	4.0850		-229		
818	4.0900		-229		
819	4.0950		-229		
820	4.1000		-229		
821	4.1050		-229		
822	4.1100		-229		
823	4.1150		-229		
824	4.1200		-229		
825	4.1250		-229		
826	4.1300		-229		
827	4.1350		-229		
828	4.1400		-229		
829	4.1450		-229		
830	4.1500		-229		
831	4.1550		-229		
832	4.1600		-229		
833	4.1650		-229		
834	4.1700		-229		
835	4.1750		-229		
836	4.1800		-229		
837	4.1850		-229		
838	4.1900		-229		
839	4.1950		-229		
840	4.2000		-229		
841	4.2050		-229		
842	4.2100		-229		
843	4.2150		-229		
844	4.2200		-229		
845	4.2250		-229		
846	4.2300		-229		
847	4.2350		-229		
848	4.2400		-229		
849	4.2450		-229		
850	4.2500		-229		
851	4.2550		-229		
852	4.2600		-229		
853	4.2650		-229		
854	4.2700		-229		
855	4.2750		-229		
856	4.2800		-229		
857	4.2850		-229		
858	4.2900		-229		
859	4.2950		-229		
860	4.3000		-229		
861	4.3050		-229		
862	4.3100		-229		
863	4.3150		-229		
864	4.3200		-229		
865	4.3250		-229		
866	4.3300		-229		
867	4.3350		-229		
868	4.3400		-229		
869	4.3450		-229		
870	4.3500		-229		
871	4.3550		-229		
872	4.3600		-229		
873	4.3650		-229		
874	4.3700		-229		
875	4.3750		-229		
876	4.3800		-229		
877	4.3850		-229		
878	4.3900		-229		
879	4.3950		-229		
880	4.4000		-229		
881	4.4050		-229		
882	4.4100		-229		
883	4.4150		-229		
884	4.4200		-229		
885	4.4250		-229		
886	4.4300		-229		
887	4.4350		-229		
888	4.4400		-229		
889	4.4450		-229		
890	4.4500		-229		
891	4.4550		-229		
892	4.4600		-229		
893	4.4650		-229		
894	4.4700		-229		
895	4.4750		-229		
896	4.4800		-229		
897	4.4850		-229		
898	4.4900		-229		
899	4.4950		-229		
900	4.5000		-229		
901	4.5050		-229		
902	4.5100		-229		
903	4.5150		-229		
904	4.5200		-229		
905	4.5250		-229		
906	4.5300		-229		
907	4.5350		-229		
908	4.5400		-229		
909	4.5450		-229		
910	4.5500		-229		
911	4.5550		-229		
912	4.5600		-229		
913	4.5650		-229		
914	4.5700		-229		
915	4.5750		-229		
916	4.5800		-229		
917	4.5850		-229		
918	4.5900		-229		
919	4.5950		-229		
920	4.6000		-229		
921	4.6050		-229		
922	4.6100		-229		
923	4.6150		-229		
924	4.6200		-229		
925	4.6250		-229		
926	4.6300		-229		
927	4.6350		-229		
928	4.6400		-229		
929	4.6450		-229		
930	4.6500		-229		
931	4.6550		-229		
932	4.6600		-229		
933	4.6650		-229		
934	4.6700		-229		
935	4.6750		-229		
936	4.6800		-229		
937	4.6850		-229		
938	4.6900		-229		
939	4.6950		-229		
940	4.7000		-229		
941	4.7050		-229		
942	4.7100		-229		
943	4.7150		-229		
944	4.7200		-229		
945	4.7250		-229		
946	4.7300		-229		
947	4.7350		-229		
948	4.7400		-229		
949	4.7450		-229		
950	4.7500		-229		
951	4.7550		-229		
952	4.7600		-229		
953	4.7650		-229		
954	4.7700		-229		
955	4.7750		-229		
956	4.7800		-229		
957	4.7850		-229		
958	4.7900		-229		
959	4.7950		-229		
960	4.8000		-229		
961	4.8050		-229		
962	4.8100		-229		
963	4.8150		-229		
964	4.8200		-229		
965	4.8250		-229		
966	4.8300		-229		
967	4.8350		-229		
968	4.8400		-229		
969	4.8450		-229		
970	4.8500		-229		
971	4.8550		-229		
972	4.8600		-229		
973	4.8650		-229		
974	4.8700		-229		
975	4.8750		-229		
976	4.8800		-229		
977	4.8850		-229		
978	4.8900		-229		
979	4.8950		-229		
980	4.9000		-228		
981	4.9050		-225		
982	4.9100		-223		
983	4.9150		-220		
984	4.9200		-218		
985	4.9250		-216		
986	4.9300		-213		
987	4.9350		-211		
988	4.9400		-208		
989	4.9450		-206		
990	4.9500		-203		
991	4.9550		-201		
992	4.9600		-198		
993	4.9650		-196		
994	4.9700		-193		
995	4.9750		-191		
996	4.9800		-188		
997	4.9850		-186		
998	4.9900		-183		
999	4.9950		-181		
1000	5.0000		-178		
1001	5.0050		-176		
1002	5.0100		-173		
1003	5.0150		-171		
1004	5.0200		-168		
1005	5.0250		-166		
1006	5.0300		-163		
1007	5.0350		-161		
1008	5.0400		-158		
1009	5.0450		-156		
1010	5.0500		-153		
1011	5.0550		-152		
1012	5.0600		-149		
1013	5.0650		-147		
1014	5.0700		-144		
1015	5.0750		-143		
1016	5.0800		-140		
1017	5.0850		-138		
1018	5.0900		-136		
1019	5.0950		-133		
1020	5.1000		-131		
1021	5.1050		-128		
1022	5.1100		-125		
1023	5.1150		-123		
1024	5.1200		-120		
1025	5.1250		-118		
1026	5.1300		-115		
1027	5.1350		-113		
1028	5.1400		-110		
1029	5.1450		-108		
1030	5.1500		-106		
1031	5.1550		-103		
1032	5.1600		-100		
1033	5.1650		-98		
1034	5.1700		-95		
1035	5.1750		-93		
1036	5.1800		-90		
1037	5.1850		-88		
1038	5.1900		-86		
1039	5.1950		-83		
1040	5.2000		-80		
1041	5.2050		-78		
1042	5.2100		-75		
1043	5.2150		-73		
1044	5.2200		-70		
1045	5.2250		-68		
1046	5.2300		-65		
1047	5.2350		-63		
1048	5.2400		-60		
1049	5.2450		-58		
1050	5.2500		-55		
1051	5.2550		-53		
1052	5.2600		-50		
1053	5.2650		-48		
1054	5.2700		-45		
1055	5.2750		-43		
1056	5.2800		-40		
1057	5.2850		-38		
1058	5.2900		-35		
1059	5.2950		-33		
1060	5.3000		-30		
1061	5.3050		-28		
1062	5.3100		-25		
1063	5.3150		-23		
1064	5.3200		-20		
1065	5.3250		-18		
1066	5.3300		-15		
1067	5.3350		-13		
1068	5.3400		-10		
1069	5.3450		-8		
1070	5.3500		-5		
1071	5.3550		-3		
1072	5.3600		0		
1073	5.3650		2		
1074	5.3700		5		
1075	5.3750		5		
1076	5.3800		5		
1077	5.3850		5		
1078	5.3900		5		
1079	5.3950		5		
1080	5.4000		5		
1081	5.4050		5		
1082	5.4100		5		
1083	5.4150		5		
1084	5.4200		5		
1085	5.4250		5		
1086	5.4300		5		
1087	5.4350		5		
1088	5.4400		5		
1089	5.4450		5		
1090	5.4500		5		
1091	5.4550		5		
1092	5.4600		5		
1093	5.4650		5		
1094	5.4700		5		
1095	5.4750		5		
1096	5.4800		5		
1097	5.4850		5		
1098	5.4900		5		
1099	5.4950		5		
1100	5.5000		5		
1101	5.5050		5		
1102	5.5100		5		
1103	5.5150		5		
1104	5.5200		5		
1105	5.5250		5		
1106	5.5300		5		
1107	5.5350		5		
1108	5.5400		5		
1109	5.5450		5		
1110	5.5500		5		
1111	5.5550		5		
1112	5.5600		5		
1113	5.5650		5		
1114	5.5700		5		
1115	5.5750		5		
1116	5.5800		5		
1117	5.5850		5		
1118	5.5900		5		
1119	5.5950		5		
1120	5.6000		5		
1121	5.6050		5		
1122	5.6100		5		
1123	5.6150		5		
1124	5.6200		5		
1125	5.6250		5		
1126	5.6300		5		
1127	5.6350		5		
1128	5.6400		5		
1129	5.6450		5		
1130	5.6500		5		
1131	5.6550		5		
1132	5.6600		5		
1133	5.6650		5		
1134	5.6700		5		
1135	5.6750		5		
1136	5.6800		5		
1137	5.6850		5		
1138	5.6900		5		
1139	5.6950		5		
1140	5.7000		5		
1141	5.7050		5		
1142	5.7100		5		
1143	5.7150		5		
1144	5.7200		5		
1145	5.7250		5		
1146	5.7300		5		
1147	5.7350		5		
1148	5.7400		5		
1149	5.7450		5		
1150	5.7500		5		
1151	5.7550		5		
1152	5.7600		5		
1153	5.7650		5		
1154	5.7700		5		
1155	5.7750		5		
1156	5.7800		5		
1157	5.7850		5		
1158	5.7900		5		
1159	5.7950		5		
1160	5.8000		5		
1161	5.8050		5		
1162	5.8100		5		
1163	5.8150		5		
1164	5.8200		5		
1165	5.8250		5		
1166	5.8300		5		
1167	5.8350		5		
1168	5.8400		5		
1169	5.8450		5		
1170	5.8500		5		
1171	5.8550		5		
1172	5.8600		5		
1173	5.8650		5		
1174	5.8700		5		
1175	5.8750		5		
1176	5.8800		5		
1177	5.8850		5		
1178	5.8900		5		
1179	5.8950		5		
1180	5.9000		5		
1181	5.9050		5		
1182	5.9100		5		
1183	5.9150		5		
1184	5.9200		5		
1185	5.9250		5		
1186	5.9300		5		
1187	5.9350		5		
1188	5.9400		5		
1189	5.9450		5		
1190	5.9500		5		
1191	5.9550		5		
1192	5.9600		5		
1193	5.9650		5		
1194	5.9700		5		
1195	5.9750		5		
1196	5.9800		5		
1197	5.9850		5		
1198	5.9900		5		
1199	5.9950		5		
1200	6.0000		5		
1201	6.0050		5		
1202	6.0100		5		
1203	6.0150		5		
1204	6.0200		5		
1205	6.0250		5		
1206	6.0300		5		
1207	6.0350		5		
1208	6.0400		5		
1209	6.0450		5		
1210	6.0500		5		
1211	6.0550		5		
1212	6.0600		5		
1213	6.0650		5		
1214	6.0700		5		
1215	6.0750		5		
1216	6.0800		5		
1217	6.0850		5		
1218	6.0900		5		
1219	6.0950		5		
1220	6.1000		5		
1221	6.1050		5		
1222	6.1100		5		
1223	6.1150		5		
1224	6.1200		5		
1225	6.1250		5		
1226	6.1300		5		
1227	6.1350		5		
1228	6.1400		5		
1229	6.1450		5		
1230	6.1500		5		
1231	6.1550		5		
1232	6.1600		5		
1233	6.1650		5		
1234	6.1700		5		
1235	6.1750		5		
1236	6.1800		5		
1237	6.1850		5		
1238	6.1900		5		
1239	6.1950		5		
1240	6.2000		5		
1241	6.2050		5		
1242	6.2100		5		
1243	6.2150		5		
1244	6.2200		5		
1245	6.2250		5		
1246	6.2300		5		
1247	6.2350		5		
1248	6.2400		5		
1249	6.2450		5		
1250	6.2500		5		
1251	6.2550		5		
1252	6.2600		5		
1253	6.2650		5		
1254	6.2700		5		
1255	6.2750		5		
1256	6.2800		5		
1257	6.2850		5		
1258	6.2900		5		
1259	6.2950		5		
1260	6.3000		5		
1261	6.3050		5		
1262	6.3100		5		
1263	6.3150		5		
1264	6.3200		5		
1265	6.3250		5		
1266	6.3300		5		
1267	6.3350		5		
1268	6.3400		5		
1269	6.3450		5		
1270	6.3500		5		
1271	6.3550		5		
1272	6.3600		5		
1273	6.3650		5		
1274	6.3700		5		
1275	6.3750		5		
1276	6.3800		5		
1277	6.3850		5		
1278	6.3900		5		
1279	6.3950		5		
1280	6.4000		5		
1281	6.4050		5		
1282	6.4100		5		
1283	6.4150		5		
1284	6.4200		5		
1285	6.4250		5		
1286	6.4300		5		
1287	6.4350		5		
1288	6.4400		5		
1289	6.4450		5		
1290	6.4500		5		
1291	6.4550		5		
1292	6.4600		5		
1293	6.4650		5		
1294	6.4700		5		
1295	6.4750		5		
1296	6.4800		5		
1297	6.4850		5		
1298	6.4900		5		
1299	6.4950		5		
1300	6.5000		5		
1301	6.5050		5		
1302	6.5100		5		
1303	6.5150		5		
1304	6.5200		5		
1305	6.5250		5		
1306	6.5300		5		
1307	6.5350		5		
1308	6.5400		5		
1309	6.5450		5		
1310	6.5500		5		
1311	6.5550		5		
1312	6.5600		5		
1313	6.5650		5		
1314	6.5700		5		
1315	6.5750		5		
1316	6.5800		5		
1317	6.5850		5		
1318	6.5900		5		
1319	6.5950		5		
1320	6.6000		5		
1321	6.6050		5		
1322	6.6100		5		
1323	6.6150		5		
1324	6.6200		5		
1325	6.6250		5		
1326	6.6300		5		
1327	6.6350		5		
1328	6.6400		5		
1329	6.6450		5		
1330	6.6500		5		
1331	6.6550		5		
1332	6.6600		5		
1333	6.6650		5		
1334	6.6700		5		
1335	6.6750		5		
1336	6.6800		5		
1337	6.6850		5		
1338	6.6900		5		
1339	6.6950		5		
1340	6.7000		5		
1341	6.7050		5		
1342	6.7100		5		
1343	6.7150		5		
1344	6.7200		5		
1345	6.7250		5		
1346	6.7300		5		
1347	6.7350		5		
1348	6.7400		5		
1349	6.7450		5		
1350	6.7500		5		
1351	6.7550		5		
1352	6.7600		5		
1353	6.7650		5		
1354	6.7700		5		
1355	6.7750		5		
1356	6.7800		5		
1357	6.7850		5		
1358	6.7900		5		
1359	6.7950		5		
1360	6.8000		5		
1361	6.8050		5		
1362	6.8100		5		
1363	6.8150		5		
1364	6.8200		5		
1365	6.8250		5		
1366	6.8300		5		
1367	6.8350		5		
1368	6.8400		5		
1369	6.8450		5		
1370	6.8500		5		
1371	6.8550		5		
1372	6.8600		5		
1373	6.8650		5		
1374	6.8700		5		
1375	6.8750		5		
1376	6.8800		5		
1377	6.8850		5		
1378	6.8900		5		
1379	6.8950		5		
1380	6.9000		5		
1381	6.9050		5		
1382	6.9100		5		
1383	6.9150		5		
1384	6.9200		5		
1385	6.9250		5		
1386	6.9300		5		
1387	6.9350		5		
1388	6.9400		5		
1389	6.9450		5		
1390	6.9500		5		
1391	6.9550		5		
1392	6.9600		5		
1393	6.9650		5		
1394	6.9700		5		
1395	6.9750		5		
1396	6.9800		5		
1397	6.9850		5		
1398	6.9900		5		
1399	6.9950		5		
1400	7.0000		5		
1401	7.0050		5		
1402	7.0100		5		
1403	7.0150		5		
1404	7.0200		5		
1405	7.0250		5		
1406	7.0300		5		
1407	7.0350		5		
1408	7.0400		5		
1409	7.0450		5		
1410	7.0500		5		
1411	7.0550		5		
1412	7.0600		5		
1413	7.0650		5		
1414	7.0700		5		
1415	7.0750		5		
1416	7.0800		5		
1417	7.0850		5		
1418	7.0900		5		
1419	7.0950		5		
1420	7.1000		5		
1421	7.1050		5		
1422	7.1100		5		
1423	7.1150		5		
1424	7.1200		5		
1425	7.1250		5		
1426	7.1300		5		
1427	7.1350		5		
1428	7.1400		5		
1429	7.1450		5		
1430	7.1500		5		
1431	7.1550		5		
1432	7.1600		5		
1433	7.1650		5		
1434	7.1700		5		
1435	7.1750		5		
1436	7.1800		5		
1437	7.1850		5		
1438	7.1900		5		
1439	7.1950		5		
1440	7.2000		5		
1441	7.2050		5		
1442	7.2100		5		
1443	7.2150		5		
1444	7.2200		5		
1445	7.2250		2		
1446	7.2300		-1		
1447	7.2350		-4		
1448	7.2400		-7		
1449	7.2450		-10		
1450	7.2500		-13		
1451	7.2550		-16		
1452	7.2600		-19		
1453	7.2650		-22		
1454	7.2700		-25		
1455	7.2750		-28		
1456	7.2800		-31		
1457	7.2850		-34		
1458	7.2900		-37		
1459	7.2950		-40		
1460	7.3000		-42		
1461	7.3050		-46		
1462	7.3100		-49		
1463	7.3150		-52		
1464	7.3200		-55		
1465	7.3250		-58		
1466	7.3300		-61		
1467	7.3350		-64		
1468	7.3400		-67		
1469	7.3450		-70		
1470	7.3500		-73		
1471	7.3550		-76		
1472	7.3600		-79		
1473	7.3650		-82		
1474	7.3700		-84		
1475	7.3750		-88		
1476	7.3800		-90		
1477	7.3850		-93		
1478	7.3900		-96		
1479	7.3950		-99		
1480	7.4000		-102		
1481	7.4050		-106		
1482	7.4100		-109		
1483	7.4150		-112		
1484	7.4200		-114		
1485	7.4250		-118		
1486	7.4300		-120		
1487	7.4350		-123		
1488	7.4400		-126		
1489	7.4450		-129		
1490	7.4500		-132		
1491	7.4550		-135		
1492	7.4600		-138		
1493	7.4650		-141		
1494	7.4700		-143		
1495	7.4750		-146		
1496	7.4800		-149		
1497	7.4850		-152		
1498	7.4900		-154		
1499	7.4950		-157		
1500	7.5000		-160		
1501	7.5050		-163		
1502	7.5100		-166		
1503	7.5150		-169		
1504	7.5200		-172		
1505	7.5250		-175		
1506	7.5300		-178		
1507	7.5350		-181		
1508	7.5400		-184		
1509	7.5450		-187		
1510	7.5500		-190		
1511	7.5550		-193		
1512	7.5600		-196		
1513	7.5650		-199		
1514	7.5700		-202		
1515	7.5750		-205		
1516	7.5800		-208		
1517	7.5850		-211		
1518	7.5900		-213		
1519	7.5950		-216		
1520	7.6000		-219		
1521	7.6050		-221		
1522	7.6100		-222		
1523	7.6150		-224		
1524	7.6200		-224		
1525	7.6250		-224		
1526	7.6300		-224		
1527	7.6350		-224		
1528	7.6400		-224		
1529	7.6450		-224		
1530	7.6500		-224		
1531	7.6550		-224		
1532	7.6600		-224		
1533	7.6650		-224		
1534	7.6700		-224		
1535	7.6750		-224		
1536	7.6800		-224		
1537	7.6850		-224		
1538	7.6900		-224		
1539	7.6950		-224		
1540	7.7000		-224		
1541	7.7050		-224		
1542	7.7100		-224		
1543	7.7150		-224		
1544	7.7200		-224		
1545	7.7250		-224		
1546	7.7300		-224		
1547	7.7350		-224		
1548	7.7400		-224		
1549	7.7450		-224		
1550	7.7500		-224		
1551	7.7550		-224		
1552	7.7600		-224		
1553	7.7650		-224		
1554	7.7700		-224		
1555	7.7750		-224		
1556	7.7800		-224		
1557	7.7850		-224		
1558	7.7900		-224		
1559	7.7950		-224		
1560	7.8000		-224		
1561	7.8050		-224		
1562	7.8100		-224		
1563	7.8150		-224		
1564	7.8200		-224		
1565	7.8250		-224		
1566	7.8300		-224		
1567	7.8350		-224		
1568	7.8400		-224		
1569	7.8450		-224		
1570	7.8500		-224		
1571	7.8550		-224		
1572	7.8600		-224		
1573	7.8650		-224		
1574	7.8700		-224		
1575	7.8750		-224		
1576	7.8800		-224		
1577	7.8850		-224		
1578	7.8900		-224		
1579	7.8950		-224		
1580	7.9000		-224		
1581	7.9050		-224		
1582	7.9100		-224		
1583	7.9150		-224		
1584	7.9200		-224		
1585	7.9250		-224		
1586	7.9300		-224		
1587	7.9350		-224		
1588	7.9400		-224		
1589	7.9450		-224		
1590	7.9500		-224		
1591	7.9550		-224		
1592	7.9600		-224		
1593	7.9650		-224		
1594	7.9700		-224		
1595	7.9750		-224		
1596	7.9800		-224		
1597	7.9850		-224		
1598	7.9900		-224		
1599	7.9950		-224		
1600	8.0000		-224		
1601	8.0050		-224		
1602	8.0100		-224		
1603	8.0150		-224		
1604	8.0200		-224		
1605	8.0250		-224		
1606	8.0300		-224		
1607	8.0350		-224		
1608	8.0400		-224		
1609	8.0450		-224		
1610	8.0500		-224		
1611	8.0550		-224		
1612	8.0600		-224		
1613	8.0650		-224		
1614	8.0700		-224		
1615	8.0750		-224		
1616	8.0800		-224		
1617	8.0850		-224		
1618	8.0900		-224		
1619	8.0950		-224		
1620	8.1000		-224		
1621	8.1050		-224		
1622	8.1100		-224		
1623	8.1150		-224		
1624	8.1200		-224		
1625	8.1250		-224		
1626	8.1300		-224		
1627	8.1350		-224		
1628	8.1400		-224		
1629	8.1450		-224		
1630	8.1500		-224		
1631	8.1550		-224		
1632	8.1600		-224		
1633	8.1650		-224		
1634	8.1700		-224		
1635	8.1750		-224		
1636	8.1800		-224		
1637	8.1850		-224		
1638	8.1900		-224		
1639	8.1950		-224		
1640	8.2000		-224		
1641	8.2050		-224		
1642	8.2100		-224		
1643	8.2150		-224		
1644	8.2200		-224		
1645	8.2250		-224		
1646	8.2300		-224		
1647	8.2350		-224		
1648	8.2400		-224		
1649	8.2450		-224		
1650	8.2500		-224		
1651	8.2550		-224		
1652	8.2600		-224		
1653	8.2650		-224		
1654	8.2700		-224		
1655	8.2750		-224		
1656	8.2800		-224		
1657	8.2850		-224		
1658	8.2900		-224		
1659	8.2950		-224		
1660	8.3000		-224		
1661	8.3050		-224		
1662	8.3100		-224		
1663	8.3150		-224		
1664	8.3200		-224		
1665	8.3250		-224		
1666	8.3300		-224		
1667	8.3350		-224		
1668	8.3400		-224		
1669	8.3450		-224		
1670	8.3500		-224		
1671	8.3550		-224		
1672	8.3600		-224		
1673	8.3650		-224		
1674	8.3700		-224		
1675	8.3750		-224		
1676	8.3800		-224		
1677	8.3850		-224		
1678	8.3900		-224		
1679	8.3950		-224		
1680	8.4000		-224		
1681	8.4050		-224		
1682	8.4100		-224		
1683	8.4150		-224		
1684	8.4200		-224		
1685	8.4250		-224		
1686	8.4300		-224		
1687	8.4350		-224		
1688	8.4400		-224		
1689	8.4450		-224		
1690	8.4500		-224		
1691	8.4550		-224		
1692	8.4600		-224		
1693	8.4650		-224		
1694	8.4700		-224		
1695	8.4750		-224		
1696	8.4800		-224		
1697	8.4850		-224		
1698	8.4900		-224		
1699	8.4950		-224		
1700	8.5000		-224		
1701	8.5050		-224		
1702	8.5100		-224		
1703	8.5150		-224		
1704	8.5200		-224		
1705	8.5250		-224		
1706	8.5300		-224		
1707	8.5350		-224		
1708	8.5400		-224		
1709	8.5450		-224		
1710	8.5500		-224		
1711	8.5550		-224		
1712	8.5600		-224		
1713	8.5650		-224		
1714	8.5700		-224		
1715	8.5750		-224		
1716	8.5800		-224		
1717	8.5850		-224		
1718	8.5900		-224		
1719	8.5950		-224		
1720	8.6000		-224		
1721	8.6050		-224		
1722	8.6100		-224		
1723	8.6150		-224		
1724	8.6200		-224		
1725	8.6250		-224		
1726	8.6300		-224		
1727	8.6350		-224		
1728	8.6400		-224		
1729	8.6450		-224		
1730	8.6500		-224		
1731	8.6550		-224		
1732	8.6600		-224		
1733	8.6650		-224		
1734	8.6700		-224		
1735	8.6750		-224		
1736	8.6800		-224		
1737	8.6850		-224		
1738	8.6900		-224		
1739	8.6950		-224		
1740	8.7000		-224		
1741	8.7050		-224		
1742	8.7100		-224		
1743	8.7150		-224		
1744	8.7200		-224		
1745	8.7250		-224		
1746	8.7300		-224		
1747	8.7350		-224		
1748	8.7400		-224		
1749	8.7450		-224		
1750	8.7500		-224		
1751	8.7550		-224		
1752	8.7600		-224		
1753	8.7650		-224		
1754	8.7700		-224		
1755	8.7750		-224		
1756	8.7800		-224		
1757	8.7850		-224		
1758	8.7900		-224		
1759	8.7950		-224		
1760	8.8000		-224		
1761	8.8050		-224		
1762	8.8100		-224		
1763	8.8150		-224		
1764	8.8200		-224		
1765	8.8250		-224		
1766	8.8300		-224		
1767	8.8350		-224		
1768	8.8400		-224		
1769	8.8450		-224		
1770	8.8500		-224		
1771	8.8550		-224		
1772	8.8600		-224		
1773	8.8650		-224		
1774	8.8700		-224		
1775	8.8750		-224		
1776	8.8800		-224		
1777	8.8850		-224		
1778	8.8900		-224		
1779	8.8950		-224		
1780	8.9000		-224		
1781	8.9050		-224		
1782	8.9100		-224		
1783	8.9150		-224		
1784	8.9200		-224		
1785	8.9250		-224		
1786	8.9300		-224		
1787	8.9350		-224		
1788	8.9400		-224		
1789	8.9450		-224		
1790	8.9500		-224		
1791	8.9550		-224		
1792	8.9600		-224		
1793	8.9650		-224		
1794	8.9700		-224		
1795	8.9750		-224		
1796	8.9800		-224		
1797	8.9850		-224		
1798	8.9900		-224		
1799	8.9950		-224		
1800	9.0000		-224		
1801	9.0050		-224		
1802	9.0100		-224		
1803	9.0150		-224		
1804	9.0200		-224		
1805	9.0250		-224		
1806	9.0300		-224		
1807	9.0350		-224		
1808	9.0400		-224		
1809	9.0450		-224		
1810	9.0500		-224		
1811	9.0550		-224		
1812	9.0600		-224		
1813	9.0650		-221		
1814	9.0700		-219		
1815	9.0750		-216		
1816	9.0800		-213		
1817	9.0850		-210		
1818	9.0900		-207		
1819	9.0950		-204		
1820	9.1000		-202		
1821	9.1050		-199		
1822	9.1100		-196		
1823	9.1150		-193		
1824	9.1200		-190		
1825	9.1250		-188		
1826	9.1300		-185		
1827	9.1350		-182		
1828	9.1400		-179		
1829	9.1450		-176		
1830	9.1500		-174		
1831	9.1550		-171		
1832	9.1600		-168		
1833	9.1650		-165		
1834	9.1700		-162		
1835	9.1750		-160		
1836	9.1800		-157		
1837	9.1850		-154		
1838	9.1900		-151		
1839	9.1950		-148		
1840	9.2000		-146		
1841	9.2050		-143		
1842	9.2100		-141		
1843	9.2150		-138		
1844	9.2200		-136		
1845	9.2250		-133		
1846	9.2300		-130		
1847	9.2350		-128		
1848	9.2400		-125		
1849	9.2450		-122		
1850	9.2500		-119		
1851	9.2550		-116		
1852	9.2600		-114		
1853	9.2650		-111		
1854	9.2700		-108		
1855	9.2750		-105		
1856	9.2800		-102		
1857	9.2850		-100		
1858	9.2900		-97		
1859	9.2950		-94		
1860	9.3000		-91		
1861	9.3050		-88		
1862	9.3100		-85		
1863	9.3150		-82		
1864	9.3200		-80		
1865	9.3250		-77		
1866	9.3300		-74		
1867	9.3350		-71		
1868	9.3400		-68		
1869	9.3450		-66		
1870	9.3500		-63		
1871	9.3550		-60		
1872	9.3600		-57		
1873	9.3650		-54		
1874	9.3700		-51		
1875	9.3750		-49		
1876	9.3800		-46		
1877	9.3850		-43		
1878	9.3900		-40		
1879	9.3950		-37		
1880	9.4000		-34		
1881	9.4050		-31		
1882	9.4100		-29		
1883	9.4150		-26		
1884	9.4200		-23		
1885	9.4250		-20		
1886	9.4300		-17		
1887	9.4350		-14		
1888	9.4400		-12		
1889	9.4450		-9		
1890	9.4500		-6		
1891	9.4550		-3		
1892	9.4600		0		
1893	9.4650		2		
1894	9.4700		5		
1895	9.4750		8		
1896	9.4800		10		
1897	9.4850		10		
1898	9.4900		10		
1899	9.4950		10		
1900	9.5000		10		
1901	9.5050		10		
1902	9.5100		10		
1903	9.5150		10		
1904	9.5200		10		
1905	9.5250		10		
1906	9.5300		10		
1907	9.5350		10		
1908	9.5400		10		
1909	9.5450		10		
1910	9.5500		10		
1911	9.5550		10		
1912	9.5600		10		
1913	9.5650		10		
1914	9.5700		10		
1915	9.5750		10		
1916	9.5800		10		
1917	9.5850		10		
1918	9.5900		10		
1919	9.5950		10		
1920	9.6000		10		
1921	9.6050		10		
1922	9.6100		10		
1923	9.6150		10		
1924	9.6200		10		
1925	9.6250		10		
1926	9.6300		10		
1927	9.6350		10		
1928	9.6400		10		
1929	9.6450		10		
1930	9.6500		10		
1931	9.6550		10		
1932	9.6600		10		
1933	9.6650		10		
1934	9.6700		10		
1935	9.6750		10		
1936	9.6800		10		
1937	9.6850		10		
1938	9.6900		10		
1939	9.6950		10		
1940	9.7000		10		
1941	9.7050		10		
1942	9.7100		10		
1943	9.7150		10		
1944	9.7200		10		
1945	9.7250		10		
1946	9.7300		10		
1947	9.7350		10		
1948	9.7400		10		
1949	9.7450		10		
1950	9.7500		10		
1951	9.7550		10		
1952	9.7600		10		
1953	9.7650		10		
1954	9.7700		10		
1955	9.7750		10		
1956	9.7800		10		
1957	9.7850		10		
1958	9.7900		10		
1959	9.7950		10		
1960	9.8000		10		
1961	9.8050		10		
1962	9.8100		10		
1963	9.8150		10		
1964	9.8200		10		
1965	9.8250		10		
1966	9.8300		10		
1967	9.8350		10		
1968	9.8400		10		
1969	9.8450		10		
1970	9.8500		10		
1971	9.8550		10		
1972	9.8600		10		
1973	9.8650		10		
1974	9.8700		10		
1975	9.8750		10		
1976	9.8800		10		
1977	9.8850		10		
1978	9.8900		10		
1979	9.8950		10		
1980	9.9000		10		
1981	9.9050		10		
1982	9.9100		10		
1983	9.9150		10		
1984	9.9200		10		
1985	9.9250		10		
1986	9.9300		10		
1987	9.9350		10		
1988	9.9400		10		
1989	9.9450		10		
1990	9.9500		10		
1991	9.9550		10		
1992	9.9600		10		
1993	9.9650		10		
1994	9.9700		10		
1995	9.9750		10		
1996	9.9800		10		
1997	9.9850		10		
1998	9.9900		10		
1999	9.9950		10		
2000	10.0000		10		
2001	10.0050		10		
2002	10.0100		10		
2003	10.0150		10		
2004	10.0200		10		
2005	10.0250		10		
2006	10.0300		10		
2007	10.0350		10		
2008	10.0400		10		
2009	10.0450		10		
2010	10.0500		10		
2011	10.0550		10		
2012	10.0600		10		
2013	10.0650		10		
2014	10.0700		10		
2015	10.0750		10		
2016	10.0800		10		
2017	10.0850		10		
2018	10.0900		10		
2019	10.0950		10		
2020	10.1000		10		
2021	10.1050		10		
2022	10.1100		10		
2023	10.1150		10		
2024	10.1200		10		
2025	10.1250		10		
2026	10.1300		10		
2027	10.1350		10		
2028	10.1400		10		
2029	10.1450		10		
2030	10.1500		10		
2031	10.1550		10		
2032	10.1600		10		
2033	10.1650		10		
2034	10.1700		10		
2035	10.1750		10		
2036	10.1800		10		
2037	10.1850		10		
2038	10.1900		10		
2039	10.1950		10		
2040	10.2000		10		
2041	10.2050		10		
2042	10.2100		10		
2043	10.2150		10		
2044	10.2200		10		
2045	10.2250		10		
2046	10.2300		10		
2047	10.2350		10		
2048	10.2400		10		
2049	10.2450		10		
2050	10.2500		10		
2051	10.2550		10		
2052	10.2600		10		
2053	10.2650		10		
2054	10.2700		10		
2055	10.2750		10		
2056	10.2800		10		
2057	10.2850		10		
2058	10.2900		10		
2059	10.2950		10		
2060	10.3000		10		
2061	10.3050		10		
2062	10.3100		10		
2063	10.3150		10		
2064	10.3200		10		
2065	10.3250		10		
2066	10.3300		10		
2067	10.3350		10		
2068	10.3400		10		
2069	10.3450		10		
2070	10.3500		10		
2071	10.3550		10		
2072	10.3600		10		
2073	10.3650		10		
2074	10.3700		10		
2075	10.3750		10		
2076	10.3800		10		
2077	10.3850		10		
2078	10.3900		10		
2079	10.3950		10		
2080	10.4000		10		
2081	10.4050		10		
2082	10.4100		10		
2083	10.4150		10		
2084	10.4200		10		
2085	10.4250		10		
2086	10.4300		10		
2087	10.4350		10		
2088	10.4400		10		
2089	10.4450		10		
2090	10.4500		10		
2091	10.4550		10		
2092	10.4600		10		
2093	10.4650		10		
2094	10.4700		10		
2095	10.4750		10		
2096	10.4800		10		
2097	10.4850		10		
2098	10.4900		10		
2099	10.4950		10		
2100	10.5000		10		
2101	10.5050		10		
2102	10.5100		10		
2103	10.5150		10		
2104	10.5200		10		
2105	10.5250		10		
2106	10.5300		10		
2107	10.5350		10		
2108	10.5400		10		
2109	10.5450		10		
2110	10.5500		10		
2111	10.5550		10		
2112	10.5600		10		
2113	10.5650		10		
2114	10.5700		10		
2115	10.5750		10		
2116	10.5800		10		
2117	10.5850		10		
2118	10.5900		10		
2119	10.5950		10		
2120	10.6000		10		
2121	10.6050		10		
2122	10.6100		10		
2123	10.6150		10		
2124	10.6200		10		
2125	10.6250		10		
2126	10.6300		10		
2127	10.6350		10		
2128	10.6400		10		
2129	10.6450		10		
2130	10.6500		10		
2131	10.6550		10		
2132	10.6600		10		
2133	10.6650		10		
2134	10.6700		10		
2135	10.6750		10		
2136	10.6800		10		
2137	10.6850		10		
2138	10.6900		10		
2139	10.6950		10		
2140	10.7000		10		
2141	10.7050		10		
2142	10.7100		10		
2143	10.7150		10		
2144	10.7200		10		
2145	10.7250		10		
2146	10.7300		10		
2147	10.7350		10		
2148	10.7400		10		
2149	10.7450		10		
2150	10.7500		10		
2151	10.7550		10		
2152	10.7600		10		
2153	10.7650		10		
2154	10.7700		10		
2155	10.7750		10		
2156	10.7800		10		
2157	10.7850		10		
2158	10.7900		10		
2159	10.7950		10		
2160	10.8000		10		
2161	10.8050		10		
2162	10.8100		10		
2163	10.8150		10		
2164	10.8200		10		
2165	10.8250		10		
2166	10.8300		10		
2167	10.8350		10		
2168	10.8400		10		
2169	10.8450		10		
2170	10.8500		10		
2171	10.8550		10		
2172	10.8600		10		
2173	10.8650		10		
2174	10.8700		10		
2175	10.8750		10		
2176	10.8800		10		
2177	10.8850		10		
2178	10.8900		10		
2179	10.8950		10		
2180	10.9000		10		
2181	10.9050		10		
2182	10.9100		10		
2183	10.9150		10		
2184	10.9200		10		
2185	10.9250		10		
2186	10.9300		10		
2187	10.9350		10		
2188	10.9400		10		
2189	10.9450		10		
2190	10.9500		10		
2191	10.9550		10		
2192	10.9600		10		
2193	10.9650		10		
2194	10.9700		10		
2195	10.9750		10		
2196	10.9800		10		
2197	10.9850		10		
2198	10.9900		10		
2199	10.9950		10		
2200	11.0000		10		
2201	11.0050		10		
2202	11.0100		10		
2203	11.0150		10		
2204	11.0200		10		
2205	11.0250		10		
2206	11.0300		10		
2207	11.0350		10		
2208	11.0400		10		
2209	11.0450		10		
2210	11.0500		10		
2211	11.0550		10		
2212	11.0600		10		
2213	11.0650		10		
2214	11.0700		10		
2215	11.0750		10		
2216	11.0800		10		
2217	11.0850		10		
2218	11.0900		10		
2219	11.0950		10		
2220	11.1000		10		
2221	11.1050		10		
2222	11.1100		8		
2223	11.1150		5		
2224	11.1200		2		
2225	11.1250		-1		
2226	11.1300		-3		
2227	11.1350		-6		
2228	11.1400		-9		
2229	11.1450		-12		
2230	11.1500		-15		
2231	11.1550		-17		
2232	11.1600		-20		
2233	11.1650		-23		
2234	11.1700		-26		
2235	11.1750		-29		
2236	11.1800		-31		
2237	11.1850		-34		
2238	11.1900		-37		
2239	11.1950		-40		
2240	11.2000		-43		
2241	11.2050		-46		
2242	11.2100		-49		
2243	11.2150		-51		
2244	11.2200		-54		
2245	11.2250		-57		
2246	11.2300		-60		
2247	11.2350		-63		
2248	11.2400		-65		
2249	11.2450		-68		
2250	11.2500		-71		
2251	11.2550		-74		
2252	11.2600		-77		
2253	11.2650		-79		
2254	11.2700		-82		
2255	11.2750		-85		
2256	11.2800		-88		
2257	11.2850		-91		
2258	11.2900		-93		
2259	11.2950		-96		
2260	11.3000		-99		
2261	11.3050		-102		
2262	11.3100		-105		
2263	11.3150		-108		
2264	11.3200		-110		
2265	11.3250		-113		
2266	11.3300		-116		
2267	11.3350		-119		
2268	11.3400		-122		
2269	11.3450		-124		
2270	11.3500		-127		
2271	11.3550		-130		
2272	11.3600		-133		
2273	11.3650		-136		
2274	11.3700		-138		
2275	11.3750		-140		
2276	11.3800		-143		
2277	11.3850		-146		
2278	11.3900		-148		
2279	11.3950		-150		
2280	11.4000		-153		
2281	11.4050		-156		
2282	11.4100		-159		
2283	11.4150		-162		
2284	11.4200		-164		
2285	11.4250		-167		
2286	11.4300		-170		
2287	11.4350		-173		
2288	11.4400		-176		
2289	11.4450		-178		
2290	11.4500		-181		
2291	11.4550		-184		
2292	11.4600		-187		
2293	11.4650		-190		
2294	11.4700		-192		
2295	11.4750		-195		
2296	11.4800		-198		
2297	11.4850		-201		
2298	11.4900		-203		
2299	11.4950		-206		
2300	11.5000		-209		
2301	11.5050		-212		
2302	11.5100		-214		
2303	11.5150		-215		
2304	11.5200		-215		
2305	11.5250		-218		
2306	11.5300		-218		
2307	11.5350		-218		
2308	11.5400		-218		
2309	11.5450		-218		
2310	11.5500		-218		
2311	11.5550		-218		
2312	11.5600		-218		
2313	11.5650		-218		
2314	11.5700		-218		
2315	11.5750		-218		
2316	11.5800		-218		
2317	11.5850		-218		
2318	11.5900		-218		
2319	11.5950		-218		
2320	11.6000		-218		
2321	11.6050		-218		
2322	11.6100		-218		
2323	11.6150		-218		
2324	11.6200		-218		
2325	11.6250		-218		
2326	11.6300		-218		
2327	11.6350		-218		
2328	11.6400		-218		
2329	11.6450		-218		
2330	11.6500		-218		
2331	11.6550		-218		
2332	11.6600		-218		
2333	11.6650		-218		
2334	11.6700		-218		
2335	11.6750		-218		
2336	11.6800		-218		
2337	11.6850		-218		
2338	11.6900		-218		
2339	11.6950		-218		
2340	11.7000		-218		
2341	11.7050		-218		
2342	11.7100		-218		
2343	11.7150		-218		
2344	11.7200		-218		
2345	11.7250		-218		
2346	11.7300		-218		
2347	11.7350		-218		
2348	11.7400		-218		
2349	11.7450		-218		
2350	11.7500		-218		
2351	11.7550		-218		
2352	11.7600		-218		
2353	11.7650		-218		
2354	11.7700		-218		
2355	11.7750		-218		
2356	11.7800		-218		
2357	11.7850		-218		
2358	11.7900		-218		
2359	11.7950		-218		
2360	11.8000		-218		
2361	11.8050		-218		
2362	11.8100		-218		
2363	11.8150		-218		
2364	11.8200		-218		
2365	11.8250		-218		
2366	11.8300		-218		
2367	11.8350		-218		
2368	11.8400		-218		
2369	11.8450		-218		
2370	11.8500		-218		
2371	11.8550		-218		
2372	11.8600		-218		
2373	11.8650		-218		
2374	11.8700		-218		
2375	11.8750		-218		
2376	11.8800		-218		
2377	11.8850		-218		
2378	11.8900		-218		
2379	11.8950		-218		
2380	11.9000		-218		
2381	11.9050		-218		
2382	11.9100		-218		
2383	11.9150		-218		
2384	11.9200		-218		
2385	11.9250		-218		
2386	11.9300		-218		
2387	11.9350		-218		
2388	11.9400		-218		
2389	11.9450		-218		
2390	11.9500		-218		
2391	11.9550		-218		
2392	11.9600		-218		
2393	11.9650		-218		
2394	11.9700		-218		
2395	11.9750		-218		
2396	11.9800		-218		
2397	11.9850		-218		
2398	11.9900		-218		
2399	11.9950		-218		
2400	12.0000		-218		
2401	12.0050		-218		
2402	12.0100		-218		
2403	12.0150		-218		
2404	12.0200		-218		
2405	12.0250		-218		
2406	12.0300		-218		
2407	12.0350		-218		
2408	12.0400		-218		
2409	12.0450		-218		
2410	12.0500		-218		
2411	12.0550		-218		
2412	12.0600		-218		
2413	12.0650		-218		
2414	12.0700		-218		
2415	12.0750		-218		
2416	12.0800		-218		
2417	12.0850		-218		
2418	12.0900		-218		
2419	12.0950		-218		
2420	12.1000		-218		
2421	12.1050		-218		
2422	12.1100		-218		
2423	12.1150		-218		
2424	12.1200		-218		
2425	12.1250		-218		
2426	12.1300		-218		
2427	12.1350		-218		
2428	12.1400		-218		
2429	12.1450		-218		
2430	12.1500		-218		
2431	12.1550		-218		
2432	12.1600		-218		
2433	12.1650		-218		
2434	12.1700		-218		
2435	12.1750		-218		
2436	12.1800		-218		
2437	12.1850		-218		
2438	12.1900		-218		
2439	12.1950		-218		
2440	12.2000		-218		
2441	12.2050		-218		
2442	12.2100		-218		
2443	12.2150		-218		
2444	12.2200		-218		
2445	12.2250		-218		
2446	12.2300		-218		
2447	12.2350		-218		
2448	12.2400		-218		
2449	12.2450		-218		
2450	12.2500		-218		
2451	12.2550		-218		
2452	12.2600		-218		
2453	12.2650		-218		
2454	12.2700		-218		
2455	12.2750		-218		
2456	12.2800		-218		
2457	12.2850		-218		
2458	12.2900		-218		
2459	12.2950		-218		
2460	12.3000		-218		
2461	12.3050		-218		
2462	12.3100		-218		
2463	12.3150		-218		
2464	12.3200		-218		
2465	12.3250		-218		
2466	12.3300		-218		
2467	12.3350		-218		
2468	12.3400		-218		
2469	12.3450		-218		
2470	12.3500		-218		
2471	12.3550		-218		
2472	12.3600		-218		
2473	12.3650		-218		
2474	12.3700		-218		
2475	12.3750		-218		
2476	12.3800		-218		
2477	12.3850		-218		
2478	12.3900		-218		
2479	12.3950		-218		
2480	12.4000		-218		
2481	12.4050		-218		
2482	12.4100		-218		
2483	12.4150		-218		
2484	12.4200		-218		
2485	12.4250		-218		
2486	12.4300		-218		
2487	12.4350		-218		
2488	12.4400		-218		
2489	12.4450		-218		
2490	12.4500		-218		
2491	12.4550		-218		
2492	12.4600		-218		
2493	12.4650		-218		
2494	12.4700		-218		
2495	12.4750		-218		
2496	12.4800		-218		
2497	12.4850		-218		
2498	12.4900		-218		
2499	12.4950		-218		
2500	12.5000		-218		
2501	12.5050		-218		
2502	12.5100		-218		
2503	12.5150		-218		
2504	12.5200		-218		
2505	12.5250		-218		
2506	12.5300		-218		
2507	12.5350		-218		
2508	12.5400		-218		
2509	12.5450		-218		
2510	12.5500		-218		
2511	12.5550		-218		
2512	12.5600		-218		
2513	12.5650		-218		
2514	12.5700		-218		
2515	12.5750		-218		
2516	12.5800		-218		
2517	12.5850		-218		
2518	12.5900		-218		
2519	12.5950		-218		
2520	12.6000		-218		
2521	12.6050		-218		
2522	12.6100		-218		
2523	12.6150		-218		
2524	12.6200		-218		
2525	12.6250		-218		
2526	12.6300		-218		
2527	12.6350		-218		
2528	12.6400		-218		
2529	12.6450		-218		
2530	12.6500		-218		
2531	12.6550		-218		
2532	12.6600		-218		
2533	12.6650		-218		
2534	12.6700		-218		
2535	12.6750		-218		
2536	12.6800		-218		
2537	12.6850		-218		
2538	12.6900		-218		
2539	12.6950		-218		
2540	12.7000		-218		
2541	12.7050		-218		
2542	12.7100		-218		
2543	12.7150		-218		
2544	12.7200		-218		
2545	12.7250		-218		
2546	12.7300		-218		
2547	12.7350		-218		
2548	12.7400		-218		
2549	12.7450		-218		
2550	12.7500		-218		
2551	12.7550		-218		
2552	12.7600		-218		
2553	12.7650		-218		
2554	12.7700		-218		
2555	12.7750		-218		
2556	12.7800		-218		
2557	12.7850		-218		
2558	12.7900		-218		
2559	12.7950		-218		
2560	12.8000		-218		
2561	12.8050		-218		
2562	12.8100		-218		
2563	12.8150		-218		
2564	12.8200		-218		
2565	12.8250		-218		
2566	12.8300		-218		
2567	12.8350		-218		
2568	12.8400		-218		
2569	12.8450		-218		
2570	12.8500		-218		
2571	12.8550		-218		
2572	12.8600		-218		
2573	12.8650		-218		
2574	12.8700		-218		
2575	12.8750		-218		
2576	12.8800		-218		
2577	12.8850		-218		
2578	12.8900		-218		
2579	12.8950		-218		
2580	12.9000		-218		
2581	12.9050		-218		
2582	12.9100		-218		
2583	12.9150		-218		
2584	12.9200		-218		
2585	12.9250		-218		
2586	12.9300		-218		
2587	12.9350		-218		
2588	12.9400		-218		
2589	12.9450		-218		
2590	12.9500		-218		
2591	12.9550		-218		
2592	12.9600		-218		
2593	12.9650		-218		
2594	12.9700		-218		
2595	12.9750		-218		
2596	12.9800		-218		
2597	12.9850		-218		
2598	12.9900		-218		
2599	12.9950		-218		
2600	13.0000		-218		
2601	13.0050		-218		
2602	13.0100		-218		
2603	13.0150		-218		
2604	13.0200		-218		
2605	13.0250		-218		
2606	13.0300		-218		
2607	13.0350		-218		
2608	13.0400		-218		
2609	13.0450		-218		
2610	13.0500		-218		
2611	13.0550		-218		
2612	13.0600		-218		
2613	13.0650		-216		
2614	13.0700		-213		
2615	13.0750		-211		
2616	13.0800		-208		
2617	13.0850		-205		
2618	13.0900		-203		
2619	13.0950		-200		
2620	13.1000		-197		
2621	13.1050		-194		
2622	13.1100		-192		
2623	13.1150		-189		
2624	13.1200		-187		
2625	13.1250		-184		
2626	13.1300		-181		
2627	13.1350		-179		
2628	13.1400		-176		
2629	13.1450		-173		
2630	13.1500		-171		
2631	13.1550		-168		
2632	13.1600		-165		
2633	13.1650		-163		
2634	13.1700		-160		
2635	13.1750		-157		
2636	13.1800		-155		
2637	13.1850		-152		
2638	13.1900		-150		
2639	13.1950		-147		
2640	13.2000		-144		
2641	13.2050		-142		
2642	13.2100		-140		
2643	13.2150		-137		
2644	13.2200		-134		
2645	13.2250		-133		
2646	13.2300		-130		
2647	13.2350		-127		
2648	13.2400		-125		
2649	13.2450		-122		
2650	13.2500		-119		
2651	13.2550		-117		
2652	13.2600		-114		
2653	13.2650		-112		
2654	13.2700		-109		
2655	13.2750		-106		
2656	13.2800		-104		
2657	13.2850		-101		
2658	13.2900		-98		
2659	13.2950		-96		
2660	13.3000		-93		
2661	13.3050		-90		
2662	13.3100		-87		
2663	13.3150		-85		
2664	13.3200		-82		
2665	13.3250		-79		
2666	13.3300		-77		
2667	13.3350		-74		
2668	13.3400		-71		
2669	13.3450		-69		
2670	13.3500		-66		
2671	13.3550		-63		
2672	13.3600		-61		
2673	13.3650		-58		
2674	13.3700		-55		
2675	13.3750		-53		
2676	13.3800		-50		
2677	13.3850		-47		
2678	13.3900		-45		
2679	13.3950		-42		
2680	13.4000		-40		
2681	13.4050		-37		
2682	13.4100		-34		
2683	13.4150		-31		
2684	13.4200		-29		
2685	13.4250		-26		
2686	13.4300		-23		
2687	13.4350		-21		
2688	13.4400		-18		
2689	13.4450		-15		
2690	13.4500		-13		
2691	13.4550		-10		
2692	13.4600		-7		
2693	13.4650		-5		
2694	13.4700		-2		
2695	13.4750		1		
2696	13.4800		3		
2697	13.4850		6		
2698	13.4900		9		
2699	13.4950		11		
2700	13.5000		14		
2701	13.5050		15		
2702	13.5100		15		
2703	13.5150		15		
2704	13.5200		15		
2705	13.5250		15		
2706	13.5300		15		
2707	13.5350		15		
2708	13.5400		15		
2709	13.5450		15		
2710	13.5500		15		
2711	13.5550		15		
2712	13.5600		15		
2713	13.5650		15		
2714	13.5700		15		
2715	13.5750		15		
2716	13.5800		15		
2717	13.5850		15		
2718	13.5900		15		
2719	13.5950		15		
2720	13.6000		15		
2721	13.6050		15		
2722	13.6100		15		
2723	13.6150		15		
2724	13.6200		15		
2725	13.6250		15		
2726	13.6300		15		
2727	13.6350		15		
2728	13.6400		15		
2729	13.6450		15		
2730	13.6500		15		
2731	13.6550		15		
2732	13.6600		15		
2733	13.6650		15		
2734	13.6700		15		
2735	13.6750		15		
2736	13.6800		15		
2737	13.6850		15		
2738	13.6900		15		
2739	13.6950		15		
2740	13.7000		15		
2741	13.7050		15		
2742	13.7100		15		
2743	13.7150		15		
2744	13.7200		15		
2745	13.7250		15		
2746	13.7300		15		
2747	13.7350		15		
2748	13.7400		15		
2749	13.7450		15		
2750	13.7500		15		
2751	13.7550		15		
2752	13.7600		15		
2753	13.7650		15		
2754	13.7700		15		
2755	13.7750		15		
2756	13.7800		15		
2757	13.7850		15		
2758	13.7900		15		
2759	13.7950		15		
2760	13.8000		15		
2761	13.8050		15		
2762	13.8100		15		
2763	13.8150		15		
2764	13.8200		15		
2765	13.8250		15		
2766	13.8300		15		
2767	13.8350		15		
2768	13.8400		15		
2769	13.8450		15		
2770	13.8500		15		
2771	13.8550		15		
2772	13.8600		15		
2773	13.8650		15		
2774	13.8700		15		
2775	13.8750		15		
2776	13.8800		15		
2777	13.8850		15		
2778	13.8900		15		
2779	13.8950		15		
2780	13.9000		15		
2781	13.9050		15		
2782	13.9100		15		
2783	13.9150		15		
2784	13.9200		15		
2785	13.9250		15		
2786	13.9300		15		
2787	13.9350		15		
2788	13.9400		15		
2789	13.9450		15		
2790	13.9500		15		
2791	13.9550		15		
2792	13.9600		15		
2793	13.9650		15		
2794	13.9700		15		
2795	13.9750		15		
2796	13.9800		15		
2797	13.9850		15		
2798	13.9900		15		
2799	13.9950		15		
2800	14.0000		15		
2801	14.0050		15		
2802	14.0100		15		
2803	14.0150		15		
2804	14.0200		15		
2805	14.0250		15		
2806	14.0300		15		
2807	14.0350		15		
2808	14.0400		15		
2809	14.0450		15		
2810	14.0500		15		
2811	14.0550		15		
2812	14.0600		15		
2813	14.0650		15		
2814	14.0700		15		
2815	14.0750		15		
2816	14.0800		15		
2817	14.0850		15		
2818	14.0900		15		
2819	14.0950		15		
2820	14.1000		15		
2821	14.1050		15		
2822	14.1100		15		
2823	14.1150		15		
2824	14.1200		15		
2825	14.1250		15		
2826	14.1300		15		
2827	14.1350		15		
2828	14.1400		15		
2829	14.1450		15		
2830	14.1500		15		
2831	14.1550		15		
2832	14.1600		15		
2833	14.1650		15		
2834	14.1700		15		
2835	14.1750		15		
2836	14.1800		15		
2837	14.1850		15		
2838	14.1900		15		
2839	14.1950		15		
2840	14.2000		15		
2841	14.2050		15		
2842	14.2100		15		
2843	14.2150		15		
2844	14.2200		15		
2845	14.2250		15		
2846	14.2300		15		
2847	14.2350		15		
2848	14.2400		15		
2849	14.2450		15		
2850	14.2500		15		
2851	14.2550		15		
2852	14.2600		15		
2853	14.2650		15		
2854	14.2700		15		
2855	14.2750		15		
2856	14.2800		15		
2857	14.2850		15		
2858	14.2900		15		
2859	14.2950		15		
2860	14.3000		15		
2861	14.3050		15		
2862	14.3100		15		
2863	14.3150		15		
2864	14.3200		15		
2865	14.3250		15		
2866	14.3300		15		
2867	14.3350		15		
2868	14.3400		15		
2869	14.3450		15		
2870	14.3500		15		
2871	14.3550		15		
2872	14.3600		15		
2873	14.3650		15		
2874	14.3700		15		
2875	14.3750		15		
2876	14.3800		15		
2877	14.3850		15		
2878	14.3900		15		
2879	14.3950		15		
2880	14.4000		15		
2881	14.4050		15		
2882	14.4100		15		
2883	14.4150		15		
2884	14.4200		15		
2885	14.4250		15		
2886	14.4300		15		
2887	14.4350		15		
2888	14.4400		15		
2889	14.4450		15		
2890	14.4500		15		
2891	14.4550		15		
2892	14.4600		15		
2893	14.4650		15		
2894	14.4700		15		
2895	14.4750		15		
2896	14.4800		15		
2897	14.4850		15		
2898	14.4900		15		
2899	14.4950		15		
2900	14.5000		15		
2901	14.5050		15		
2902	14.5100		15		
2903	14.5150		15		
2904	14.5200		15		
2905	14.5250		15		
2906	14.5300		15		
2907	14.5350		15		
2908	14.5400		15		
2909	14.5450		15		
2910	14.5500		15		
2911	14.5550		15		
2912	14.5600		15		
2913	14.5650		15		
2914	14.5700		15		
2915	14.5750		15		
2916	14.5800		15		
2917	14.5850		15		
2918	14.5900		15		
2919	14.5950		15		
2920	14.6000		15		
2921	14.6050		15		
2922	14.6100		15		
2923	14.6150		15		
2924	14.6200		15		
2925	14.6250		15		
2926	14.6300		15		
2927	14.6350		15		
2928	14.6400		15		
2929	14.6450		15		
2930	14.6500		15		
2931	14.6550		15		
2932	14.6600		15		
2933	14.6650		15		
2934	14.6700		15		
2935	14.6750		15		
2936	14.6800		15		
2937	14.6850		15		
2938	14.6900		15		
2939	14.6950		15		
2940	14.7000		15		
2941	14.7050		15		
2942	14.7100		15		
2943	14.7150		15		
2944	14.7200		15		
2945	14.7250		15		
2946	14.7300		15		
2947	14.7350		15		
2948	14.7400		15		
2949	14.7450		15		
2950	14.7500		15		
2951	14.7550		15		
2952	14.7600		15		
2953	14.7650		15		
2954	14.7700		15		
2955	14.7750		15		
2956	14.7800		15		
2957	14.7850		15		
2958	14.7900		15		
2959	14.7950		15		
2960	14.8000		15		
2961	14.8050		15		
2962	14.8100		15		
2963	14.8150		15		
2964	14.8200		15		
2965	14.8250		15		
2966	14.8300		15		
2967	14.8350		15		
2968	14.8400		15		
2969	14.8450		15		
2970	14.8500		15		
2971	14.8550		15		
2972	14.8600		15		
2973	14.8650		15		
2974	14.8700		15		
2975	14.8750		15		
2976	14.8800		15		
2977	14.8850		15		
2978	14.8900		15		
2979	14.8950		15		
2980	14.9000		15		
2981	14.9050		15		
2982	14.9100		15		
2983	14.9150		15		
2984	14.9200		15		
2985	14.9250		15		
2986	14.9300		15		
2987	14.9350		15		
2988	14.9400		15		
2989	14.9450		15		
2990	14.9500		15		
2991	14.9550		15		
2992	14.9600		15		
2993	14.9650		15		
2994	14.9700		15		
2995	14.9750		15		
2996	14.9800		15		
2997	14.9850		15		
2998	14.9900		15		
2999	14.9950		15		
3000	15.0000		15		
3001	15.0050		15		
3002	15.0100		15		
3003	15.0150		15		
3004	15.0200		15		
3005	15.0250		15		
3006	15.0300		15		
3007	15.0350		15		
3008	15.0400		15		
3009	15.0450		15		
3010	15.0500		15		
3011	15.0550		15		
3012	15.0600		15		
3013	15.0650		15		
3014	15.0700		15		
3015	15.0750		15		
3016	15.0800		15		
3017	15.0850		15		
3018	15.0900		15		
3019	15.0950		15		
3020	15.1000		15		
3021	15.1050		15		
3022	15.1100		15		
3023	15.1150		15		
3024	15.1200		15		
3025	15.1250		15		
3026	15.1300		15		
3027	15.1350		15		
3028	15.1400		15		
3029	15.1450		15		
3030	15.1500		15		
3031	15.1550		15		
3032	15.1600		15		
3033	15.1650		15		
3034	15.1700		15		
3035	15.1750		15		
3036	15.1800		15		
3037	15.1850		15		
3038	15.1900		15		
3039	15.1950		15		
3040	15.2000		15		
3041	15.2050		15		
3042	15.2100		15		
3043	15.2150		15		
3044	15.2200		15		
3045	15.2250		15		
3046	15.2300		15		
3047	15.2350		15		
3048	15.2400		15		
3049	15.2450		15		
3050	15.2500		15		
3051	15.2550		15		
3052	15.2600		15		
3053	15.2650		15		
3054	15.2700		15		
3055	15.2750		15		
3056	15.2800		15		
3057	15.2850		15		
3058	15.2900		15		
3059	15.2950		15		
3060	15.3000		15		
3061	15.3050		15		
3062	15.3100		15		
3063	15.3150		15		
3064	15.3200		15		
3065	15.3250		12		
3066	15.3300		10		
3067	15.3350		7		
3068	15.3400		4		
3069	15.3450		1		
3070	15.3500		-2		
3071	15.3550		-5		
3072	15.3600		-8		
3073	15.3650		-10		
3074	15.3700		-13		
3075	15.3750		-16		
3076	15.3800		-19		
3077	15.3850		-22		
3078	15.3900		-25		
3079	15.3950		-28		
3080	15.4000		-31		
3081	15.4050		-34		
3082	15.4100		-37		
3083	15.4150		-40		
3084	15.4200		-43		
3085	15.4250		-45		
3086	15.4300		-48		
3087	15.4350		-51		
3088	15.4400		-54		
3089	15.4450		-57		
3090	15.4500		-60		
3091	15.4550		-63		
3092	15.4600		-66		
3093	15.4650		-69		
3094	15.4700		-71		
3095	15.4750		-74		
3096	15.4800		-77		
3097	15.4850		-80		
3098	15.4900		-83		
3099	15.4950		-86		
3100	15.5000		-89		
3101	15.5050		-92		
3102	15.5100		-95		
3103	15.5150		-98		
3104	15.5200		-100		
3105	15.5250		-103		
3106	15.5300		-106		
3107	15.5350		-109		
3108	15.5400		-112		
3109	15.5450		-115		
3110	15.5500		-118		
3111	15.5550		-120		
3112	15.5600		-123		
3113	15.5650		-126		
3114	15.5700		-129		
3115	15.5750		-132		
3116	15.5800		-134		
3117	15.5850		-137		
3118	15.5900		-140		
3119	15.5950		-142		
3120	15.6000		-144		
3121	15.6050		-148		
3122	15.6100		-150		
3123	15.6150		-153		
3124	15.6200		-156		
3125	15.6250		-159		
3126	15.6300		-162		
3127	15.6350		-165		
3128	15.6400		-168		
3129	15.6450		-170		
3130	15.6500		-173		
3131	15.6550		-176		
3132	15.6600		-179		
3133	15.6650		-182		
3134	15.6700		-185		
3135	15.6750		-188		
3136	15.6800		-190		
3137	15.6850		-193		
3138	15.6900		-196		
3139	15.6950		-199		
3140	15.7000		-202		
3141	15.7050		-205		
3142	15.7100		-208		
3143	15.7150		-211		
3144	15.7200		-212		
3145	15.7250		-214		
3146	15.7300		-215		
3147	15.7350		-215		
3148	15.7400		-215		
3149	15.7450		-215		
3150	15.7500		-215		
3151	15.7550		-215		
3152	15.7600		-215		
3153	15.7650		-215		
3154	15.7700		-215		
3155	15.7750		-215		
3156	15.7800		-215		
3157	15.7850		-215		
3158	15.7900		-215		
3159	15.7950		-215		
3160	15.8000		-215		
3161	15.8050		-215		
3162	15.8100		-215		
3163	15.8150		-215		
3164	15.8200		-215		
3165	15.8250		-215		
3166	15.8300		-215		
3167	15.8350		-215		
3168	15.8400		-215		
3169	15.8450		-215		
3170	15.8500		-215		
3171	15.8550		-215		
3172	15.8600		-215		
3173	15.8650		-215		
3174	15.8700		-215		
3175	15.8750		-215		
3176	15.8800		-215		
3177	15.8850		-215		
3178	15.8900		-215		
3179	15.8950		-215		
3180	15.9000		-215		
3181	15.9050		-215		
3182	15.9100		-215		
3183	15.9150		-215		
3184	15.9200		-215		
3185	15.9250		-215		
3186	15.9300		-215		
3187	15.9350		-215		
3188	15.9400		-215		
3189	15.9450		-215		
3190	15.9500		-215		
3191	15.9550		-215		
3192	15.9600		-215		
3193	15.9650		-215		
3194	15.9700		-215		
3195	15.9750		-215		
3196	15.9800		-215		
3197	15.9850		-215		
3198	15.9900		-215		
3199	15.9950		-215		
3200	16.0000		-215		
3201	16.0050		-215		
3202	16.0100		-215		
3203	16.0150		-215		
3204	16.0200		-215		
3205	16.0250		-215		
3206	16.0300		-215		
3207	16.0350		-215		
3208	16.0400		-215		
3209	16.0450		-215		
3210	16.0500		-215		
3211	16.0550		-215		
3212	16.0600		-215		
3213	16.0650		-215		
3214	16.0700		-215		
3215	16.0750		-215		
3216	16.0800		-215		
3217	16.0850		-215		
3218	16.0900		-215		
3219	16.0950		-215		
3220	16.1000		-215		
3221	16.1050		-215		
3222	16.1100		-215		
3223	16.1150		-215		
3224	16.1200		-215		
3225	16.1250		-215		
3226	16.1300		-215		
3227	16.1350		-215		
3228	16.1400		-215		
3229	16.1450		-215		
3230	16.1500		-215		
3231	16.1550		-215		
3232	16.1600		-215		
3233	16.1650		-215		
3234	16.1700		-215		
3235	16.1750		-215		
3236	16.1800		-215		
3237	16.1850		-215		
3238	16.1900		-215		
3239	16.1950		-215		
3240	16.2000		-215		
3241	16.2050		-215		
3242	16.2100		-215		
3243	16.2150		-215		
3244	16.2200		-215		
3245	16.2250		-215		
3246	16.2300		-215		
3247	16.2350		-215		
3248	16.2400		-215		
3249	16.2450		-215		
3250	16.2500		-215		
3251	16.2550		-215		
3252	16.2600		-215		
3253	16.2650		-215		
3254	16.2700		-215		
3255	16.2750		-215		
3256	16.2800		-215		
3257	16.2850		-215		
3258	16.2900		-215		
3259	16.2950		-215		
3260	16.3000		-215		
3261	16.3050		-215		
3262	16.3100		-215		
3263	16.3150		-215		
3264	16.3200		-215		
3265	16.3250		-215		
3266	16.3300		-215		
3267	16.3350		-215		
3268	16.3400		-215		
3269	16.3450		-215		
3270	16.3500		-215		
3271	16.3550		-215		
3272	16.3600		-215		
3273	16.3650		-215		
3274	16.3700		-215		
3275	16.3750		-215		
3276	16.3800		-215		
3277	16.3850		-215		
3278	16.3900		-215		
3279	16.3950		-215		
3280	16.4000		-215		
3281	16.4050		-215		
3282	16.4100		-215		
3283	16.4150		-215		
3284	16.4200		-215		
3285	16.4250		-215		
3286	16.4300		-215		
3287	16.4350		-215		
3288	16.4400		-215		
3289	16.4450		-215		
3290	16.4500		-215		
3291	16.4550		-215		
3292	16.4600		-215		
3293	16.4650		-215		
3294	16.4700		-215		
3295	16.4750		-215		
3296	16.4800		-215		
3297	16.4850		-215		
3298	16.4900		-215		
3299	16.4950		-215		
3300	16.5000		-215		
3301	16.5050		-215		
3302	16.5100		-215		
3303	16.5150		-215		
3304	16.5200		-215		
3305	16.5250		-215		
3306	16.5300		-215		
3307	16.5350		-215		
3308	16.5400		-215		
3309	16.5450		-215		
3310	16.5500		-215		
3311	16.5550		-215		
3312	16.5600		-215		
3313	16.5650		-215		
3314	16.5700		-215		
3315	16.5750		-215		
3316	16.5800		-215		
3317	16.5850		-215		
3318	16.5900		-215		
3319	16.5950		-215		
3320	16.6000		-215		
3321	16.6050		-215		
3322	16.6100		-215		
3323	16.6150		-215		
3324	16.6200		-215		
3325	16.6250		-215		
3326	16.6300		-215		
3327	16.6350		-215		
3328	16.6400		-215		
3329	16.6450		-215		
3330	16.6500		-215		
3331	16.6550		-215		
3332	16.6600		-215		
3333	16.6650		-215		
3334	16.6700		-215		
3335	16.6750		-215		
3336	16.6800		-215		
3337	16.6850		-215		
3338	16.6900		-215		
3339	16.6950		-215		
3340	16.7000		-215		
3341	16.7050		-215		
3342	16.7100		-215		
3343	16.7150		-215		
3344	16.7200		-215		
3345	16.7250		-215		
3346	16.7300		-215		
3347	16.7350		-215		
3348	16.7400		-215		
3349	16.7450		-215		
3350	16.7500		-215		
3351	16.7550		-215		
3352	16.7600		-215		
3353	16.7650		-215		
3354	16.7700		-215		
3355	16.7750		-215		
3356	16.7800		-215		
3357	16.7850		-215		
3358	16.7900		-215		
3359	16.7950		-215		
3360	16.8000		-215		
3361	16.8050		-215		
3362	16.8100		-215		
3363	16.8150		-215		
3364	16.8200		-215		
3365	16.8250		-215		
3366	16.8300		-215		
3367	16.8350		-215		
3368	16.8400		-215		
3369	16.8450		-215		
3370	16.8500		-215		
3371	16.8550		-215		
3372	16.8600		-215		
3373	16.8650		-215		
3374	16.8700		-215		
3375	16.8750		-215		
3376	16.8800		-215		
3377	16.8850		-215		
3378	16.8900		-215		
3379	16.8950		-215		
3380	16.9000		-215		
3381	16.9050		-215		
3382	16.9100		-215		
3383	16.9150		-215		
3384	16.9200		-215		
3385	16.9250		-215		
3386	16.9300		-215		
3387	16.9350		-215		
3388	16.9400		-215		
3389	16.9450		-215		
3390	16.9500		-215		
3391	16.9550		-215		
3392	16.9600		-215		
3393	16.9650		-215		
3394	16.9700		-215		
3395	16.9750		-215		
3396	16.9800		-215		
3397	16.9850		-215		
3398	16.9900		-215		
3399	16.9950		-215		
3400	17.0000		-215		
3401	17.0050		-215		
3402	17.0100		-215		
3403	17.0150		-215		
3404	17.0200		-215		
3405	17.0250		-215		
3406	17.0300		-215		
3407	17.0350		-215		
3408	17.0400		-215		
3409	17.0450		-215		
3410	17.0500		-215		
3411	17.0550		-215		
3412	17.0600		-215		
3413	17.0650		-215		
3414	17.0700		-215		
3415	17.0750		-215		
3416	17.0800		-215		
3417	17.0850		-215		
3418	17.0900		-215		
3419	17.0950		-215		
3420	17.1000		-215		
3421	17.1050		-215		
3422	17.1100		-215		
3423	17.1150		-215		
3424	17.1200		-215		
3425	17.1250		-215		
3426	17.1300		-215		
3427	17.1350		-215		
3428	17.1400		-215		
3429	17.1450		-215		
3430	17.1500		-215		
3431	17.1550		-215		
3432	17.1600		-215		
3433	17.1650		-215		
3434	17.1700		-215		
3435	17.1750		-215		
3436	17.1800		-215		
3437	17.1850		-215		
3438	17.1900		-215		
3439	17.1950		-215		
3440	17.2000		-215		
3441	17.2050		-215		
3442	17.2100		-215		
3443	17.2150		-215		
3444	17.2200		-215		
3445	17.2250		-213		
3446	17.2300		-210		
3447	17.2350		-208		
3448	17.2400		-205		
3449	17.2450		-202		
3450	17.2500		-200		
3451	17.2550		-197		
3452	17.2600		-194		
3453	17.2650		-191		
3454	17.2700		-189		
3455	17.2750		-186		
3456	17.2800		-183		
3457	17.2850		-181		
3458	17.2900		-178		
3459	17.2950		-175		
3460	17.3000		-172		
3461	17.3050		-170		
3462	17.3100		-167		
3463	17.3150		-164		
3464	17.3200		-161		
3465	17.3250		-159		
3466	17.3300		-156		
3467	17.3350		-153		
3468	17.3400		-150		
3469	17.3450		-148		
3470	17.3500		-145		
3471	17.3550		-142		
3472	17.3600		-140		
3473	17.3650		-138		
3474	17.3700		-135		
3475	17.3750		-133		
3476	17.3800		-130		
3477	17.3850		-128		
3478	17.3900		-125		
3479	17.3950		-123		
3480	17.4000		-120		
3481	17.4050		-117		
3482	17.4100		-114		
3483	17.4150		-112		
3484	17.4200		-109		
3485	17.4250		-106		
3486	17.4300		-103		
3487	17.4350		-101		
3488	17.4400		-98		
3489	17.4450		-95		
3490	17.4500		-93		
3491	17.4550		-90		
3492	17.4600		-87		
3493	17.4650		-84		
3494	17.4700		-82		
3495	17.4750		-79		
3496	17.4800		-76		
3497	17.4850		-74		
3498	17.4900		-71		
3499	17.4950		-68		
3500	17.5000		-65		
3501	17.5050		-62		
3502	17.5100		-60		
3503	17.5150		-57		
3504	17.5200		-54		
3505	17.5250		-51		
3506	17.5300		-49		
3507	17.5350		-46		
3508	17.5400		-43		
3509	17.5450		-40		
3510	17.5500		-38		
3511	17.5550		-35		
3512	17.5600		-32		
3513	17.5650		-30		
3514	17.5700		-27		
3515	17.5750		-24		
3516	17.5800		-21		
3517	17.5850		-19		
3518	17.5900		-16		
3519	17.5950		-13		
3520	17.6000		-10		
3521	17.6050		-8		
3522	17.6100		-5		
3523	17.6150		-2		
3524	17.6200		1		
3525	17.6250		3		
3526	17.6300		6		
3527	17.6350		9		
3528	17.6400		12		
3529	17.6450		14		
3530	17.6500		17		
3531	17.6550		19		
3532	17.6600		19		
3533	17.6650		19		
3534	17.6700		19		
3535	17.6750		19		
3536	17.6800		19		
3537	17.6850		19		
3538	17.6900		19		
3539	17.6950		19		
3540	17.7000		19		
3541	17.7050		19		
3542	17.7100		19		
3543	17.7150		19		
3544	17.7200		19		
3545	17.7250		19		
3546	17.7300		19		
3547	17.7350		19		
3548	17.7400		19		
3549	17.7450		19		
3550	17.7500		19		
3551	17.7550		19		
3552	17.7600		19		
3553	17.7650		19		
3554	17.7700		19		
3555	17.7750		19		
3556	17.7800		19		
3557	17.7850		19		
3558	17.7900		19		
3559	17.7950		19		
3560	17.8000		19		
3561	17.8050		19		
3562	17.8100		19		
3563	17.8150		19		
3564	17.8200		19		
3565	17.8250		19		
3566	17.8300		19		
3567	17.8350		19		
3568	17.8400		19		
3569	17.8450		19		
3570	17.8500		19		
3571	17.8550		19		
3572	17.8600		19		
3573	17.8650		19		
3574	17.8700		19		
3575	17.8750		19		
3576	17.8800		19		
3577	17.8850		19		
3578	17.8900		19		
3579	17.8950		19		
3580	17.9000		19		
3581	17.9050		19		
3582	17.9100		19		
3583	17.9150		19		
3584	17.9200		19		
3585	17.9250		19		
3586	17.9300		19		
3587	17.9350		19		
3588	17.9400		19		
3589	17.9450		19		
3590	17.9500		19		
3591	17.9550		19		
3592	17.9600		19		
3593	17.9650		19		
3594	17.9700		19		
3595	17.9750		19		
3596	17.9800		19		
3597	17.9850		19		
3598	17.9900		19		
3599	17.9950		19		
3600	18.0000		19		
3601	18.0050		19		
3602	18.0100		19		
3603	18.0150		19		
3604	18.0200		19		
3605	18.0250		19		
3606	18.0300		19		
3607	18.0350		19		
3608	18.0400		19		
3609	18.0450		19		
3610	18.0500		19		
3611	18.0550		19		
3612	18.0600		19		
3613	18.0650		19		
3614	18.0700		19		
3615	18.0750		19		
3616	18.0800		19		
3617	18.0850		19		
3618	18.0900		19		
3619	18.0950		19		
3620	18.1000		19		
3621	18.1050		19		
3622	18.1100		19		
3623	18.1150		19		
3624	18.1200		19		
3625	18.1250		19		
3626	18.1300		19		
3627	18.1350		19		
3628	18.1400		19		
3629	18.1450		19		
3630	18.1500		19		
3631	18.1550		19		
3632	18.1600		19		
3633	18.1650		19		
3634	18.1700		19		
3635	18.1750		19		
3636	18.1800		19		
3637	18.1850		19		
3638	18.1900		19		
3639	18.1950		19		
3640	18.2000		19		
3641	18.2050		19		
3642	18.2100		19		
3643	18.2150		19		
3644	18.2200		19		
3645	18.2250		19		
3646	18.2300		19		
3647	18.2350		19		
3648	18.2400		19		
3649	18.2450		19		
3650	18.2500		19		
3651	18.2550		19		
3652	18.2600		19		
3653	18.2650		19		
3654	18.2700		19		
3655	18.2750		19		
3656	18.2800		19		
3657	18.2850		19		
3658	18.2900		19		
3659	18.2950		19		
3660	18.3000		19		
3661	18.3050		19		
3662	18.3100		19		
3663	18.3150		19		
3664	18.3200		19		
3665	18.3250		19		
3666	18.3300		19		
3667	18.3350		19		
3668	18.3400		19		
3669	18.3450		19		
3670	18.3500		19		
3671	18.3550		19		
3672	18.3600		19		
3673	18.3650		19		
3674	18.3700		19		
3675	18.3750		19		
3676	18.3800		19		
3677	18.3850		19		
3678	18.3900		19		
3679	18.3950		19		
3680	18.4000		19		
3681	18.4050		19		
3682	18.4100		19		
3683	18.4150		19		
3684	18.4200		19		
3685	18.4250		19		
3686	18.4300		19		
3687	18.4350		19		
3688	18.4400		19		
3689	18.4450		19		
3690	18.4500		19		
3691	18.4550		19		
3692	18.4600		19		
3693	18.4650		19		
3694	18.4700		19		
3695	18.4750		19		
3696	18.4800		19		
3697	18.4850		19		
3698	18.4900		19		
3699	18.4950		19		
3700	18.5000		19		
3701	18.5050		19		
3702	18.5100		19		
3703	18.5150		19		
3704	18.5200		19		
3705	18.5250		19		
3706	18.5300		19		
3707	18.5350		19		
3708	18.5400		19		
3709	18.5450		19		
3710	18.5500		19		
3711	18.5550		19		
3712	18.5600		19		
3713	18.5650		19		
3714	18.5700		19		
3715	18.5750		19		
3716	18.5800		19		
3717	18.5850		19		
3718	18.5900		19		
3719	18.5950		19		
3720	18.6000		19		
3721	18.6050		19		
3722	18.6100		19		
3723	18.6150		19		
3724	18.6200		19		
3725	18.6250		19		
3726	18.6300		19		
3727	18.6350		19		
3728	18.6400		19		
3729	18.6450		19		
3730	18.6500		19		
3731	18.6550		19		
3732	18.6600		19		
3733	18.6650		19		
3734	18.6700		19		
3735	18.6750		19		
3736	18.6800		19		
3737	18.6850		19		
3738	18.6900		19		
3739	18.6950		19		
3740	18.7000		19		
3741	18.7050		19		
3742	18.7100		19		
3743	18.7150		19		
3744	18.7200		19		
3745	18.7250		19		
3746	18.7300		19		
3747	18.7350		19		
3748	18.7400		19		
3749	18.7450		19		
3750	18.7500		19		
3751	18.7550		19		
3752	18.7600		19		
3753	18.7650		19		
3754	18.7700		19		
3755	18.7750		19		
3756	18.7800		19		
3757	18.7850		19		
3758	18.7900		19		
3759	18.7950		19		
3760	18.8000		19		
3761	18.8050		19		
3762	18.8100		19		
3763	18.8150		19		
3764	18.8200		19		
3765	18.8250		19		
3766	18.8300		19		
3767	18.8350		19		
3768	18.8400		19		
3769	18.8450		19		
3770	18.8500		19		
3771	18.8550		19		
3772	18.8600		19		
3773	18.8650		19		
3774	18.8700		19		
3775	18.8750		19		
3776	18.8800		19		
3777	18.8850		19		
3778	18.8900		19		
3779	18.8950		19		
3780	18.9000		19		
3781	18.9050		19		
3782	18.9100		19		
3783	18.9150		19		
3784	18.9200		19		
3785	18.9250		19		
3786	18.9300		19		
3787	18.9350		19		
3788	18.9400		19		
3789	18.9450		19		
3790	18.9500		19		
3791	18.9550		19		
3792	18.9600		19		
3793	18.9650		19		
3794	18.9700		19		
3795	18.9750		19		
3796	18.9800		19		
3797	18.9850		19		
3798	18.9900		19		
3799	18.9950		19		
3800	19.0000		19		
3801	19.0050		19		
3802	19.0100		19		
3803	19.0150		19		
3804	19.0200		19		
3805	19.0250		19		
3806	19.0300		19		
3807	19.0350		19		
3808	19.0400		19		
3809	19.0450		19		
3810	19.0500		19		
3811	19.0550		19		
3812	19.0600		19		
3813	19.0650		19		
3814	19.0700		19		
3815	19.0750		19		
3816	19.0800		19		
3817	19.0850		19		
3818	19.0900		19		
3819	19.0950		19		
3820	19.1000		19		
3821	19.1050		19		
3822	19.1100		19		
3823	19.1150		19		
3824	19.1200		19		
3825	19.1250		19		
3826	19.1300		19		
3827	19.1350		19		
3828	19.1400		19		
3829	19.1450		19		
3830	19.1500		19		
3831	19.1550		19		
3832	19.1600		19		
3833	19.1650		19		
3834	19.1700		19		
3835	19.1750		19		
3836	19.1800		19		
3837	19.1850		19		
3838	19.1900		19		
3839	19.1950		19		
3840	19.2000		19		
3841	19.2050		19		
3842	19.2100		19		
3843	19.2150		19		
3844	19.2200		19		
3845	19.2250		19		
3846	19.2300		19		
3847	19.2350		19		
3848	19.2400		19		
3849	19.2450		19		
3850	19.2500		19		
3851	19.2550		19		
3852	19.2600		19		
3853	19.2650		19		
3854	19.2700		19		
3855	19.2750		19		
3856	19.2800		19		
3857	19.2850		19		
3858	19.2900		19		
3859	19.2950		19		
3860	19.3000		19		
3861	19.3050		19		
3862	19.3100		19		
3863	19.3150		19		
3864	19.3200		19		
3865	19.3250		19		
3866	19.3300		19		
3867	19.3350		19		
3868	19.3400		19		
3869	19.3450		19		
3870	19.3500		19		
3871	19.3550		19		
3872	19.3600		19		
3873	19.3650		19		
3874	19.3700		19		
3875	19.3750		19		
3876	19.3800		19		
3877	19.3850		19		
3878	19.3900		19		
3879	19.3950		19		
3880	19.4000		19		
3881	19.4050		19		
3882	19.4100		19		
3883	19.4150		19		
3884	19.4200		19		
3885	19.4250		19		
3886	19.4300		19		
3887	19.4350		19		
3888	19.4400		19		
3889	19.4450		19		
3890	19.4500		19		
3891	19.4550		19		
3892	19.4600		19		
3893	19.4650		19		
3894	19.4700		19		
3895	19.4750		19		
3896	19.4800		19		
3897	19.4850		19		
3898	19.4900		19		
3899	19.4950		19		
3900	19.5000		19		
3901	19.5050		19		
3902	19.5100		19		
3903	19.5150		19		
3904	19.5200		19		
3905	19.5250		19		
3906	19.5300		19		
3907	19.5350		19		
3908	19.5400		19		
3909	19.5450		19		
3910	19.5500		19		
3911	19.5550		19		
3912	19.5600		19		
3913	19.5650		19		
3914	19.5700		19		
3915	19.5750		19		
3916	19.5800		19		
3917	19.5850		19		
3918	19.5900		19		
3919	19.5950		19		
3920	19.6000		19		
3921	19.6050		19		
3922	19.6100		19		
3923	19.6150		19		
3924	19.6200		19		
3925	19.6250		19		
3926	19.6300		19		
3927	19.6350		19		
3928	19.6400		19		
3929	19.6450		19		
3930	19.6500		19		
3931	19.6550		19		
3932	19.6600		19		
3933	19.6650		19		
3934	19.6700		19		
3935	19.6750		19		
3936	19.6800		19		
3937	19.6850		19		
3938	19.6900		19		
3939	19.6950		19		
3940	19.7000		19		
3941	19.7050		19		
3942	19.7100		19		
3943	19.7150		19		
3944	19.7200		19		
3945	19.7250		19		
3946	19.7300		19		
3947	19.7350		19		
3948	19.7400		19		
3949	19.7450		19		
3950	19.7500		19		
3951	19.7550		19		
3952	19.7600		19		
3953	19.7650		19		
3954	19.7700		19		
3955	19.7750		19		
3956	19.7800		19		
3957	19.7850		19		
3958	19.7900		19		
3959	19.7950		19		
3960	19.8000		19		
3961	19.8050		19		
3962	19.8100		19		
3963	19.8150		19		
3964	19.8200		19		
3965	19.8250		19		
3966	19.8300		19		
3967	19.8350		19		
3968	19.8400		19		
3969	19.8450		19		
3970	19.8500		19		
3971	19.8550		19		
3972	19.8600		19		
3973	19.8650		19		
3974	19.8700		19		
3975	19.8750		19		
3976	19.8800		19		
3977	19.8850		19		
3978	19.8900		19		
3979	19.8950		19		
3980	19.9000		19		
3981	19.9050		19		
3982	19.9100		19		
3983	19.9150		19		
3984	19.9200		19		
3985	19.9250		19		
3986	19.9300		19		
3987	19.9350		19		
3988	19.9400		19		
3989	19.9450		19		
3990	19.9500		19		
3991	19.9550		19		
3992	19.9600		19		
3993	19.9650		19		
3994	19.9700		19		
3995	19.9750		19		
3996	19.9800		19		
3997	19.9850		19		
3998	19.9900		19		
3999	19.9950		19		
4000	20.0000		19		
4001	20.0050		19		
4002	20.0100		19		
4003	20.0150		19		
4004	20.0200		19		
4005	20.0250		19		
4006	20.0300		19		
4007	20.0350		19		
4008	20.0400		19		
4009	20.0450		19		
4010	20.0500		19		
4011	20.0550		19		
4012	20.0600		19		
4013	20.0650		19		
4014	20.0700		19		
4015	20.0750		19		
4016	20.0800		19		
4017	20.0850		19		
4018	20.0900		19		
4019	20.0950		19		
4020	20.1000		19		
4021	20.1050		19		
4022	20.1100		19		
4023	20.1150		19		
4024	20.1200		19		
4025	20.1250		19		
4026	20.1300		19		
4027	20.1350		19		
4028	20.1400		19		
4029	20.1450		19		
4030	20.1500		19		
4031	20.1550		19		
4032	20.1600		19		
4033	20.1650		19		
4034	20.1700		19		
4035	20.1750		19		
4036	20.1800		19		
4037	20.1850		19		
4038	20.1900		19		
4039	20.1950		19		
4040	20.2000		19		
4041	20.2050		19		
4042	20.2100		19		
4043	20.2150		19		
4044	20.2200		19		
4045	20.2250		19		
4046	20.2300		19		
4047	20.2350		19		
4048	20.2400		19		
4049	20.2450		19		
4050	20.2500		19		
4051	20.2550		19		
4052	20.2600		19		
4053	20.2650		19		
4054	20.2700		19		
4055	20.2750		19		
4056	20.2800		19		
4057	20.2850		19		
4058	20.2900		19		
4059	20.2950		19		
4060	20.3000		19		
4061	20.3050		19		
4062	20.3100		19		
4063	20.3150		19		
4064	20.3200		19		
4065	20.3250		19		
4066	20.3300		19		
4067	20.3350		19		
4068	20.3400		19		
4069	20.3450		19		
4070	20.3500		19		
4071	20.3550		19		
4072	20.3600		19		
4073	20.3650		19		
4074	20.3700		19		
4075	20.3750		19		
4076	20.3800		19		
4077	20.3850		19		
4078	20.3900		19		
4079	20.3950		19		
4080	20.4000		19		
4081	20.4050		19		
4082	20.4100		19		
4083	20.4150		19		
4084	20.4200		19		
4085	20.4250		19		
4086	20.4300		19		
4087	20.4350		19		
4088	20.4400		19		
4089	20.4450		19		
4090	20.4500		19		
4091	20.4550		19		
4092	20.4600		19		
4093	20.4650		19		
4094	20.4700		19		
4095	20.4750		19		
4096	20.4800		19		
4097	20.4850		19		
4098	20.4900		19		
4099	20.4950		19		
4100	20.5000		19		
4101	20.5050		19		
4102	20.5100		19		
4103	20.5150		19		
4104	20.5200		19		
4105	20.5250		19		
4106	20.5300		19		
4107	20.5350		19		
4108	20.5400		19		
4109	20.5450		19		
4110	20.5500		19		
4111	20.5550		19		
4112	20.5600		19		
4113	20.5650		19		
4114	20.5700		19		
4115	20.5750		19		
4116	20.5800		19		
4117	20.5850		19		
4118	20.5900		19		
4119	20.5950		19		
4120	20.6000		19		
4121	20.6050		19		
4122	20.6100		19		
4123	20.6150		19		
4124	20.6200		19		
4125	20.6250		19		
4126	20.6300		19		
4127	20.6350		19		
4128	20.6400		19		
4129	20.6450		19		
4130	20.6500		19		
4131	20.6550		19		
4132	20.6600		19		
4133	20.6650		19		
4134	20.6700		19		
4135	20.6750		19		
4136	20.6800		19		
4137	20.6850		19		
4138	20.6900		19		
4139	20.6950		19		
4140	20.7000		19		
4141	20.7050		19		
4142	20.7100		19		
4143	20.7150		19		
4144	20.7200		19		
4145	20.7250		19		
4146	20.7300		19		
4147	20.7350		19		
4148	20.7400		19		
4149	20.7450		19		
4150	20.7500		19		
4151	20.7550		19		
4152	20.7600		19		
4153	20.7650		19		
4154	20.7700		19		
4155	20.7750		19		
4156	20.7800		19		
4157	20.7850		19		
4158	20.7900		19		
4159	20.7950		19		
4160	20.8000		19		
4161	20.8050		19		
4162	20.8100		19		
4163	20.8150		19		
4164	20.8200		19		
4165	20.8250		19		
4166	20.8300		19		
4167	20.8350		19		
4168	20.8400		19		
4169	20.8450		19		
4170	20.8500		19		
4171	20.8550		19		
4172	20.8600		19		
4173	20.8650		19		
4174	20.8700		19		
4175	20.8750		19		
4176	20.8800		19		
4177	20.8850		19		
4178	20.8900		19		
4179	20.8950		19		
4180	20.9000		19		
4181	20.9050		19		
4182	20.9100		19		
4183	20.9150		19		
4184	20.9200		19		
4185	20.9250		19		
4186	20.9300		19		
4187	20.9350		19		
4188	20.9400		19		
4189	20.9450		19		
4190	20.9500		19		
4191	20.9550		19		
4192	20.9600		19		
4193	20.9650		19		
4194	20.9700		19		
4195	20.9750		19		
4196	20.9800		19		
4197	20.9850		19		
4198	20.9900		19		
4199	20.9950		19		
4200	21.0000		19		
4201	21.0050		19		
4202	21.0100		19		
4203	21.0150		19		
4204	21.0200		19		
4205	21.0250		19		
4206	21.0300		19		
4207	21.0350		19		
4208	21.0400		19		
4209	21.0450		19		
4210	21.0500		19		
4211	21.0550		19		
4212	21.0600		19		
4213	21.0650		19		
4214	21.0700		19		
4215	21.0750		19		
4216	21.0800		19		
4217	21.0850		19		
4218	21.0900		19		
4219	21.0950		19		
4220	21.1000		19		
4221	21.1050		19		
4222	21.1100		19		
4223	21.1150		19		
4224	21.1200		19		
4225	21.1250		19		
4226	21.1300		19		
4227	21.1350		19		
4228	21.1400		19		
4229	21.1450		19		
4230	21.1500		19		
4231	21.1550		19		
4232	21.1600		19		
4233	21.1650		19		
4234	21.1700		19		
4235	21.1750		19		
4236	21.1800		19		
4237	21.1850		19		
4238	21.1900		19		
4239	21.1950		19		
4240	21.2000		19		
4241	21.2050		19		
4242	21.2100		19		
4243	21.2150		19		
4244	21.2200		19		
4245	21.2250		19		
4246	21.2300		19		
4247	21.2350		19		
4248	21.2400		19		
4249	21.2450		19		
4250	21.2500		19		
4251	21.2550		19		
4252	21.2600		19		
4253	21.2650		19		
4254	21.2700		19		
4255	21.2750		19		
4256	21.2800		19		
4257	21.2850		19		
4258	21.2900		19		
4259	21.2950		19		
4260	21.3000		19		
4261	21.3050		19		
4262	21.3100		19		
4263	21.3150		19		
4264	21.3200		19		
4265	21.3250		19		
4266	21.3300		19		
4267	21.3350		19		
4268	21.3400		19		
4269	21.3450		19		
4270	21.3500		19		
4271	21.3550		19		
4272	21.3600		19		
4273	21.3650		19		
4274	21.3700		19		
4275	21.3750		19		
4276	21.3800		19		
4277	21.3850		19		
4278	21.3900		19		
4279	21.3950		19		
4280	21.4000		19		
4281	21.4050		19		
4282	21.4100		19		
4283	21.4150		19		
4284	21.4200		19		
4285	21.4250		19		
4286	21.4300		19		
4287	21.4350		19		
4288	21.4400		19		
4289	21.4450		19		
4290	21.4500		19		
4291	21.4550		19		
4292	21.4600		19		
4293	21.4650		19		
4294	21.4700		19		
4295	21.4750		19		
4296	21.4800		19		
4297	21.4850		19		
4298	21.4900		19		
4299	21.4950		19		
4300	21.5000		19		
4301	21.5050		19		
4302	21.5100		19		
4303	21.5150		19		
4304	21.5200		19		
4305	21.5250		19		
4306	21.5300		19		
4307	21.5350		19		
4308	21.5400		19		
4309	21.5450		19		
4310	21.5500		19		
4311	21.5550		19		
4312	21.5600		19		
4313	21.5650		19		
4314	21.5700		19		
4315	21.5750		19		
4316	21.5800		19		
4317	21.5850		19		
4318	21.5900		19		
4319	21.5950		19		
4320	21.6000		19		
4321	21.6050		19		
4322	21.6100		19		
4323	21.6150		19		
4324	21.6200		19		
4325	21.6250		19		
4326	21.6300		19		
4327	21.6350		19		
4328	21.6400		19		
4329	21.6450		19		
4330	21.6500		19		
4331	21.6550		19		
4332	21.6600		19		
4333	21.6650		19		
4334	21.6700		19		
4335	21.6750		19		
4336	21.6800		19		
4337	21.6850		19		
4338	21.6900		19		
4339	21.6950		19		
4340	21.7000		19		
4341	21.7050		19		
4342	21.7100		19		
4343	21.7150		19		
4344	21.7200		19		
4345	21.7250		19		
4346	21.7300		19		
4347	21.7350		19		
4348	21.7400		19		
4349	21.7450		19		
4350	21.7500		19		
4351	21.7550		19		
4352	21.7600		19		
4353	21.7650		19		
4354	21.7700		19		
4355	21.7750		19		
4356	21.7800		19		
4357	21.7850		19		
4358	21.7900		19		
4359	21.7950		19		
4360	21.8000		19		
4361	21.8050		19		
4362	21.8100		19		
4363	21.8150		19		
4364	21.8200		19		
4365	21.8250		19		
4366	21.8300		19		
4367	21.8350		19		
4368	21.8400		19		
4369	21.8450		19		
4370	21.8500		19		
4371	21.8550		19		
4372	21.8600		19		
4373	21.8650		19		
4374	21.8700		19		
4375	21.8750		19		
4376	21.8800		19		
4377	21.8850		19		
4378	21.8900		19		
4379	21.8950		19		
4380	21.9000		19		
4381	21.9050		19		
4382	21.9100		19		
4383	21.9150		19		
4384	21.9200		19		
4385	21.9250		19		
4386	21.9300		19		
4387	21.9350		19		
4388	21.9400		19		
4389	21.9450		19		
4390	21.9500		19		
4391	21.9550		19		
4392	21.9600		19		
4393	21.9650		19		
4394	21.9700		19		
4395	21.9750		19		
4396	21.9800		19		
4397	21.9850		19		
4398	21.9900		19		
4399	21.9950		19		
4400	22.0000		19		
4401	22.0050		19		
4402	22.0100		19		
4403	22.0150		19		
4404	22.0200		19		
4405	22.0250		19		
4406	22.0300		19		
4407	22.0350		19		
4408	22.0400		19		
4409	22.0450		19		
4410	22.0500		19		
4411	22.0550		19		
4412	22.0600		19		
4413	22.0650		19		
4414	22.0700		19		
4415	22.0750		19		
4416	22.0800		19		
4417	22.0850		19		
4418	22.0900		19		
4419	22.0950		19		
4420	22.1000		19		
4421	22.1050		19		
4422	22.1100		19		
4423	22.1150		19		
4424	22.1200		19		
4425	22.1250		19		
4426	22.1300		19		
4427	22.1350		19		
4428	22.1400		19		
4429	22.1450		19		
4430	22.1500		19		
4431	22.1550		19		
4432	22.1600		19		
4433	22.1650		19		
4434	22.1700		19		
4435	22.1750		19		
4436	22.1800		19		
4437	22.1850		19		
4438	22.1900		19		
4439	22.1950		19		
4440	22.2000		19		
