#	time(s)	count A	count B	count C	count D
1	0.0100		240		
2	0.0200		240		
3	0.0300		240		
4	0.0400		240		
5	0.0500		240		
6	0.0600		240		
7	0.0700		240		
8	0.0800		240		
9	0.0900		240		
10	0.1000		240		
11	0.1100		240		
12	0.1200		240		
13	0.1300		240		
14	0.1400		240		
15	0.1500		240		
16	0.1600		240		
17	0.1700		240		
18	0.1800		240		
19	0.1900		240		
20	0.2000		240		
21	0.2100		240		
22	0.2200		240		
23	0.2300		240		
24	0.2400		240		
25	0.2500		240		
26	0.2600		240		
27	0.2700		240		
28	0.2800		240		
29	0.2900		240		
30	0.3000		240		
31	0.3100		240		
32	0.3200		240		
33	0.3300		240		
34	0.3400		240		
35	0.3500		240		
36	0.3600		240		
37	0.3700		240		
38	0.3800		240		
39	0.3900		240		
40	0.4000		240		
41	0.4100		240		
42	0.4200		240		
43	0.4300		240		
44	0.4400		240		
45	0.4500		240		
46	0.4600		240		
47	0.4700		240		
48	0.4800		240		
49	0.4900		240		
50	0.5000		240		
51	0.5100		240		
52	0.5200		240		
53	0.5300		240		
54	0.5400		240		
55	0.5500		240		
56	0.5600		240		
57	0.5700		240		
58	0.5800		240		
59	0.5900		240		
60	0.6000		240		
61	0.6100		240		
62	0.6200		240		
63	0.6300		240		
64	0.6400		240		
65	0.6500		240		
66	0.6600		240		
67	0.6700		240		
68	0.6800		240		
69	0.6900		240		
70	0.7000		240		
71	0.7100		240		
72	0.7200		240		
73	0.7300		240		
74	0.7400		240		
75	0.7500		240		
76	0.7600		240		
77	0.7700		240		
78	0.7800		240		
79	0.7900		240		
80	0.8000		240		
81	0.8100		240		
82	0.8200		240		
83	0.8300		240		
84	0.8400		240		
85	0.8500		240		
86	0.8600		240		
87	0.8700		240		
88	0.8800		240		
89	0.8900		240		
90	0.9000		240		
91	0.9100		240		
92	0.9200		240		
93	0.9300		240		
94	0.9400		240		
95	0.9500		240		
96	0.9600		240		
97	0.9700		240		
98	0.9800		240		
99	0.9900		240		
100	1.0000		240		
101	1.0100		240		
102	1.0200		240		
103	1.0300		240		
104	1.0400		240		
105	1.0500		240		
106	1.0600		240		
107	1.0700		240		
108	1.0800		240		
109	1.0900		240		
110	1.1000		240		
111	1.1100		240		
112	1.1200		240		
113	1.1300		240		
114	1.1400		240		
115	1.1500		240		
116	1.1600		240		
117	1.1700		240		
118	1.1800		240		
119	1.1900		240		
120	1.2000		240		
121	1.2100		240		
122	1.2200		240		
123	1.2300		240		
124	1.2400		240		
125	1.2500		240		
126	1.2600		240		
127	1.2700		240		
128	1.2800		240		
129	1.2900		240		
130	1.3000		240		
131	1.3100		240		
132	1.3200		240		
133	1.3300		240		
134	1.3400		240		
135	1.3500		240		
136	1.3600		240		
137	1.3700		240		
138	1.3800		240		
139	1.3900		240		
140	1.4000		240		
141	1.4100		240		
142	1.4200		240		
143	1.4300		240		
144	1.4400		240		
145	1.4500		240		
146	1.4600		240		
147	1.4700		240		
148	1.4800		240		
149	1.4900		240		
150	1.5000		240		
151	1.5100		240		
152	1.5200		240		
153	1.5300		240		
154	1.5400		240		
155	1.5500		240		
156	1.5600		240		
157	1.5700		240		
158	1.5800		240		
159	1.5900		240		
160	1.6000		240		
161	1.6100		240		
162	1.6200		240		
163	1.6300		240		
164	1.6400		240		
165	1.6500		240		
166	1.6600		240		
167	1.6700		240		
168	1.6800		240		
169	1.6900		240		
170	1.7000		240		
171	1.7100		240		
172	1.7200		240		
173	1.7300		240		
174	1.7400		240		
175	1.7500		240		
176	1.7600		240		
177	1.7700		240		
178	1.7800		240		
179	1.7900		240		
180	1.8000		240		
181	1.8100		240		
182	1.8200		240		
183	1.8300		240		
184	1.8400		240		
185	1.8500		240		
186	1.8600		240		
187	1.8700		240		
188	1.8800		240		
189	1.8900		240		
190	1.9000		240		
191	1.9100		240		
192	1.9200		240		
193	1.9300		240		
194	1.9400		240		
195	1.9500		240		
196	1.9600		240		
197	1.9700		240		
198	1.9800		240		
199	1.9900		240		
200	2.0000		240		
201	2.0100		240		
202	2.0200		240		
203	2.0300		240		
204	2.0400		240		
205	2.0500		240		
206	2.0600		240		
207	2.0700		240		
208	2.0800		240		
209	2.0900		240		
210	2.1000		240		
211	2.1100		240		
212	2.1200		240		
213	2.1300		240		
214	2.1400		240		
215	2.1500		240		
216	2.1600		240		
217	2.1700		240		
218	2.1800		240		
219	2.1900		240		
220	2.2000		240		
221	2.2100		240		
222	2.2200		240		
223	2.2300		240		
224	2.2400		240		
225	2.2500		240		
226	2.2600		240		
227	2.2700		240		
228	2.2800		240		
229	2.2900		240		
230	2.3000		240		
231	2.3100		240		
232	2.3200		240		
233	2.3300		240		
234	2.3400		240		
235	2.3500		240		
236	2.3600		240		
237	2.3700		240		
238	2.3800		240		
239	2.3900		240		
240	2.4000		240		
241	2.4100		240		
242	2.4200		240		
243	2.4300		240		
244	2.4400		240		
245	2.4500		240		
246	2.4600		240		
247	2.4700		240		
248	2.4800		240		
249	2.4900		240		
250	2.5000		240		
251	2.5100		240		
252	2.5200		240		
253	2.5300		240		
254	2.5400		240		
255	2.5500		240		
256	2.5600		240		
257	2.5700		240		
258	2.5800		240		
259	2.5900		240		
260	2.6000		240		
261	2.6100		240		
262	2.6200		240		
263	2.6300		240		
264	2.6400		240		
265	2.6500		240		
266	2.6600		240		
267	2.6700		240		
268	2.6800		240		
269	2.6900		240		
270	2.7000		240		
271	2.7100		240		
272	2.7200		240		
273	2.7300		240		
274	2.7400		240		
275	2.7500		240		
276	2.7600		240		
277	2.7700		240		
278	2.7800		240		
279	2.7900		240		
280	2.8000		240		
281	2.8100		240		
282	2.8200		240		
283	2.8300		240		
284	2.8400		240		
285	2.8500		240		
286	2.8600		240		
287	2.8700		240		
288	2.8800		240		
289	2.8900		240		
290	2.9000		240		
291	2.9100		240		
292	2.9200		240		
293	2.9300		240		
294	2.9400		240		
295	2.9500		240		
296	2.9600		240		
297	2.9700		240		
298	2.9800		240		
299	2.9900		240		
300	3.0000		240		
301	3.0100		240		
302	3.0200		240		
303	3.0300		240		
304	3.0400		240		
305	3.0500		240		
306	3.0600		240		
307	3.0700		240		
308	3.0800		240		
309	3.0900		240		
310	3.1000		240		
311	3.1100		240		
312	3.1200		240		
313	3.1300		240		
314	3.1400		240		
315	3.1500		240		
316	3.1600		240		
317	3.1700		240		
318	3.1800		240		
319	3.1900		240		
320	3.2000		240		
321	3.2100		240		
322	3.2200		240		
323	3.2300		240		
324	3.2400		240		
325	3.2500		240		
326	3.2600		240		
327	3.2700		240		
328	3.2800		240		
329	3.2900		240		
330	3.3000		240		
331	3.3100		240		
332	3.3200		240		
333	3.3300		240		
334	3.3400		240		
335	3.3500		240		
336	3.3600		240		
337	3.3700		240		
338	3.3800		240		
339	3.3900		240		
340	3.4000		240		
341	3.4100		240		
342	3.4200		240		
343	3.4300		240		
344	3.4400		240		
345	3.4500		240		
346	3.4600		240		
347	3.4700		240		
348	3.4800		240		
349	3.4900		240		
350	3.5000		240		
351	3.5100		240		
352	3.5200		240		
353	3.5300		240		
354	3.5400		240		
355	3.5500		240		
356	3.5600		240		
357	3.5700		240		
358	3.5800		240		
359	3.5900		240		
360	3.6000		240		
361	3.6100		240		
362	3.6200		240		
363	3.6300		240		
364	3.6400		240		
365	3.6500		240		
366	3.6600		240		
367	3.6700		240		
368	3.6800		240		
369	3.6900		240		
370	3.7000		240		
371	3.7100		240		
372	3.7200		240		
373	3.7300		240		
374	3.7400		240		
375	3.7500		240		
376	3.7600		240		
377	3.7700		240		
378	3.7800		240		
379	3.7900		240		
380	3.8000		240		
381	3.8100		240		
382	3.8200		240		
383	3.8300		240		
384	3.8400		240		
385	3.8500		240		
386	3.8600		240		
387	3.8700		240		
388	3.8800		240		
389	3.8900		240		
390	3.9000		240		
391	3.9100		240		
392	3.9200		240		
393	3.9300		240		
394	3.9400		240		
395	3.9500		240		
396	3.9600		240		
397	3.9700		240		
398	3.9800		240		
399	3.9900		240		
400	4.0000		240		
401	4.0100		240		
402	4.0200		240		
403	4.0300		240		
404	4.0400		240		
405	4.0500		240		
406	4.0600		240		
407	4.0700		240		
408	4.0800		240		
409	4.0900		240		
410	4.1000		240		
411	4.1100		240		
412	4.1200		240		
413	4.1300		240		
414	4.1400		240		
415	4.1500		240		
416	4.1600		240		
417	4.1700		240		
418	4.1800		240		
419	4.1900		240		
420	4.2000		240		
421	4.2100		240		
422	4.2200		240		
423	4.2300		240		
424	4.2400		240		
425	4.2500		240		
426	4.2600		240		
427	4.2700		240		
428	4.2800		240		
429	4.2900		240		
430	4.3000		240		
431	4.3100		240		
432	4.3200		240		
433	4.3300		240		
434	4.3400		240		
435	4.3500		240		
436	4.3600		240		
437	4.3700		240		
438	4.3800		240		
439	4.3900		240		
440	4.4000		240		
441	4.4100		240		
442	4.4200		240		
443	4.4300		240		
444	4.4400		240		
445	4.4500		240		
446	4.4600		240		
447	4.4700		240		
448	4.4800		240		
449	4.4900		240		
450	4.5000		240		
451	4.5100		240		
452	4.5200		240		
453	4.5300		240		
454	4.5400		240		
455	4.5500		240		
456	4.5600		240		
457	4.5700		240		
458	4.5800		240		
459	4.5900		240		
460	4.6000		240		
461	4.6100		240		
462	4.6200		240		
463	4.6300		240		
464	4.6400		240		
465	4.6500		240		
466	4.6600		240		
467	4.6700		240		
468	4.6800		240		
469	4.6900		240		
470	4.7000		240		
471	4.7100		240		
472	4.7200		240		
473	4.7300		240		
474	4.7400		240		
475	4.7500		240		
476	4.7600		240		
477	4.7700		240		
478	4.7800		240		
479	4.7900		240		
480	4.8000		240		
481	4.8100		240		
482	4.8200		240		
483	4.8300		240		
484	4.8400		240		
485	4.8500		240		
486	4.8600		240		
487	4.8700		240		
488	4.8800		240		
489	4.8900		240		
490	4.9000		240		
491	4.9100		240		
492	4.9200		240		
493	4.9300		240		
494	4.9400		240		
495	4.9500		240		
496	4.9600		240		
497	4.9700		240		
498	4.9800		240		
499	4.9900		240		
500	5.0000		240		
501	5.0100		240		
502	5.0200		240		
503	5.0300		240		
504	5.0400		240		
505	5.0500		240		
506	5.0600		240		
507	5.0700		240		
508	5.0800		240		
509	5.0900		240		
510	5.1000		240		
511	5.1100		240		
512	5.1200		240		
513	5.1300		240		
514	5.1400		240		
515	5.1500		240		
516	5.1600		240		
517	5.1700		240		
518	5.1800		240		
519	5.1900		240		
520	5.2000		240		
521	5.2100		240		
522	5.2200		240		
523	5.2300		240		
524	5.2400		240		
525	5.2500		240		
526	5.2600		240		
527	5.2700		240		
528	5.2800		240		
529	5.2900		240		
530	5.3000		240		
531	5.3100		240		
532	5.3200		240		
533	5.3300		240		
534	5.3400		240		
535	5.3500		240		
536	5.3600		240		
537	5.3700		240		
538	5.3800		240		
539	5.3900		240		
540	5.4000		240		
541	5.4100		240		
542	5.4200		240		
543	5.4300		240		
544	5.4400		240		
545	5.4500		240		
546	5.4600		240		
547	5.4700		240		
548	5.4800		240		
549	5.4900		240		
550	5.5000		240		
551	5.5100		240		
552	5.5200		240		
553	5.5300		240		
554	5.5400		240		
555	5.5500		240		
556	5.5600		240		
557	5.5700		240		
558	5.5800		240		
559	5.5900		240		
560	5.6000		240		
561	5.6100		240		
562	5.6200		240		
563	5.6300		240		
564	5.6400		240		
565	5.6500		240		
566	5.6600		240		
567	5.6700		240		
568	5.6800		240		
569	5.6900		240		
570	5.7000		240		
571	5.7100		240		
572	5.7200		240		
573	5.7300		240		
574	5.7400		240		
575	5.7500		240		
576	5.7600		240		
577	5.7700		240		
578	5.7800		240		
579	5.7900		240		
580	5.8000		240		
581	5.8100		240		
582	5.8200		240		
583	5.8300		240		
584	5.8400		240		
585	5.8500		240		
586	5.8600		240		
587	5.8700		240		
588	5.8800		240		
589	5.8900		240		
590	5.9000		240		
591	5.9100		240		
592	5.9200		240		
593	5.9300		240		
594	5.9400		240		
595	5.9500		240		
596	5.9600		240		
597	5.9700		240		
598	5.9800		240		
599	5.9900		240		
600	6.0000		240		
601	6.0100		240		
602	6.0200		240		
603	6.0300		240		
604	6.0400		240		
605	6.0500		240		
606	6.0600		240		
607	6.0700		240		
608	6.0800		240		
609	6.0900		240		
610	6.1000		240		
611	6.1100		240		
612	6.1200		240		
613	6.1300		240		
614	6.1400		240		
615	6.1500		240		
616	6.1600		240		
617	6.1700		240		
618	6.1800		240		
619	6.1900		240		
620	6.2000		240		
621	6.2100		240		
622	6.2200		240		
623	6.2300		240		
624	6.2400		240		
625	6.2500		240		
626	6.2600		240		
627	6.2700		240		
628	6.2800		240		
629	6.2900		240		
630	6.3000		240		
631	6.3100		240		
632	6.3200		240		
633	6.3300		240		
634	6.3400		240		
635	6.3500		240		
636	6.3600		240		
637	6.3700		240		
638	6.3800		240		
639	6.3900		240		
640	6.4000		240		
641	6.4100		240		
642	6.4200		240		
643	6.4300		240		
644	6.4400		240		
645	6.4500		240		
646	6.4600		240		
647	6.4700		240		
648	6.4800		240		
649	6.4900		240		
650	6.5000		240		
651	6.5100		240		
652	6.5200		240		
653	6.5300		240		
654	6.5400		240		
655	6.5500		240		
656	6.5600		240		
657	6.5700		240		
658	6.5800		240		
659	6.5900		240		
660	6.6000		240		
661	6.6100		240		
662	6.6200		240		
663	6.6300		240		
664	6.6400		240		
665	6.6500		240		
666	6.6600		240		
667	6.6700		240		
668	6.6800		240		
669	6.6900		240		
670	6.7000		240		
671	6.7100		240		
672	6.7200		240		
673	6.7300		240		
674	6.7400		240		
675	6.7500		240		
676	6.7600		240		
677	6.7700		240		
678	6.7800		240		
679	6.7900		240		
680	6.8000		240		
681	6.8100		240		
682	6.8200		240		
683	6.8300		240		
684	6.8400		240		
685	6.8500		240		
686	6.8600		240		
687	6.8700		240		
688	6.8800		240		
689	6.8900		240		
690	6.9000		240		
691	6.9100		240		
692	6.9200		240		
693	6.9300		240		
694	6.9400		240		
695	6.9500		240		
696	6.9600		240		
697	6.9700		240		
698	6.9800		240		
699	6.9900		240		
700	7.0000		240		
701	7.0100		240		
702	7.0200		240		
703	7.0300		240		
704	7.0400		240		
705	7.0500		240		
706	7.0600		240		
707	7.0700		240		
708	7.0800		240		
709	7.0900		240		
710	7.1000		240		
711	7.1100		240		
712	7.1200		240		
713	7.1300		240		
714	7.1400		240		
715	7.1500		240		
716	7.1600		240		
717	7.1700		240		
718	7.1800		240		
719	7.1900		240		
720	7.2000		240		
721	7.2100		240		
722	7.2200		240		
723	7.2300		240		
724	7.2400		240		
725	7.2500		240		
726	7.2600		240		
727	7.2700		240		
728	7.2800		240		
729	7.2900		240		
730	7.3000		240		
731	7.3100		240		
732	7.3200		240		
733	7.3300		240		
734	7.3400		240		
735	7.3500		240		
736	7.3600		240		
737	7.3700		240		
738	7.3800		240		
739	7.3900		240		
740	7.4000		240		
741	7.4100		240		
742	7.4200		240		
743	7.4300		240		
744	7.4400		240		
745	7.4500		240		
746	7.4600		240		
747	7.4700		240		
748	7.4800		240		
749	7.4900		240		
750	7.5000		240		
751	7.5100		240		
752	7.5200		240		
753	7.5300		240		
754	7.5400		240		
755	7.5500		240		
756	7.5600		240		
757	7.5700		239		
758	7.5800		237		
759	7.5900		235		
760	7.6000		234		
761	7.6100		232		
762	7.6200		230		
763	7.6300		228		
764	7.6400		227		
765	7.6500		225		
766	7.6600		223		
767	7.6700		221		
768	7.6800		220		
769	7.6900		218		
770	7.7000		216		
771	7.7100		214		
772	7.7200		212		
773	7.7300		210		
774	7.7400		209		
775	7.7500		207		
776	7.7600		205		
777	7.7700		203		
778	7.7800		201		
779	7.7900		199		
780	7.8000		197		
781	7.8100		195		
782	7.8200		193		
783	7.8300		191		
784	7.8400		189		
785	7.8500		187		
786	7.8600		185		
787	7.8700		183		
788	7.8800		181		
789	7.8900		179		
790	7.9000		177		
791	7.9100		175		
792	7.9200		173		
793	7.9300		171		
794	7.9400		169		
795	7.9500		167		
796	7.9600		165		
797	7.9700		162		
798	7.9800		160		
799	7.9900		158		
800	8.0000		156		
801	8.0100		154		
802	8.0200		152		
803	8.0300		150		
804	8.0400		148		
805	8.0500		145		
806	8.0600		143		
807	8.0700		141		
808	8.0800		139		
809	8.0900		136		
810	8.1000		134		
811	8.1100		132		
812	8.1200		130		
813	8.1300		128		
814	8.1400		125		
815	8.1500		123		
816	8.1600		121		
817	8.1700		118		
818	8.1800		116		
819	8.1900		114		
820	8.2000		111		
821	8.2100		109		
822	8.2200		106		
823	8.2300		104		
824	8.2400		102		
825	8.2500		99		
826	8.2600		97		
827	8.2700		94		
828	8.2800		92		
829	8.2900		90		
830	8.3000		88		
831	8.3100		86		
832	8.3200		83		
833	8.3300		82		
834	8.3400		79		
835	8.3500		77		
836	8.3600		74		
837	8.3700		72		
838	8.3800		69		
839	8.3900		66		
840	8.4000		64		
841	8.4100		61		
842	8.4200		59		
843	8.4300		56		
844	8.4400		54		
845	8.4500		51		
846	8.4600		48		
847	8.4700		46		
848	8.4800		43		
849	8.4900		41		
850	8.5000		38		
851	8.5100		35		
852	8.5200		33		
853	8.5300		30		
854	8.5400		27		
855	8.5500		24		
856	8.5600		22		
857	8.5700		19		
858	8.5800		16		
859	8.5900		13		
860	8.6000		11		
861	8.6100		8		
862	8.6200		5		
863	8.6300		2		
864	8.6400		1		
865	8.6500		1		
866	8.6600		1		
867	8.6700		1		
868	8.6800		1		
869	8.6900		1		
870	8.7000		1		
871	8.7100		1		
872	8.7200		1		
873	8.7300		1		
874	8.7400		1		
875	8.7500		1		
876	8.7600		1		
877	8.7700		1		
878	8.7800		1		
879	8.7900		1		
880	8.8000		1		
881	8.8100		1		
882	8.8200		1		
883	8.8300		1		
884	8.8400		1		
885	8.8500		1		
886	8.8600		1		
887	8.8700		1		
888	8.8800		1		
889	8.8900		1		
890	8.9000		1		
891	8.9100		1		
892	8.9200		1		
893	8.9300		1		
894	8.9400		1		
895	8.9500		1		
896	8.9600		1		
897	8.9700		1		
898	8.9800		1		
899	8.9900		1		
900	9.0000		1		
901	9.0100		1		
902	9.0200		1		
903	9.0300		1		
904	9.0400		1		
905	9.0500		1		
906	9.0600		1		
907	9.0700		1		
908	9.0800		1		
909	9.0900		1		
910	9.1000		1		
911	9.1100		1		
912	9.1200		1		
913	9.1300		1		
914	9.1400		1		
915	9.1500		1		
916	9.1600		1		
917	9.1700		1		
918	9.1800		1		
919	9.1900		1		
920	9.2000		1		
921	9.2100		1		
922	9.2200		1		
923	9.2300		1		
924	9.2400		1		
925	9.2500		1		
926	9.2600		1		
927	9.2700		1		
928	9.2800		1		
929	9.2900		1		
930	9.3000		1		
931	9.3100		1		
932	9.3200		1		
933	9.3300		1		
934	9.3400		1		
935	9.3500		1		
936	9.3600		1		
937	9.3700		1		
938	9.3800		1		
939	9.3900		1		
940	9.4000		1		
941	9.4100		1		
942	9.4200		1		
943	9.4300		1		
944	9.4400		1		
945	9.4500		1		
946	9.4600		1		
947	9.4700		1		
948	9.4800		1		
949	9.4900		1		
950	9.5000		1		
951	9.5100		1		
952	9.5200		1		
953	9.5300		1		
954	9.5400		1		
955	9.5500		1		
956	9.5600		1		
957	9.5700		1		
958	9.5800		1		
959	9.5900		1		
960	9.6000		1		
961	9.6100		1		
962	9.6200		1		
963	9.6300		1		
964	9.6400		1		
965	9.6500		1		
966	9.6600		1		
967	9.6700		1		
968	9.6800		1		
969	9.6900		1		
970	9.7000		1		
971	9.7100		1		
972	9.7200		1		
973	9.7300		1		
974	9.7400		1		
975	9.7500		1		
976	9.7600		1		
977	9.7700		1		
978	9.7800		1		
979	9.7900		1		
980	9.8000		1		
981	9.8100		1		
982	9.8200		1		
983	9.8300		1		
984	9.8400		1		
985	9.8500		1		
986	9.8600		1		
987	9.8700		1		
988	9.8800		1		
989	9.8900		1		
990	9.9000		1		
991	9.9100		1		
992	9.9200		1		
993	9.9300		1		
994	9.9400		1		
995	9.9500		1		
996	9.9600		1		
997	9.9700		1		
998	9.9800		1		
999	9.9900		1		
1000	10.0000		1		
1001	10.0100		1		
1002	10.0200		1		
1003	10.0300		1		
1004	10.0400		1		
1005	10.0500		1		
1006	10.0600		1		
1007	10.0700		1		
1008	10.0800		1		
1009	10.0900		1		
1010	10.1000		1		
1011	10.1100		1		
1012	10.1200		1		
1013	10.1300		1		
1014	10.1400		1		
1015	10.1500		1		
1016	10.1600		1		
1017	10.1700		1		
1018	10.1800		1		
1019	10.1900		1		
1020	10.2000		1		
1021	10.2100		1		
1022	10.2200		1		
1023	10.2300		1		
1024	10.2400		1		
1025	10.2500		1		
1026	10.2600		1		
1027	10.2700		1		
1028	10.2800		1		
1029	10.2900		1		
1030	10.3000		1		
1031	10.3100		1		
1032	10.3200		1		
1033	10.3300		1		
1034	10.3400		1		
1035	10.3500		1		
1036	10.3600		1		
1037	10.3700		1		
1038	10.3800		1		
1039	10.3900		1		
1040	10.4000		1		
1041	10.4100		1		
1042	10.4200		1		
1043	10.4300		1		
1044	10.4400		1		
1045	10.4500		1		
1046	10.4600		1		
1047	10.4700		1		
1048	10.4800		1		
1049	10.4900		1		
1050	10.5000		1		
1051	10.5100		1		
1052	10.5200		1		
1053	10.5300		1		
1054	10.5400		1		
1055	10.5500		1		
1056	10.5600		1		
1057	10.5700		1		
1058	10.5800		1		
1059	10.5900		1		
1060	10.6000		1		
1061	10.6100		1		
1062	10.6200		1		
1063	10.6300		1		
1064	10.6400		1		
1065	10.6500		1		
1066	10.6600		1		
1067	10.6700		1		
1068	10.6800		1		
1069	10.6900		1		
1070	10.7000		1		
1071	10.7100		1		
1072	10.7200		1		
1073	10.7300		1		
1074	10.7400		1		
1075	10.7500		1		
1076	10.7600		1		
1077	10.7700		1		
1078	10.7800		1		
1079	10.7900		1		
1080	10.8000		1		
1081	10.8100		1		
1082	10.8200		1		
1083	10.8300		1		
1084	10.8400		1		
1085	10.8500		1		
1086	10.8600		1		
1087	10.8700		1		
1088	10.8800		1		
1089	10.8900		1		
1090	10.9000		1		
1091	10.9100		1		
1092	10.9200		1		
1093	10.9300		1		
1094	10.9400		1		
1095	10.9500		1		
1096	10.9600		1		
1097	10.9700		1		
1098	10.9800		1		
1099	10.9900		1		
1100	11.0000		1		
1101	11.0100		1		
1102	11.0200		1		
1103	11.0300		1		
1104	11.0400		2		
1105	11.0500		4		
1106	11.0600		7		
1107	11.0700		10		
1108	11.0800		12		
1109	11.0900		15		
1110	11.1000		17		
1111	11.1100		20		
1112	11.1200		22		
1113	11.1300		25		
1114	11.1400		27		
1115	11.1500		30		
1116	11.1600		32		
1117	11.1700		34		
1118	11.1800		37		
1119	11.1900		39		
1120	11.2000		42		
1121	11.2100		44		
1122	11.2200		47		
1123	11.2300		49		
1124	11.2400		51		
1125	11.2500		54		
1126	11.2600		56		
1127	11.2700		58		
1128	11.2800		61		
1129	11.2900		63		
1130	11.3000		65		
1131	11.3100		68		
1132	11.3200		70		
1133	11.3300		72		
1134	11.3400		74		
1135	11.3500		77		
1136	11.3600		79		
1137	11.3700		81		
1138	11.3800		82		
1139	11.3900		84		
1140	11.4000		87		
1141	11.4100		89		
1142	11.4200		91		
1143	11.4300		92		
1144	11.4400		94		
1145	11.4500		96		
1146	11.4600		99		
1147	11.4700		101		
1148	11.4800		103		
1149	11.4900		105		
1150	11.5000		107		
1151	11.5100		109		
1152	11.5200		111		
1153	11.5300		113		
1154	11.5400		115		
1155	11.5500		117		
1156	11.5600		119		
1157	11.5700		121		
1158	11.5800		123		
1159	11.5900		125		
1160	11.6000		127		
1161	11.6100		129		
1162	11.6200		131		
1163	11.6300		133		
1164	11.6400		135		
1165	11.6500		137		
1166	11.6600		139		
1167	11.6700		141		
1168	11.6800		142		
1169	11.6900		144		
1170	11.7000		146		
1171	11.7100		148		
1172	11.7200		150		
1173	11.7300		152		
1174	11.7400		154		
1175	11.7500		155		
1176	11.7600		157		
1177	11.7700		159		
1178	11.7800		161		
1179	11.7900		162		
1180	11.8000		164		
1181	11.8100		166		
1182	11.8200		168		
1183	11.8300		170		
1184	11.8400		171		
1185	11.8500		173		
1186	11.8600		175		
1187	11.8700		176		
1188	11.8800		178		
1189	11.8900		180		
1190	11.9000		181		
1191	11.9100		183		
1192	11.9200		185		
1193	11.9300		186		
1194	11.9400		188		
1195	11.9500		189		
1196	11.9600		191		
1197	11.9700		192		
1198	11.9800		194		
1199	11.9900		196		
1200	12.0000		197		
1201	12.0100		199		
1202	12.0200		200		
1203	12.0300		202		
1204	12.0400		203		
1205	12.0500		205		
1206	12.0600		206		
1207	12.0700		208		
1208	12.0800		209		
1209	12.0900		211		
1210	12.1000		212		
1211	12.1100		214		
1212	12.1200		215		
1213	12.1300		216		
1214	12.1400		218		
1215	12.1500		219		
1216	12.1600		220		
1217	12.1700		222		
1218	12.1800		223		
1219	12.1900		224		
1220	12.2000		226		
1221	12.2100		227		
1222	12.2200		228		
1223	12.2300		230		
1224	12.2400		231		
1225	12.2500		232		
1226	12.2600		233		
1227	12.2700		235		
1228	12.2800		236		
1229	12.2900		237		
1230	12.3000		238		
1231	12.3100		239		
1232	12.3200		240		
1233	12.3300		240		
1234	12.3400		240		
1235	12.3500		240		
1236	12.3600		240		
1237	12.3700		240		
1238	12.3800		240		
1239	12.3900		240		
1240	12.4000		240		
1241	12.4100		240		
1242	12.4200		240		
1243	12.4300		240		
1244	12.4400		240		
1245	12.4500		240		
1246	12.4600		240		
1247	12.4700		240		
1248	12.4800		240		
1249	12.4900		240		
1250	12.5000		240		
1251	12.5100		240		
1252	12.5200		240		
1253	12.5300		240		
1254	12.5400		240		
1255	12.5500		240		
1256	12.5600		240		
1257	12.5700		240		
1258	12.5800		240		
1259	12.5900		240		
1260	12.6000		240		
1261	12.6100		240		
1262	12.6200		240		
1263	12.6300		240		
1264	12.6400		240		
1265	12.6500		240		
1266	12.6600		240		
1267	12.6700		240		
1268	12.6800		240		
1269	12.6900		240		
1270	12.7000		240		
1271	12.7100		240		
1272	12.7200		240		
1273	12.7300		240		
1274	12.7400		240		
1275	12.7500		240		
1276	12.7600		240		
1277	12.7700		240		
1278	12.7800		240		
1279	12.7900		240		
1280	12.8000		240		
1281	12.8100		240		
1282	12.8200		240		
1283	12.8300		240		
1284	12.8400		240		
1285	12.8500		240		
1286	12.8600		240		
1287	12.8700		240		
1288	12.8800		240		
1289	12.8900		240		
1290	12.9000		240		
1291	12.9100		240		
1292	12.9200		240		
1293	12.9300		240		
1294	12.9400		240		
1295	12.9500		240		
1296	12.9600		240		
1297	12.9700		240		
1298	12.9800		240		
1299	12.9900		240		
1300	13.0000		240		
1301	13.0100		240		
1302	13.0200		240		
1303	13.0300		240		
1304	13.0400		240		
1305	13.0500		240		
1306	13.0600		240		
1307	13.0700		240		
1308	13.0800		240		
1309	13.0900		240		
1310	13.1000		240		
1311	13.1100		240		
1312	13.1200		240		
1313	13.1300		240		
1314	13.1400		240		
1315	13.1500		240		
1316	13.1600		240		
1317	13.1700		240		
1318	13.1800		240		
1319	13.1900		240		
1320	13.2000		240		
1321	13.2100		240		
1322	13.2200		240		
1323	13.2300		240		
1324	13.2400		240		
1325	13.2500		240		
1326	13.2600		240		
1327	13.2700		240		
1328	13.2800		240		
1329	13.2900		240		
1330	13.3000		240		
1331	13.3100		240		
1332	13.3200		240		
1333	13.3300		240		
1334	13.3400		240		
1335	13.3500		240		
1336	13.3600		240		
1337	13.3700		240		
1338	13.3800		240		
1339	13.3900		240		
1340	13.4000		240		
1341	13.4100		240		
1342	13.4200		240		
1343	13.4300		240		
1344	13.4400		240		
1345	13.4500		240		
1346	13.4600		240		
1347	13.4700		240		
1348	13.4800		240		
1349	13.4900		240		
1350	13.5000		240		
1351	13.5100		240		
1352	13.5200		240		
1353	13.5300		240		
1354	13.5400		240		
1355	13.5500		240		
1356	13.5600		240		
1357	13.5700		240		
1358	13.5800		240		
1359	13.5900		240		
1360	13.6000		240		
1361	13.6100		240		
1362	13.6200		240		
1363	13.6300		240		
1364	13.6400		240		
1365	13.6500		240		
1366	13.6600		240		
1367	13.6700		240		
1368	13.6800		240		
1369	13.6900		240		
1370	13.7000		240		
1371	13.7100		240		
1372	13.7200		240		
1373	13.7300		240		
1374	13.7400		240		
1375	13.7500		240		
1376	13.7600		240		
1377	13.7700		240		
1378	13.7800		240		
1379	13.7900		240		
1380	13.8000		240		
1381	13.8100		240		
1382	13.8200		240		
1383	13.8300		240		
1384	13.8400		240		
1385	13.8500		240		
1386	13.8600		240		
1387	13.8700		240		
1388	13.8800		240		
1389	13.8900		240		
1390	13.9000		240		
1391	13.9100		240		
1392	13.9200		240		
1393	13.9300		240		
1394	13.9400		240		
1395	13.9500		240		
1396	13.9600		240		
1397	13.9700		240		
1398	13.9800		240		
1399	13.9900		240		
1400	14.0000		240		
1401	14.0100		240		
1402	14.0200		240		
1403	14.0300		240		
1404	14.0400		240		
1405	14.0500		240		
1406	14.0600		240		
1407	14.0700		240		
1408	14.0800		240		
1409	14.0900		240		
1410	14.1000		240		
1411	14.1100		240		
1412	14.1200		240		
1413	14.1300		240		
1414	14.1400		240		
1415	14.1500		240		
1416	14.1600		240		
1417	14.1700		240		
1418	14.1800		240		
1419	14.1900		240		
1420	14.2000		240		
1421	14.2100		240		
1422	14.2200		240		
1423	14.2300		240		
1424	14.2400		240		
1425	14.2500		240		
1426	14.2600		240		
1427	14.2700		240		
1428	14.2800		240		
1429	14.2900		240		
1430	14.3000		240		
1431	14.3100		240		
1432	14.3200		240		
1433	14.3300		240		
1434	14.3400		240		
1435	14.3500		240		
1436	14.3600		240		
1437	14.3700		239		
1438	14.3800		238		
1439	14.3900		237		
1440	14.4000		236		
1441	14.4100		235		
1442	14.4200		233		
1443	14.4300		232		
1444	14.4400		231		
1445	14.4500		230		
1446	14.4600		228		
1447	14.4700		227		
1448	14.4800		226		
1449	14.4900		225		
1450	14.5000		223		
1451	14.5100		222		
1452	14.5200		221		
1453	14.5300		219		
1454	14.5400		218		
1455	14.5500		217		
1456	14.5600		215		
1457	14.5700		214		
1458	14.5800		213		
1459	14.5900		211		
1460	14.6000		210		
1461	14.6100		208		
1462	14.6200		207		
1463	14.6300		206		
1464	14.6400		204		
1465	14.6500		203		
1466	14.6600		201		
1467	14.6700		200		
1468	14.6800		198		
1469	14.6900		197		
1470	14.7000		195		
1471	14.7100		194		
1472	14.7200		192		
1473	14.7300		191		
1474	14.7400		189		
1475	14.7500		188		
1476	14.7600		186		
1477	14.7700		184		
1478	14.7800		183		
1479	14.7900		181		
1480	14.8000		180		
1481	14.8100		178		
1482	14.8200		176		
1483	14.8300		175		
1484	14.8400		173		
1485	14.8500		171		
1486	14.8600		170		
1487	14.8700		168		
1488	14.8800		166		
1489	14.8900		165		
1490	14.9000		163		
1491	14.9100		161		
1492	14.9200		160		
1493	14.9300		158		
1494	14.9400		156		
1495	14.9500		154		
1496	14.9600		152		
1497	14.9700		151		
1498	14.9800		149		
1499	14.9900		147		
1500	15.0000		145		
1501	15.0100		143		
1502	15.0200		142		
1503	15.0300		140		
1504	15.0400		138		
1505	15.0500		136		
1506	15.0600		134		
1507	15.0700		132		
1508	15.0800		130		
1509	15.0900		128		
1510	15.1000		126		
1511	15.1100		124		
1512	15.1200		122		
1513	15.1300		120		
1514	15.1400		118		
1515	15.1500		116		
1516	15.1600		114		
1517	15.1700		113		
1518	15.1800		111		
1519	15.1900		109		
1520	15.2000		106		
1521	15.2100		104		
1522	15.2200		102		
1523	15.2300		100		
1524	15.2400		98		
1525	15.2500		96		
1526	15.2600		94		
1527	15.2700		92		
1528	15.2800		91		
1529	15.2900		89		
1530	15.3000		87		
1531	15.3100		84		
1532	15.3200		82		
1533	15.3300		81		
1534	15.3400		79		
1535	15.3500		77		
1536	15.3600		74		
1537	15.3700		72		
1538	15.3800		70		
1539	15.3900		68		
1540	15.4000		66		
1541	15.4100		63		
1542	15.4200		61		
1543	15.4300		59		
1544	15.4400		56		
1545	15.4500		54		
1546	15.4600		52		
1547	15.4700		50		
1548	15.4800		47		
1549	15.4900		45		
1550	15.5000		42		
1551	15.5100		40		
1552	15.5200		38		
1553	15.5300		35		
1554	15.5400		33		
1555	15.5500		30		
1556	15.5600		28		
1557	15.5700		26		
1558	15.5800		23		
1559	15.5900		21		
1560	15.6000		18		
1561	15.6100		16		
1562	15.6200		13		
1563	15.6300		11		
1564	15.6400		8		
1565	15.6500		6		
1566	15.6600		3		
1567	15.6700		1		
1568	15.6800		1		
1569	15.6900		1		
1570	15.7000		1		
1571	15.7100		1		
1572	15.7200		1		
1573	15.7300		1		
1574	15.7400		1		
1575	15.7500		1		
1576	15.7600		1		
1577	15.7700		1		
1578	15.7800		1		
1579	15.7900		1		
1580	15.8000		1		
1581	15.8100		1		
1582	15.8200		1		
1583	15.8300		1		
1584	15.8400		1		
1585	15.8500		1		
1586	15.8600		1		
1587	15.8700		1		
1588	15.8800		1		
1589	15.8900		1		
1590	15.9000		1		
1591	15.9100		1		
1592	15.9200		1		
1593	15.9300		1		
1594	15.9400		1		
1595	15.9500		1		
1596	15.9600		1		
1597	15.9700		1		
1598	15.9800		1		
1599	15.9900		1		
1600	16.0000		1		
1601	16.0100		1		
1602	16.0200		1		
1603	16.0300		1		
1604	16.0400		1		
1605	16.0500		1		
1606	16.0600		1		
1607	16.0700		1		
1608	16.0800		1		
1609	16.0900		1		
1610	16.1000		1		
1611	16.1100		1		
1612	16.1200		1		
1613	16.1300		1		
1614	16.1400		1		
1615	16.1500		1		
1616	16.1600		1		
1617	16.1700		1		
1618	16.1800		1		
1619	16.1900		1		
1620	16.2000		1		
1621	16.2100		1		
1622	16.2200		1		
1623	16.2300		1		
1624	16.2400		1		
1625	16.2500		1		
1626	16.2600		1		
1627	16.2700		1		
1628	16.2800		1		
1629	16.2900		1		
1630	16.3000		1		
1631	16.3100		1		
1632	16.3200		1		
1633	16.3300		1		
1634	16.3400		1		
1635	16.3500		1		
1636	16.3600		1		
1637	16.3700		1		
1638	16.3800		1		
1639	16.3900		1		
1640	16.4000		1		
1641	16.4100		1		
1642	16.4200		1		
1643	16.4300		1		
1644	16.4400		1		
1645	16.4500		1		
1646	16.4600		1		
1647	16.4700		1		
1648	16.4800		1		
1649	16.4900		1		
1650	16.5000		1		
1651	16.5100		1		
1652	16.5200		1		
1653	16.5300		1		
1654	16.5400		1		
1655	16.5500		1		
1656	16.5600		1		
1657	16.5700		1		
1658	16.5800		1		
1659	16.5900		1		
1660	16.6000		1		
1661	16.6100		1		
1662	16.6200		1		
1663	16.6300		1		
1664	16.6400		1		
1665	16.6500		1		
1666	16.6600		1		
1667	16.6700		1		
1668	16.6800		1		
1669	16.6900		1		
1670	16.7000		1		
1671	16.7100		1		
1672	16.7200		1		
1673	16.7300		1		
1674	16.7400		1		
1675	16.7500		1		
1676	16.7600		1		
1677	16.7700		1		
1678	16.7800		1		
1679	16.7900		1		
1680	16.8000		1		
1681	16.8100		1		
1682	16.8200		1		
1683	16.8300		1		
1684	16.8400		1		
1685	16.8500		1		
1686	16.8600		1		
1687	16.8700		1		
1688	16.8800		1		
1689	16.8900		1		
1690	16.9000		1		
1691	16.9100		1		
1692	16.9200		1		
1693	16.9300		1		
1694	16.9400		1		
1695	16.9500		1		
1696	16.9600		1		
1697	16.9700		1		
1698	16.9800		1		
1699	16.9900		1		
1700	17.0000		1		
1701	17.0100		1		
1702	17.0200		1		
1703	17.0300		1		
1704	17.0400		1		
1705	17.0500		1		
1706	17.0600		1		
1707	17.0700		1		
1708	17.0800		1		
1709	17.0900		1		
1710	17.1000		1		
1711	17.1100		1		
1712	17.1200		1		
1713	17.1300		1		
1714	17.1400		1		
1715	17.1500		1		
1716	17.1600		1		
1717	17.1700		1		
1718	17.1800		1		
1719	17.1900		1		
1720	17.2000		1		
1721	17.2100		1		
1722	17.2200		1		
1723	17.2300		1		
1724	17.2400		1		
1725	17.2500		1		
1726	17.2600		1		
1727	17.2700		1		
1728	17.2800		1		
1729	17.2900		1		
1730	17.3000		1		
1731	17.3100		1		
1732	17.3200		1		
1733	17.3300		1		
1734	17.3400		1		
1735	17.3500		1		
1736	17.3600		1		
1737	17.3700		1		
1738	17.3800		1		
1739	17.3900		1		
1740	17.4000		1		
1741	17.4100		1		
1742	17.4200		1		
1743	17.4300		1		
1744	17.4400		1		
1745	17.4500		1		
1746	17.4600		1		
1747	17.4700		1		
1748	17.4800		1		
1749	17.4900		1		
1750	17.5000		1		
1751	17.5100		1		
1752	17.5200		1		
1753	17.5300		1		
1754	17.5400		1		
1755	17.5500		1		
1756	17.5600		1		
1757	17.5700		1		
1758	17.5800		1		
1759	17.5900		1		
1760	17.6000		1		
1761	17.6100		1		
1762	17.6200		1		
1763	17.6300		1		
1764	17.6400		1		
1765	17.6500		1		
1766	17.6600		1		
1767	17.6700		1		
1768	17.6800		1		
1769	17.6900		1		
1770	17.7000		1		
1771	17.7100		1		
1772	17.7200		1		
1773	17.7300		1		
1774	17.7400		1		
1775	17.7500		1		
1776	17.7600		1		
1777	17.7700		1		
1778	17.7800		1		
1779	17.7900		1		
1780	17.8000		1		
1781	17.8100		1		
1782	17.8200		1		
1783	17.8300		1		
1784	17.8400		1		
1785	17.8500		1		
1786	17.8600		1		
1787	17.8700		1		
1788	17.8800		1		
1789	17.8900		1		
1790	17.9000		1		
1791	17.9100		1		
1792	17.9200		1		
1793	17.9300		1		
1794	17.9400		1		
1795	17.9500		1		
1796	17.9600		1		
1797	17.9700		1		
1798	17.9800		1		
1799	17.9900		1		
1800	18.0000		1		
1801	18.0100		1		
1802	18.0200		1		
1803	18.0300		1		
1804	18.0400		1		
1805	18.0500		1		
1806	18.0600		1		
1807	18.0700		1		
1808	18.0800		1		
1809	18.0900		1		
1810	18.1000		1		
1811	18.1100		1		
1812	18.1200		1		
1813	18.1300		1		
1814	18.1400		1		
1815	18.1500		1		
1816	18.1600		1		
1817	18.1700		1		
1818	18.1800		1		
1819	18.1900		1		
1820	18.2000		1		
1821	18.2100		1		
1822	18.2200		1		
1823	18.2300		1		
1824	18.2400		3		
1825	18.2500		5		
1826	18.2600		8		
1827	18.2700		10		
1828	18.2800		12		
1829	18.2900		14		
1830	18.3000		17		
1831	18.3100		19		
1832	18.3200		21		
1833	18.3300		23		
1834	18.3400		26		
1835	18.3500		28		
1836	18.3600		30		
1837	18.3700		32		
1838	18.3800		34		
1839	18.3900		36		
1840	18.4000		38		
1841	18.4100		41		
1842	18.4200		43		
1843	18.4300		45		
1844	18.4400		47		
1845	18.4500		49		
1846	18.4600		51		
1847	18.4700		53		
1848	18.4800		55		
1849	18.4900		57		
1850	18.5000		59		
1851	18.5100		61		
1852	18.5200		63		
1853	18.5300		65		
1854	18.5400		67		
1855	18.5500		69		
1856	18.5600		71		
1857	18.5700		73		
1858	18.5800		75		
1859	18.5900		77		
1860	18.6000		79		
1861	18.6100		81		
1862	18.6200		82		
1863	18.6300		84		
1864	18.6400		86		
1865	18.6500		87		
1866	18.6600		89		
1867	18.6700		91		
1868	18.6800		92		
1869	18.6900		94		
1870	18.7000		96		
1871	18.7100		97		
1872	18.7200		99		
1873	18.7300		101		
1874	18.7400		103		
1875	18.7500		104		
1876	18.7600		106		
1877	18.7700		108		
1878	18.7800		110		
1879	18.7900		111		
1880	18.8000		113		
1881	18.8100		115		
1882	18.8200		116		
1883	18.8300		118		
1884	18.8400		120		
1885	18.8500		121		
1886	18.8600		123		
1887	18.8700		125		
1888	18.8800		126		
1889	18.8900		128		
1890	18.9000		129		
1891	18.9100		131		
1892	18.9200		133		
1893	18.9300		134		
1894	18.9400		136		
1895	18.9500		137		
1896	18.9600		139		
1897	18.9700		140		
1898	18.9800		142		
1899	18.9900		143		
1900	19.0000		145		
1901	19.0100		146		
1902	19.0200		148		
1903	19.0300		149		
1904	19.0400		151		
1905	19.0500		152		
1906	19.0600		153		
1907	19.0700		155		
1908	19.0800		156		
1909	19.0900		158		
1910	19.1000		159		
1911	19.1100		160		
1912	19.1200		162		
1913	19.1300		163		
1914	19.1400		164		
1915	19.1500		166		
1916	19.1600		167		
1917	19.1700		168		
1918	19.1800		170		
1919	19.1900		171		
1920	19.2000		172		
1921	19.2100		174		
1922	19.2200		175		
1923	19.2300		176		
1924	19.2400		177		
1925	19.2500		178		
1926	19.2600		180		
1927	19.2700		181		
1928	19.2800		182		
1929	19.2900		183		
1930	19.3000		184		
1931	19.3100		186		
1932	19.3200		187		
1933	19.3300		188		
1934	19.3400		189		
1935	19.3500		190		
1936	19.3600		191		
1937	19.3700		192		
1938	19.3800		193		
1939	19.3900		194		
1940	19.4000		196		
1941	19.4100		197		
1942	19.4200		198		
1943	19.4300		199		
1944	19.4400		200		
1945	19.4500		201		
1946	19.4600		202		
1947	19.4700		203		
1948	19.4800		204		
1949	19.4900		205		
1950	19.5000		206		
1951	19.5100		207		
1952	19.5200		208		
1953	19.5300		208		
1954	19.5400		209		
1955	19.5500		210		
1956	19.5600		211		
1957	19.5700		212		
1958	19.5800		213		
1959	19.5900		214		
1960	19.6000		215		
1961	19.6100		215		
1962	19.6200		216		
1963	19.6300		217		
1964	19.6400		218		
1965	19.6500		219		
1966	19.6600		219		
1967	19.6700		220		
1968	19.6800		221		
1969	19.6900		222		
1970	19.7000		222		
1971	19.7100		223		
1972	19.7200		224		
1973	19.7300		225		
1974	19.7400		225		
1975	19.7500		226		
1976	19.7600		227		
1977	19.7700		227		
1978	19.7800		228		
1979	19.7900		229		
1980	19.8000		229		
1981	19.8100		230		
1982	19.8200		230		
1983	19.8300		231		
1984	19.8400		232		
1985	19.8500		232		
1986	19.8600		233		
1987	19.8700		233		
1988	19.8800		234		
1989	19.8900		234		
1990	19.9000		235		
1991	19.9100		236		
1992	19.9200		236		
1993	19.9300		236		
1994	19.9400		237		
1995	19.9500		237		
1996	19.9600		238		
1997	19.9700		238		
1998	19.9800		239		
1999	19.9900		239		
2000	20.0000		240		
2001	20.0100		240		
2002	20.0200		240		
2003	20.0300		240		
2004	20.0400		240		
2005	20.0500		240		
2006	20.0600		240		
2007	20.0700		240		
2008	20.0800		240		
2009	20.0900		240		
2010	20.1000		240		
2011	20.1100		240		
2012	20.1200		240		
2013	20.1300		240		
2014	20.1400		240		
2015	20.1500		240		
2016	20.1600		240		
2017	20.1700		240		
2018	20.1800		240		
2019	20.1900		240		
2020	20.2000		240		
2021	20.2100		240		
2022	20.2200		240		
2023	20.2300		240		
2024	20.2400		240		
2025	20.2500		240		
2026	20.2600		240		
2027	20.2700		240		
2028	20.2800		240		
2029	20.2900		240		
2030	20.3000		240		
2031	20.3100		240		
2032	20.3200		240		
2033	20.3300		240		
2034	20.3400		240		
2035	20.3500		240		
2036	20.3600		240		
2037	20.3700		240		
2038	20.3800		240		
2039	20.3900		240		
2040	20.4000		240		
2041	20.4100		240		
2042	20.4200		240		
2043	20.4300		240		
2044	20.4400		240		
2045	20.4500		240		
2046	20.4600		240		
2047	20.4700		240		
2048	20.4800		240		
2049	20.4900		240		
2050	20.5000		240		
2051	20.5100		240		
2052	20.5200		240		
2053	20.5300		240		
2054	20.5400		240		
2055	20.5500		240		
2056	20.5600		240		
2057	20.5700		240		
2058	20.5800		240		
2059	20.5900		240		
2060	20.6000		240		
2061	20.6100		240		
2062	20.6200		240		
2063	20.6300		240		
2064	20.6400		240		
2065	20.6500		240		
2066	20.6600		240		
2067	20.6700		240		
2068	20.6800		240		
2069	20.6900		240		
2070	20.7000		240		
2071	20.7100		240		
2072	20.7200		240		
2073	20.7300		240		
2074	20.7400		240		
2075	20.7500		239		
2076	20.7600		239		
2077	20.7700		239		
2078	20.7800		238		
2079	20.7900		238		
2080	20.8000		237		
2081	20.8100		237		
2082	20.8200		236		
2083	20.8300		236		
2084	20.8400		235		
2085	20.8500		235		
2086	20.8600		234		
2087	20.8700		234		
2088	20.8800		233		
2089	20.8900		233		
2090	20.9000		232		
2091	20.9100		232		
2092	20.9200		231		
2093	20.9300		230		
2094	20.9400		230		
2095	20.9500		229		
2096	20.9600		228		
2097	20.9700		228		
2098	20.9800		227		
2099	20.9900		227		
2100	21.0000		226		
2101	21.0100		225		
2102	21.0200		224		
2103	21.0300		224		
2104	21.0400		223		
2105	21.0500		222		
2106	21.0600		222		
2107	21.0700		221		
2108	21.0800		220		
2109	21.0900		219		
2110	21.1000		219		
2111	21.1100		218		
2112	21.1200		217		
2113	21.1300		216		
2114	21.1400		215		
2115	21.1500		214		
2116	21.1600		214		
2117	21.1700		213		
2118	21.1800		212		
2119	21.1900		211		
2120	21.2000		210		
2121	21.2100		209		
2122	21.2200		208		
2123	21.2300		207		
2124	21.2400		206		
2125	21.2500		206		
2126	21.2600		205		
2127	21.2700		204		
2128	21.2800		203		
2129	21.2900		202		
2130	21.3000		201		
2131	21.3100		200		
2132	21.3200		199		
2133	21.3300		198		
2134	21.3400		197		
2135	21.3500		196		
2136	21.3600		194		
2137	21.3700		193		
2138	21.3800		192		
2139	21.3900		191		
2140	21.4000		190		
2141	21.4100		189		
2142	21.4200		188		
2143	21.4300		187		
2144	21.4400		186		
2145	21.4500		185		
2146	21.4600		183		
2147	21.4700		182		
2148	21.4800		181		
2149	21.4900		180		
2150	21.5000		179		
2151	21.5100		177		
2152	21.5200		176		
2153	21.5300		175		
2154	21.5400		174		
2155	21.5500		172		
2156	21.5600		171		
2157	21.5700		170		
2158	21.5800		169		
2159	21.5900		167		
2160	21.6000		166		
2161	21.6100		165		
2162	21.6200		163		
2163	21.6300		162		
2164	21.6400		161		
2165	21.6500		159		
2166	21.6600		158		
2167	21.6700		157		
2168	21.6800		155		
2169	21.6900		154		
2170	21.7000		152		
2171	21.7100		151		
2172	21.7200		150		
2173	21.7300		148		
2174	21.7400		147		
2175	21.7500		145		
2176	21.7600		144		
2177	21.7700		142		
2178	21.7800		141		
2179	21.7900		139		
2180	21.8000		138		
2181	21.8100		136		
2182	21.8200		135		
2183	21.8300		133		
2184	21.8400		132		
2185	21.8500		130		
2186	21.8600		128		
2187	21.8700		127		
2188	21.8800		125		
2189	21.8900		124		
2190	21.9000		122		
2191	21.9100		120		
2192	21.9200		119		
2193	21.9300		117		
2194	21.9400		115		
2195	21.9500		114		
2196	21.9600		112		
2197	21.9700		110		
2198	21.9800		109		
2199	21.9900		107		
2200	22.0000		105		
2201	22.0100		104		
2202	22.0200		102		
2203	22.0300		100		
2204	22.0400		98		
2205	22.0500		96		
2206	22.0600		95		
2207	22.0700		93		
2208	22.0800		92		
2209	22.0900		90		
2210	22.1000		88		
2211	22.1100		87		
2212	22.1200		85		
2213	22.1300		83		
2214	22.1400		82		
2215	22.1500		80		
2216	22.1600		78		
2217	22.1700		76		
2218	22.1800		74		
2219	22.1900		73		
2220	22.2000		71		
2221	22.2100		69		
2222	22.2200		67		
2223	22.2300		65		
2224	22.2400		63		
2225	22.2500		61		
2226	22.2600		59		
2227	22.2700		57		
2228	22.2800		55		
2229	22.2900		53		
2230	22.3000		51		
2231	22.3100		48		
2232	22.3200		46		
2233	22.3300		44		
2234	22.3400		42		
2235	22.3500		40		
2236	22.3600		38		
2237	22.3700		36		
2238	22.3800		34		
2239	22.3900		32		
2240	22.4000		30		
2241	22.4100		27		
2242	22.4200		25		
2243	22.4300		23		
2244	22.4400		21		
2245	22.4500		19		
2246	22.4600		16		
2247	22.4700		14		
2248	22.4800		12		
2249	22.4900		10		
2250	22.5000		7		
2251	22.5100		5		
2252	22.5200		3		
2253	22.5300		1		
2254	22.5400		1		
2255	22.5500		1		
2256	22.5600		1		
2257	22.5700		1		
2258	22.5800		1		
2259	22.5900		1		
2260	22.6000		1		
2261	22.6100		1		
2262	22.6200		1		
2263	22.6300		1		
2264	22.6400		1		
2265	22.6500		1		
2266	22.6600		1		
2267	22.6700		1		
2268	22.6800		1		
2269	22.6900		1		
2270	22.7000		1		
2271	22.7100		1		
2272	22.7200		1		
2273	22.7300		1		
2274	22.7400		1		
2275	22.7500		1		
2276	22.7600		1		
2277	22.7700		1		
2278	22.7800		1		
2279	22.7900		1		
2280	22.8000		1		
2281	22.8100		1		
2282	22.8200		1		
2283	22.8300		1		
2284	22.8400		1		
2285	22.8500		1		
2286	22.8600		1		
2287	22.8700		1		
2288	22.8800		1		
2289	22.8900		1		
2290	22.9000		1		
2291	22.9100		1		
2292	22.9200		1		
2293	22.9300		1		
2294	22.9400		1		
2295	22.9500		1		
2296	22.9600		1		
2297	22.9700		1		
2298	22.9800		1		
2299	22.9900		1		
2300	23.0000		1		
2301	23.0100		1		
2302	23.0200		1		
2303	23.0300		1		
2304	23.0400		1		
2305	23.0500		1		
2306	23.0600		1		
2307	23.0700		1		
2308	23.0800		1		
2309	23.0900		1		
2310	23.1000		1		
2311	23.1100		1		
2312	23.1200		1		
2313	23.1300		1		
2314	23.1400		1		
2315	23.1500		1		
2316	23.1600		1		
2317	23.1700		1		
2318	23.1800		1		
2319	23.1900		1		
2320	23.2000		1		
2321	23.2100		1		
2322	23.2200		1		
2323	23.2300		1		
2324	23.2400		1		
2325	23.2500		1		
2326	23.2600		1		
2327	23.2700		1		
2328	23.2800		1		
2329	23.2900		1		
2330	23.3000		1		
2331	23.3100		1		
2332	23.3200		1		
2333	23.3300		1		
2334	23.3400		1		
2335	23.3500		1		
2336	23.3600		1		
2337	23.3700		1		
2338	23.3800		1		
2339	23.3900		1		
2340	23.4000		1		
2341	23.4100		1		
2342	23.4200		1		
2343	23.4300		1		
2344	23.4400		1		
2345	23.4500		1		
2346	23.4600		1		
2347	23.4700		1		
2348	23.4800		1		
2349	23.4900		1		
2350	23.5000		1		
2351	23.5100		1		
2352	23.5200		1		
2353	23.5300		1		
2354	23.5400		1		
2355	23.5500		1		
2356	23.5600		1		
2357	23.5700		1		
2358	23.5800		1		
2359	23.5900		1		
2360	23.6000		1		
2361	23.6100		1		
2362	23.6200		1		
2363	23.6300		1		
2364	23.6400		1		
2365	23.6500		1		
2366	23.6600		1		
2367	23.6700		1		
2368	23.6800		1		
2369	23.6900		1		
2370	23.7000		1		
2371	23.7100		1		
2372	23.7200		1		
2373	23.7300		1		
2374	23.7400		1		
2375	23.7500		1		
2376	23.7600		1		
2377	23.7700		1		
2378	23.7800		1		
2379	23.7900		1		
2380	23.8000		1		
2381	23.8100		1		
2382	23.8200		1		
2383	23.8300		1		
2384	23.8400		1		
2385	23.8500		1		
2386	23.8600		1		
2387	23.8700		1		
2388	23.8800		1		
2389	23.8900		1		
2390	23.9000		1		
2391	23.9100		1		
2392	23.9200		1		
2393	23.9300		1		
2394	23.9400		1		
2395	23.9500		1		
2396	23.9600		1		
2397	23.9700		1		
2398	23.9800		1		
2399	23.9900		1		
2400	24.0000		1		
2401	24.0100		1		
2402	24.0200		1		
2403	24.0300		1		
2404	24.0400		1		
2405	24.0500		1		
2406	24.0600		1		
2407	24.0700		1		
2408	24.0800		1		
2409	24.0900		1		
2410	24.1000		1		
2411	24.1100		1		
2412	24.1200		1		
2413	24.1300		1		
2414	24.1400		1		
2415	24.1500		1		
2416	24.1600		1		
2417	24.1700		1		
2418	24.1800		1		
2419	24.1900		1		
2420	24.2000		1		
2421	24.2100		1		
2422	24.2200		1		
2423	24.2300		1		
2424	24.2400		1		
2425	24.2500		1		
2426	24.2600		1		
2427	24.2700		1		
2428	24.2800		1		
2429	24.2900		1		
2430	24.3000		1		
2431	24.3100		1		
2432	24.3200		1		
2433	24.3300		1		
2434	24.3400		1		
2435	24.3500		1		
2436	24.3600		1		
2437	24.3700		1		
2438	24.3800		1		
2439	24.3900		1		
2440	24.4000		1		
2441	24.4100		1		
2442	24.4200		1		
2443	24.4300		1		
2444	24.4400		1		
2445	24.4500		1		
2446	24.4600		1		
2447	24.4700		1		
2448	24.4800		1		
2449	24.4900		1		
2450	24.5000		1		
2451	24.5100		1		
2452	24.5200		1		
2453	24.5300		1		
2454	24.5400		1		
2455	24.5500		1		
2456	24.5600		1		
2457	24.5700		1		
2458	24.5800		1		
2459	24.5900		1		
2460	24.6000		1		
2461	24.6100		1		
2462	24.6200		1		
2463	24.6300		1		
2464	24.6400		1		
2465	24.6500		1		
2466	24.6600		1		
2467	24.6700		1		
2468	24.6800		1		
2469	24.6900		1		
2470	24.7000		1		
2471	24.7100		1		
2472	24.7200		1		
2473	24.7300		1		
2474	24.7400		1		
2475	24.7500		1		
2476	24.7600		1		
2477	24.7700		1		
2478	24.7800		1		
2479	24.7900		1		
2480	24.8000		1		
2481	24.8100		1		
2482	24.8200		1		
2483	24.8300		1		
2484	24.8400		1		
2485	24.8500		1		
2486	24.8600		1		
2487	24.8700		1		
2488	24.8800		1		
2489	24.8900		1		
2490	24.9000		1		
2491	24.9100		1		
2492	24.9200		1		
2493	24.9300		1		
2494	24.9400		1		
2495	24.9500		1		
2496	24.9600		1		
2497	24.9700		1		
2498	24.9800		1		
2499	24.9900		1		
2500	25.0000		1		
2501	25.0100		1		
2502	25.0200		1		
2503	25.0300		1		
2504	25.0400		1		
2505	25.0500		1		
2506	25.0600		1		
2507	25.0700		1		
2508	25.0800		1		
2509	25.0900		1		
2510	25.1000		1		
2511	25.1100		1		
2512	25.1200		1		
2513	25.1300		1		
2514	25.1400		1		
2515	25.1500		1		
2516	25.1600		1		
2517	25.1700		1		
2518	25.1800		1		
2519	25.1900		1		
2520	25.2000		1		
2521	25.2100		1		
2522	25.2200		1		
2523	25.2300		1		
2524	25.2400		1		
2525	25.2500		1		
2526	25.2600		1		
2527	25.2700		3		
2528	25.2800		5		
2529	25.2900		7		
2530	25.3000		9		
2531	25.3100		11		
2532	25.3200		13		
2533	25.3300		15		
2534	25.3400		17		
2535	25.3500		19		
2536	25.3600		21		
2537	25.3700		23		
2538	25.3800		25		
2539	25.3900		27		
2540	25.4000		29		
2541	25.4100		31		
2542	25.4200		33		
2543	25.4300		35		
2544	25.4400		36		
2545	25.4500		38		
2546	25.4600		40		
2547	25.4700		42		
2548	25.4800		44		
2549	25.4900		46		
2550	25.5000		47		
2551	25.5100		49		
2552	25.5200		51		
2553	25.5300		53		
2554	25.5400		55		
2555	25.5500		56		
2556	25.5600		58		
2557	25.5700		60		
2558	25.5800		62		
2559	25.5900		63		
2560	25.6000		65		
2561	25.6100		67		
2562	25.6200		68		
2563	25.6300		70		
2564	25.6400		72		
2565	25.6500		73		
2566	25.6600		75		
2567	25.6700		76		
2568	25.6800		78		
2569	25.6900		80		
2570	25.7000		81		
2571	25.7100		83		
2572	25.7200		84		
2573	25.7300		85		
2574	25.7400		87		
2575	25.7500		88		
2576	25.7600		90		
2577	25.7700		91		
2578	25.7800		93		
2579	25.7900		93		
2580	25.8000		95		
2581	25.8100		96		
2582	25.8200		98		
2583	25.8300		99		
2584	25.8400		100		
2585	25.8500		102		
2586	25.8600		103		
2587	25.8700		105		
2588	25.8800		106		
2589	25.8900		107		
2590	25.9000		109		
2591	25.9100		110		
2592	25.9200		112		
2593	25.9300		113		
2594	25.9400		114		
2595	25.9500		116		
2596	25.9600		117		
2597	25.9700		118		
2598	25.9800		119		
2599	25.9900		121		
2600	26.0000		122		
2601	26.0100		123		
2602	26.0200		124		
2603	26.0300		126		
2604	26.0400		127		
2605	26.0500		128		
2606	26.0600		129		
2607	26.0700		130		
2608	26.0800		132		
2609	26.0900		133		
2610	26.1000		134		
2611	26.1100		135		
2612	26.1200		136		
2613	26.1300		137		
2614	26.1400		138		
2615	26.1500		140		
2616	26.1600		141		
2617	26.1700		142		
2618	26.1800		143		
2619	26.1900		144		
2620	26.2000		145		
2621	26.2100		146		
2622	26.2200		147		
2623	26.2300		148		
2624	26.2400		149		
2625	26.2500		150		
2626	26.2600		151		
2627	26.2700		152		
2628	26.2800		153		
2629	26.2900		154		
2630	26.3000		155		
2631	26.3100		156		
2632	26.3200		157		
2633	26.3300		158		
2634	26.3400		159		
2635	26.3500		160		
2636	26.3600		160		
2637	26.3700		161		
2638	26.3800		162		
2639	26.3900		163		
2640	26.4000		164		
2641	26.4100		165		
2642	26.4200		166		
2643	26.4300		166		
2644	26.4400		167		
2645	26.4500		168		
2646	26.4600		169		
2647	26.4700		170		
2648	26.4800		170		
2649	26.4900		171		
2650	26.5000		172		
2651	26.5100		172		
2652	26.5200		173		
2653	26.5300		174		
2654	26.5400		175		
2655	26.5500		175		
2656	26.5600		176		
2657	26.5700		177		
2658	26.5800		177		
2659	26.5900		178		
2660	26.6000		179		
2661	26.6100		179		
2662	26.6200		180		
2663	26.6300		180		
2664	26.6400		181		
2665	26.6500		182		
2666	26.6600		182		
2667	26.6700		183		
2668	26.6800		183		
2669	26.6900		184		
2670	26.7000		184		
2671	26.7100		185		
2672	26.7200		185		
2673	26.7300		186		
2674	26.7400		186		
2675	26.7500		187		
2676	26.7600		187		
2677	26.7700		188		
2678	26.7800		188		
2679	26.7900		189		
2680	26.8000		189		
2681	26.8100		190		
2682	26.8200		190		
2683	26.8300		190		
2684	26.8400		191		
2685	26.8500		191		
2686	26.8600		191		
2687	26.8700		192		
2688	26.8800		192		
2689	26.8900		192		
2690	26.9000		193		
2691	26.9100		193		
2692	26.9200		193		
2693	26.9300		194		
2694	26.9400		194		
2695	26.9500		194		
2696	26.9600		194		
2697	26.9700		195		
2698	26.9800		195		
2699	26.9900		195		
2700	27.0000		195		
2701	27.0100		196		
2702	27.0200		196		
2703	27.0300		196		
2704	27.0400		196		
2705	27.0500		196		
2706	27.0600		196		
2707	27.0700		196		
2708	27.0800		197		
2709	27.0900		197		
2710	27.1000		197		
2711	27.1100		197		
2712	27.1200		197		
2713	27.1300		197		
2714	27.1400		197		
2715	27.1500		197		
2716	27.1600		197		
2717	27.1700		197		
2718	27.1800		197		
2719	27.1900		197		
2720	27.2000		197		
2721	27.2100		197		
2722	27.2200		197		
2723	27.2300		197		
2724	27.2400		197		
2725	27.2500		197		
2726	27.2600		197		
2727	27.2700		197		
2728	27.2800		197		
2729	27.2900		196		
2730	27.3000		196		
2731	27.3100		196		
2732	27.3200		196		
2733	27.3300		196		
2734	27.3400		196		
2735	27.3500		196		
2736	27.3600		195		
2737	27.3700		195		
2738	27.3800		195		
2739	27.3900		195		
2740	27.4000		195		
2741	27.4100		194		
2742	27.4200		194		
2743	27.4300		194		
2744	27.4400		194		
2745	27.4500		193		
2746	27.4600		193		
2747	27.4700		193		
2748	27.4800		192		
2749	27.4900		192		
2750	27.5000		192		
2751	27.5100		191		
2752	27.5200		191		
2753	27.5300		191		
2754	27.5400		190		
2755	27.5500		190		
2756	27.5600		189		
2757	27.5700		189		
2758	27.5800		189		
2759	27.5900		188		
2760	27.6000		188		
2761	27.6100		187		
2762	27.6200		187		
2763	27.6300		186		
2764	27.6400		186		
2765	27.6500		185		
2766	27.6600		185		
2767	27.6700		184		
2768	27.6800		184		
2769	27.6900		183		
2770	27.7000		183		
2771	27.7100		182		
2772	27.7200		182		
2773	27.7300		181		
2774	27.7400		180		
2775	27.7500		180		
2776	27.7600		179		
2777	27.7700		178		
2778	27.7800		178		
2779	27.7900		177		
2780	27.8000		177		
2781	27.8100		176		
2782	27.8200		175		
2783	27.8300		175		
2784	27.8400		174		
2785	27.8500		173		
2786	27.8600		172		
2787	27.8700		172		
2788	27.8800		171		
2789	27.8900		170		
2790	27.9000		170		
2791	27.9100		169		
2792	27.9200		168		
2793	27.9300		167		
2794	27.9400		166		
2795	27.9500		166		
2796	27.9600		165		
2797	27.9700		164		
2798	27.9800		163		
2799	27.9900		162		
2800	28.0000		161		
2801	28.0100		160		
2802	28.0200		160		
2803	28.0300		159		
2804	28.0400		158		
2805	28.0500		157		
2806	28.0600		156		
2807	28.0700		155		
2808	28.0800		154		
2809	28.0900		153		
2810	28.1000		152		
2811	28.1100		151		
2812	28.1200		150		
2813	28.1300		149		
2814	28.1400		148		
2815	28.1500		147		
2816	28.1600		146		
2817	28.1700		145		
2818	28.1800		144		
2819	28.1900		143		
2820	28.2000		142		
2821	28.2100		141		
2822	28.2200		140		
2823	28.2300		139		
2824	28.2400		138		
2825	28.2500		136		
2826	28.2600		135		
2827	28.2700		134		
2828	28.2800		133		
2829	28.2900		132		
2830	28.3000		131		
2831	28.3100		130		
2832	28.3200		128		
2833	28.3300		127		
2834	28.3400		126		
2835	28.3500		125		
2836	28.3600		123		
2837	28.3700		122		
2838	28.3800		121		
2839	28.3900		120		
2840	28.4000		118		
2841	28.4100		117		
2842	28.4200		116		
2843	28.4300		114		
2844	28.4400		113		
2845	28.4500		112		
2846	28.4600		110		
2847	28.4700		109		
2848	28.4800		108		
2849	28.4900		106		
2850	28.5000		105		
2851	28.5100		104		
2852	28.5200		102		
2853	28.5300		101		
2854	28.5400		99		
2855	28.5500		98		
2856	28.5600		96		
2857	28.5700		95		
2858	28.5800		94		
2859	28.5900		93		
2860	28.6000		92		
2861	28.6100		90		
2862	28.6200		88		
2863	28.6300		87		
2864	28.6400		85		
2865	28.6500		84		
2866	28.6600		83		
2867	28.6700		82		
2868	28.6800		80		
2869	28.6900		78		
2870	28.7000		77		
2871	28.7100		75		
2872	28.7200		74		
2873	28.7300		72		
2874	28.7400		70		
2875	28.7500		69		
2876	28.7600		67		
2877	28.7700		65		
2878	28.7800		64		
2879	28.7900		62		
2880	28.8000		60		
2881	28.8100		58		
2882	28.8200		57		
2883	28.8300		55		
2884	28.8400		53		
2885	28.8500		52		
2886	28.8600		50		
2887	28.8700		48		
2888	28.8800		46		
2889	28.8900		44		
2890	28.9000		42		
2891	28.9100		41		
2892	28.9200		39		
2893	28.9300		37		
2894	28.9400		35		
2895	28.9500		33		
2896	28.9600		31		
2897	28.9700		29		
2898	28.9800		28		
2899	28.9900		26		
2900	29.0000		24		
2901	29.0100		22		
2902	29.0200		20		
2903	29.0300		18		
2904	29.0400		16		
2905	29.0500		14		
2906	29.0600		12		
2907	29.0700		10		
2908	29.0800		8		
2909	29.0900		6		
2910	29.1000		4		
2911	29.1100		2		
2912	29.1200		2		
2913	29.1300		2		
2914	29.1400		2		
2915	29.1500		2		
2916	29.1600		2		
2917	29.1700		2		
2918	29.1800		2		
2919	29.1900		2		
2920	29.2000		2		
2921	29.2100		2		
2922	29.2200		2		
2923	29.2300		2		
2924	29.2400		2		
2925	29.2500		2		
2926	29.2600		2		
2927	29.2700		2		
2928	29.2800		2		
2929	29.2900		2		
2930	29.3000		2		
2931	29.3100		2		
2932	29.3200		2		
2933	29.3300		2		
2934	29.3400		2		
2935	29.3500		2		
2936	29.3600		2		
2937	29.3700		2		
2938	29.3800		2		
2939	29.3900		2		
2940	29.4000		2		
2941	29.4100		2		
2942	29.4200		2		
2943	29.4300		2		
2944	29.4400		2		
2945	29.4500		2		
2946	29.4600		2		
2947	29.4700		2		
2948	29.4800		2		
2949	29.4900		2		
2950	29.5000		2		
2951	29.5100		2		
2952	29.5200		2		
2953	29.5300		2		
2954	29.5400		2		
2955	29.5500		2		
2956	29.5600		2		
2957	29.5700		2		
2958	29.5800		2		
2959	29.5900		2		
2960	29.6000		2		
2961	29.6100		2		
2962	29.6200		2		
2963	29.6300		2		
2964	29.6400		2		
2965	29.6500		2		
2966	29.6600		2		
2967	29.6700		2		
2968	29.6800		2		
2969	29.6900		2		
2970	29.7000		2		
2971	29.7100		2		
2972	29.7200		2		
2973	29.7300		2		
2974	29.7400		2		
2975	29.7500		2		
2976	29.7600		2		
2977	29.7700		2		
2978	29.7800		2		
2979	29.7900		2		
2980	29.8000		2		
2981	29.8100		2		
2982	29.8200		2		
2983	29.8300		2		
2984	29.8400		2		
2985	29.8500		2		
2986	29.8600		2		
2987	29.8700		2		
2988	29.8800		2		
2989	29.8900		2		
2990	29.9000		2		
2991	29.9100		2		
2992	29.9200		2		
2993	29.9300		2		
2994	29.9400		2		
2995	29.9500		2		
2996	29.9600		2		
2997	29.9700		2		
2998	29.9800		2		
2999	29.9900		2		
3000	30.0000		2		
3001	30.0100		2		
3002	30.0200		2		
3003	30.0300		2		
3004	30.0400		2		
3005	30.0500		2		
3006	30.0600		2		
3007	30.0700		2		
3008	30.0800		2		
3009	30.0900		2		
3010	30.1000		2		
3011	30.1100		2		
3012	30.1200		2		
3013	30.1300		2		
3014	30.1400		2		
3015	30.1500		2		
3016	30.1600		2		
3017	30.1700		2		
3018	30.1800		2		
3019	30.1900		2		
3020	30.2000		2		
3021	30.2100		2		
3022	30.2200		2		
3023	30.2300		2		
3024	30.2400		2		
3025	30.2500		2		
3026	30.2600		2		
3027	30.2700		2		
3028	30.2800		2		
3029	30.2900		2		
3030	30.3000		2		
3031	30.3100		2		
3032	30.3200		2		
3033	30.3300		2		
3034	30.3400		2		
3035	30.3500		2		
3036	30.3600		2		
3037	30.3700		2		
3038	30.3800		2		
3039	30.3900		2		
3040	30.4000		2		
3041	30.4100		2		
3042	30.4200		2		
3043	30.4300		2		
3044	30.4400		2		
3045	30.4500		2		
3046	30.4600		2		
3047	30.4700		2		
3048	30.4800		2		
3049	30.4900		2		
3050	30.5000		2		
3051	30.5100		2		
3052	30.5200		2		
3053	30.5300		2		
3054	30.5400		2		
3055	30.5500		2		
3056	30.5600		2		
3057	30.5700		2		
3058	30.5800		2		
3059	30.5900		2		
3060	30.6000		2		
3061	30.6100		2		
3062	30.6200		2		
3063	30.6300		2		
3064	30.6400		2		
3065	30.6500		2		
3066	30.6600		2		
3067	30.6700		2		
3068	30.6800		2		
3069	30.6900		2		
3070	30.7000		2		
3071	30.7100		2		
3072	30.7200		2		
3073	30.7300		2		
3074	30.7400		2		
3075	30.7500		2		
3076	30.7600		2		
3077	30.7700		2		
3078	30.7800		2		
3079	30.7900		2		
3080	30.8000		2		
3081	30.8100		2		
3082	30.8200		2		
3083	30.8300		2		
3084	30.8400		2		
3085	30.8500		2		
3086	30.8600		2		
3087	30.8700		2		
3088	30.8800		2		
3089	30.8900		2		
3090	30.9000		2		
3091	30.9100		2		
3092	30.9200		2		
3093	30.9300		2		
3094	30.9400		2		
3095	30.9500		2		
3096	30.9600		2		
3097	30.9700		2		
3098	30.9800		2		
3099	30.9900		2		
3100	31.0000		2		
3101	31.0100		2		
3102	31.0200		2		
3103	31.0300		2		
3104	31.0400		2		
3105	31.0500		2		
3106	31.0600		2		
3107	31.0700		2		
3108	31.0800		2		
3109	31.0900		2		
3110	31.1000		2		
3111	31.1100		2		
3112	31.1200		2		
3113	31.1300		2		
3114	31.1400		2		
3115	31.1500		2		
3116	31.1600		2		
3117	31.1700		2		
3118	31.1800		2		
3119	31.1900		2		
3120	31.2000		2		
3121	31.2100		2		
3122	31.2200		2		
3123	31.2300		2		
3124	31.2400		2		
3125	31.2500		2		
3126	31.2600		2		
3127	31.2700		2		
3128	31.2800		2		
3129	31.2900		2		
3130	31.3000		2		
3131	31.3100		2		
3132	31.3200		2		
3133	31.3300		2		
3134	31.3400		2		
3135	31.3500		2		
3136	31.3600		2		
3137	31.3700		2		
3138	31.3800		2		
3139	31.3900		2		
3140	31.4000		2		
3141	31.4100		2		
3142	31.4200		2		
3143	31.4300		2		
3144	31.4400		2		
3145	31.4500		2		
3146	31.4600		2		
3147	31.4700		2		
3148	31.4800		2		
3149	31.4900		2		
3150	31.5000		2		
3151	31.5100		2		
3152	31.5200		2		
3153	31.5300		2		
3154	31.5400		2		
3155	31.5500		2		
3156	31.5600		2		
3157	31.5700		2		
3158	31.5800		2		
3159	31.5900		2		
3160	31.6000		2		
3161	31.6100		2		
3162	31.6200		2		
3163	31.6300		2		
3164	31.6400		2		
3165	31.6500		2		
3166	31.6600		2		
3167	31.6700		2		
3168	31.6800		2		
3169	31.6900		2		
3170	31.7000		2		
3171	31.7100		2		
3172	31.7200		2		
3173	31.7300		2		
3174	31.7400		2		
3175	31.7500		2		
3176	31.7600		2		
3177	31.7700		2		
3178	31.7800		2		
3179	31.7900		2		
3180	31.8000		2		
3181	31.8100		2		
3182	31.8200		2		
3183	31.8300		2		
3184	31.8400		2		
3185	31.8500		2		
3186	31.8600		2		
3187	31.8700		2		
3188	31.8800		2		
3189	31.8900		2		
3190	31.9000		2		
3191	31.9100		2		
3192	31.9200		2		
3193	31.9300		2		
3194	31.9400		2		
3195	31.9500		2		
3196	31.9600		2		
3197	31.9700		2		
3198	31.9800		2		
3199	31.9900		2		
3200	32.0000		2		
3201	32.0100		2		
3202	32.0200		2		
3203	32.0300		2		
3204	32.0400		3		
3205	32.0500		4		
3206	32.0600		6		
3207	32.0700		8		
3208	32.0800		10		
3209	32.0900		12		
3210	32.1000		13		
3211	32.1100		15		
3212	32.1200		17		
3213	32.1300		18		
3214	32.1400		20		
3215	32.1500		22		
3216	32.1600		23		
3217	32.1700		25		
3218	32.1800		27		
3219	32.1900		28		
3220	32.2000		30		
3221	32.2100		32		
3222	32.2200		33		
3223	32.2300		35		
3224	32.2400		36		
3225	32.2500		38		
3226	32.2600		40		
3227	32.2700		41		
3228	32.2800		42		
3229	32.2900		44		
3230	32.3000		46		
3231	32.3100		47		
3232	32.3200		49		
3233	32.3300		50		
3234	32.3400		52		
3235	32.3500		53		
3236	32.3600		54		
3237	32.3700		56		
3238	32.3800		57		
3239	32.3900		59		
3240	32.4000		60		
3241	32.4100		62		
3242	32.4200		63		
3243	32.4300		64		
3244	32.4400		66		
3245	32.4500		67		
3246	32.4600		68		
3247	32.4700		70		
3248	32.4800		71		
3249	32.4900		72		
3250	32.5000		74		
3251	32.5100		75		
3252	32.5200		76		
3253	32.5300		77		
3254	32.5400		79		
3255	32.5500		80		
3256	32.5600		81		
3257	32.5700		82		
3258	32.5800		83		
3259	32.5900		84		
3260	32.6000		85		
3261	32.6100		86		
3262	32.6200		87		
3263	32.6300		88		
3264	32.6400		89		
3265	32.6500		90		
3266	32.6600		92		
3267	32.6700		93		
3268	32.6800		93		
3269	32.6900		94		
3270	32.7000		95		
3271	32.7100		96		
3272	32.7200		97		
3273	32.7300		98		
3274	32.7400		99		
3275	32.7500		100		
3276	32.7600		101		
3277	32.7700		102		
3278	32.7800		103		
3279	32.7900		104		
3280	32.8000		105		
3281	32.8100		106		
3282	32.8200		107		
3283	32.8300		108		
3284	32.8400		109		
3285	32.8500		110		
3286	32.8600		111		
3287	32.8700		111		
3288	32.8800		112		
3289	32.8900		113		
3290	32.9000		114		
3291	32.9100		115		
3292	32.9200		116		
3293	32.9300		116		
3294	32.9400		117		
3295	32.9500		118		
3296	32.9600		119		
3297	32.9700		120		
3298	32.9800		120		
3299	32.9900		121		
3300	33.0000		122		
3301	33.0100		123		
3302	33.0200		123		
3303	33.0300		124		
3304	33.0400		125		
3305	33.0500		126		
3306	33.0600		126		
3307	33.0700		127		
3308	33.0800		128		
3309	33.0900		128		
3310	33.1000		129		
3311	33.1100		129		
3312	33.1200		130		
3313	33.1300		131		
3314	33.1400		131		
3315	33.1500		132		
3316	33.1600		132		
3317	33.1700		133		
3318	33.1800		134		
3319	33.1900		134		
3320	33.2000		135		
3321	33.2100		135		
3322	33.2200		136		
3323	33.2300		136		
3324	33.2400		137		
3325	33.2500		137		
3326	33.2600		138		
3327	33.2700		138		
3328	33.2800		138		
3329	33.2900		139		
3330	33.3000		139		
3331	33.3100		140		
3332	33.3200		140		
3333	33.3300		140		
3334	33.3400		141		
3335	33.3500		141		
3336	33.3600		142		
3337	33.3700		142		
3338	33.3800		142		
3339	33.3900		143		
3340	33.4000		143		
3341	33.4100		143		
3342	33.4200		144		
3343	33.4300		144		
3344	33.4400		144		
3345	33.4500		144		
3346	33.4600		145		
3347	33.4700		145		
3348	33.4800		145		
3349	33.4900		145		
3350	33.5000		146		
3351	33.5100		146		
3352	33.5200		146		
3353	33.5300		146		
3354	33.5400		146		
3355	33.5500		147		
3356	33.5600		147		
3357	33.5700		147		
3358	33.5800		147		
3359	33.5900		147		
3360	33.6000		147		
3361	33.6100		147		
3362	33.6200		148		
3363	33.6300		148		
3364	33.6400		148		
3365	33.6500		148		
3366	33.6600		148		
3367	33.6700		148		
3368	33.6800		148		
3369	33.6900		148		
3370	33.7000		148		
3371	33.7100		148		
3372	33.7200		148		
3373	33.7300		148		
3374	33.7400		148		
3375	33.7500		148		
3376	33.7600		148		
3377	33.7700		148		
3378	33.7800		148		
3379	33.7900		148		
3380	33.8000		148		
3381	33.8100		148		
3382	33.8200		147		
3383	33.8300		147		
3384	33.8400		147		
3385	33.8500		147		
3386	33.8600		147		
3387	33.8700		147		
3388	33.8800		147		
3389	33.8900		146		
3390	33.9000		146		
3391	33.9100		146		
3392	33.9200		146		
3393	33.9300		146		
3394	33.9400		145		
3395	33.9500		145		
3396	33.9600		145		
3397	33.9700		145		
3398	33.9800		144		
3399	33.9900		144		
3400	34.0000		144		
3401	34.0100		144		
3402	34.0200		143		
3403	34.0300		143		
3404	34.0400		142		
3405	34.0500		142		
3406	34.0600		142		
3407	34.0700		142		
3408	34.0800		141		
3409	34.0900		141		
3410	34.1000		140		
3411	34.1100		140		
3412	34.1200		140		
3413	34.1300		139		
3414	34.1400		139		
3415	34.1500		138		
3416	34.1600		138		
3417	34.1700		137		
3418	34.1800		137		
3419	34.1900		136		
3420	34.2000		136		
3421	34.2100		135		
3422	34.2200		135		
3423	34.2300		134		
3424	34.2400		134		
3425	34.2500		133		
3426	34.2600		133		
3427	34.2700		132		
3428	34.2800		132		
3429	34.2900		131		
3430	34.3000		130		
3431	34.3100		130		
3432	34.3200		129		
3433	34.3300		128		
3434	34.3400		128		
3435	34.3500		127		
3436	34.3600		126		
3437	34.3700		126		
3438	34.3800		125		
3439	34.3900		124		
3440	34.4000		124		
3441	34.4100		123		
3442	34.4200		122		
3443	34.4300		122		
3444	34.4400		121		
3445	34.4500		120		
3446	34.4600		119		
3447	34.4700		118		
3448	34.4800		118		
3449	34.4900		117		
3450	34.5000		116		
3451	34.5100		115		
3452	34.5200		114		
3453	34.5300		114		
3454	34.5400		113		
3455	34.5500		112		
3456	34.5600		111		
3457	34.5700		110		
3458	34.5800		109		
3459	34.5900		108		
3460	34.6000		107		
3461	34.6100		106		
3462	34.6200		106		
3463	34.6300		105		
3464	34.6400		104		
3465	34.6500		103		
3466	34.6600		102		
3467	34.6700		101		
3468	34.6800		100		
3469	34.6900		99		
3470	34.7000		98		
3471	34.7100		97		
3472	34.7200		96		
3473	34.7300		95		
3474	34.7400		94		
3475	34.7500		93		
3476	34.7600		92		
3477	34.7700		91		
3478	34.7800		90		
3479	34.7900		89		
3480	34.8000		88		
3481	34.8100		87		
3482	34.8200		86		
3483	34.8300		84		
3484	34.8400		83		
3485	34.8500		83		
3486	34.8600		82		
3487	34.8700		81		
3488	34.8800		80		
3489	34.8900		78		
3490	34.9000		77		
3491	34.9100		76		
3492	34.9200		75		
3493	34.9300		73		
3494	34.9400		72		
3495	34.9500		71		
3496	34.9600		70		
3497	34.9700		68		
3498	34.9800		67		
3499	34.9900		66		
3500	35.0000		64		
3501	35.0100		63		
3502	35.0200		62		
3503	35.0300		60		
3504	35.0400		59		
3505	35.0500		57		
3506	35.0600		56		
3507	35.0700		54		
3508	35.0800		53		
3509	35.0900		52		
3510	35.1000		50		
3511	35.1100		49		
3512	35.1200		47		
3513	35.1300		46		
3514	35.1400		44		
3515	35.1500		43		
3516	35.1600		41		
3517	35.1700		40		
3518	35.1800		38		
3519	35.1900		37		
3520	35.2000		35		
3521	35.2100		34		
3522	35.2200		32		
3523	35.2300		30		
3524	35.2400		29		
3525	35.2500		27		
3526	35.2600		26		
3527	35.2700		24		
3528	35.2800		22		
3529	35.2900		21		
3530	35.3000		19		
3531	35.3100		17		
3532	35.3200		16		
3533	35.3300		14		
3534	35.3400		12		
3535	35.3500		11		
3536	35.3600		9		
3537	35.3700		7		
3538	35.3800		5		
3539	35.3900		4		
3540	35.4000		2		
3541	35.4100		2		
3542	35.4200		2		
3543	35.4300		2		
3544	35.4400		2		
3545	35.4500		2		
3546	35.4600		2		
3547	35.4700		2		
3548	35.4800		2		
3549	35.4900		2		
3550	35.5000		2		
3551	35.5100		2		
3552	35.5200		2		
3553	35.5300		2		
3554	35.5400		2		
3555	35.5500		2		
3556	35.5600		2		
3557	35.5700		2		
3558	35.5800		2		
3559	35.5900		2		
3560	35.6000		2		
3561	35.6100		2		
3562	35.6200		2		
3563	35.6300		2		
3564	35.6400		2		
3565	35.6500		2		
3566	35.6600		2		
3567	35.6700		2		
3568	35.6800		2		
3569	35.6900		2		
3570	35.7000		2		
3571	35.7100		2		
3572	35.7200		2		
3573	35.7300		2		
3574	35.7400		2		
3575	35.7500		2		
3576	35.7600		2		
3577	35.7700		2		
3578	35.7800		2		
3579	35.7900		2		
3580	35.8000		2		
3581	35.8100		2		
3582	35.8200		2		
3583	35.8300		2		
3584	35.8400		2		
3585	35.8500		2		
3586	35.8600		2		
3587	35.8700		2		
3588	35.8800		2		
3589	35.8900		2		
3590	35.9000		2		
3591	35.9100		2		
3592	35.9200		2		
3593	35.9300		2		
3594	35.9400		2		
3595	35.9500		2		
3596	35.9600		2		
3597	35.9700		2		
3598	35.9800		2		
3599	35.9900		2		
3600	36.0000		2		
3601	36.0100		2		
3602	36.0200		2		
3603	36.0300		2		
3604	36.0400		2		
3605	36.0500		2		
3606	36.0600		2		
3607	36.0700		2		
3608	36.0800		2		
3609	36.0900		2		
3610	36.1000		2		
3611	36.1100		2		
3612	36.1200		2		
3613	36.1300		2		
3614	36.1400		2		
3615	36.1500		2		
3616	36.1600		2		
3617	36.1700		2		
3618	36.1800		2		
3619	36.1900		2		
3620	36.2000		2		
3621	36.2100		2		
3622	36.2200		2		
3623	36.2300		2		
3624	36.2400		2		
3625	36.2500		2		
3626	36.2600		2		
3627	36.2700		2		
3628	36.2800		2		
3629	36.2900		2		
3630	36.3000		2		
3631	36.3100		2		
3632	36.3200		2		
3633	36.3300		2		
3634	36.3400		2		
3635	36.3500		2		
3636	36.3600		2		
3637	36.3700		2		
3638	36.3800		2		
3639	36.3900		2		
3640	36.4000		2		
3641	36.4100		2		
3642	36.4200		2		
3643	36.4300		2		
3644	36.4400		2		
3645	36.4500		2		
3646	36.4600		2		
3647	36.4700		2		
3648	36.4800		2		
3649	36.4900		2		
3650	36.5000		2		
3651	36.5100		2		
3652	36.5200		2		
3653	36.5300		2		
3654	36.5400		2		
3655	36.5500		2		
3656	36.5600		2		
3657	36.5700		2		
3658	36.5800		2		
3659	36.5900		2		
3660	36.6000		2		
3661	36.6100		2		
3662	36.6200		2		
3663	36.6300		2		
3664	36.6400		2		
3665	36.6500		2		
3666	36.6600		2		
3667	36.6700		2		
3668	36.6800		2		
3669	36.6900		2		
3670	36.7000		2		
3671	36.7100		2		
3672	36.7200		2		
3673	36.7300		2		
3674	36.7400		2		
3675	36.7500		2		
3676	36.7600		2		
3677	36.7700		2		
3678	36.7800		2		
3679	36.7900		2		
3680	36.8000		2		
3681	36.8100		2		
3682	36.8200		2		
3683	36.8300		2		
3684	36.8400		2		
3685	36.8500		2		
3686	36.8600		2		
3687	36.8700		2		
3688	36.8800		2		
3689	36.8900		2		
3690	36.9000		2		
3691	36.9100		2		
3692	36.9200		2		
3693	36.9300		2		
3694	36.9400		2		
3695	36.9500		2		
3696	36.9600		2		
3697	36.9700		2		
3698	36.9800		2		
3699	36.9900		2		
3700	37.0000		2		
3701	37.0100		2		
3702	37.0200		2		
3703	37.0300		2		
3704	37.0400		2		
3705	37.0500		2		
3706	37.0600		2		
3707	37.0700		2		
3708	37.0800		2		
3709	37.0900		2		
3710	37.1000		2		
3711	37.1100		2		
3712	37.1200		2		
3713	37.1300		2		
3714	37.1400		2		
3715	37.1500		2		
3716	37.1600		2		
3717	37.1700		2		
3718	37.1800		2		
3719	37.1900		2		
3720	37.2000		2		
3721	37.2100		2		
3722	37.2200		2		
3723	37.2300		2		
3724	37.2400		2		
3725	37.2500		2		
3726	37.2600		2		
3727	37.2700		2		
3728	37.2800		2		
3729	37.2900		2		
3730	37.3000		2		
3731	37.3100		2		
3732	37.3200		2		
3733	37.3300		2		
3734	37.3400		2		
3735	37.3500		2		
3736	37.3600		2		
3737	37.3700		2		
3738	37.3800		2		
3739	37.3900		2		
3740	37.4000		2		
3741	37.4100		2		
3742	37.4200		2		
3743	37.4300		2		
3744	37.4400		2		
3745	37.4500		2		
3746	37.4600		2		
3747	37.4700		2		
3748	37.4800		2		
3749	37.4900		2		
3750	37.5000		2		
3751	37.5100		2		
3752	37.5200		2		
3753	37.5300		2		
3754	37.5400		2		
3755	37.5500		2		
3756	37.5600		2		
3757	37.5700		2		
3758	37.5800		2		
3759	37.5900		2		
3760	37.6000		2		
3761	37.6100		2		
3762	37.6200		2		
3763	37.6300		2		
3764	37.6400		2		
3765	37.6500		2		
3766	37.6600		2		
3767	37.6700		2		
3768	37.6800		2		
3769	37.6900		2		
3770	37.7000		2		
3771	37.7100		2		
3772	37.7200		2		
3773	37.7300		2		
3774	37.7400		2		
3775	37.7500		2		
3776	37.7600		2		
3777	37.7700		2		
3778	37.7800		2		
3779	37.7900		2		
3780	37.8000		2		
3781	37.8100		2		
3782	37.8200		2		
3783	37.8300		2		
3784	37.8400		2		
3785	37.8500		2		
3786	37.8600		2		
3787	37.8700		2		
3788	37.8800		2		
3789	37.8900		2		
3790	37.9000		2		
3791	37.9100		2		
3792	37.9200		2		
3793	37.9300		2		
3794	37.9400		2		
3795	37.9500		2		
3796	37.9600		2		
3797	37.9700		2		
3798	37.9800		2		
3799	37.9900		2		
3800	38.0000		2		
3801	38.0100		2		
3802	38.0200		2		
3803	38.0300		2		
3804	38.0400		2		
3805	38.0500		2		
3806	38.0600		2		
3807	38.0700		2		
3808	38.0800		2		
3809	38.0900		2		
3810	38.1000		2		
3811	38.1100		2		
3812	38.1200		2		
3813	38.1300		2		
3814	38.1400		2		
3815	38.1500		2		
3816	38.1600		2		
3817	38.1700		2		
3818	38.1800		2		
3819	38.1900		2		
3820	38.2000		2		
3821	38.2100		2		
3822	38.2200		2		
3823	38.2300		2		
3824	38.2400		2		
3825	38.2500		2		
3826	38.2600		2		
3827	38.2700		2		
3828	38.2800		2		
3829	38.2900		2		
3830	38.3000		2		
3831	38.3100		2		
3832	38.3200		2		
3833	38.3300		2		
3834	38.3400		2		
3835	38.3500		2		
3836	38.3600		2		
3837	38.3700		2		
3838	38.3800		2		
3839	38.3900		2		
3840	38.4000		2		
3841	38.4100		2		
3842	38.4200		2		
3843	38.4300		2		
3844	38.4400		2		
3845	38.4500		2		
3846	38.4600		2		
3847	38.4700		2		
3848	38.4800		2		
3849	38.4900		2		
3850	38.5000		2		
3851	38.5100		2		
3852	38.5200		2		
3853	38.5300		2		
3854	38.5400		2		
3855	38.5500		2		
3856	38.5600		2		
3857	38.5700		2		
3858	38.5800		2		
3859	38.5900		2		
3860	38.6000		3		
3861	38.6100		5		
3862	38.6200		6		
3863	38.6300		8		
3864	38.6400		9		
3865	38.6500		10		
3866	38.6600		12		
3867	38.6700		13		
3868	38.6800		15		
3869	38.6900		16		
3870	38.7000		17		
3871	38.7100		19		
3872	38.7200		20		
3873	38.7300		22		
3874	38.7400		23		
3875	38.7500		24		
3876	38.7600		26		
3877	38.7700		27		
3878	38.7800		28		
3879	38.7900		29		
3880	38.8000		31		
3881	38.8100		32		
3882	38.8200		33		
3883	38.8300		34		
3884	38.8400		36		
3885	38.8500		37		
3886	38.8600		38		
3887	38.8700		39		
3888	38.8800		40		
3889	38.8900		42		
3890	38.9000		43		
3891	38.9100		44		
3892	38.9200		45		
3893	38.9300		46		
3894	38.9400		47		
3895	38.9500		48		
3896	38.9600		49		
3897	38.9700		50		
3898	38.9800		52		
3899	38.9900		53		
3900	39.0000		54		
3901	39.0100		55		
3902	39.0200		56		
3903	39.0300		57		
3904	39.0400		58		
3905	39.0500		59		
3906	39.0600		60		
3907	39.0700		61		
3908	39.0800		62		
3909	39.0900		63		
3910	39.1000		64		
3911	39.1100		64		
3912	39.1200		65		
3913	39.1300		66		
3914	39.1400		67		
3915	39.1500		68		
3916	39.1600		69		
3917	39.1700		70		
3918	39.1800		71		
3919	39.1900		72		
3920	39.2000		72		
3921	39.2100		73		
3922	39.2200		74		
3923	39.2300		75		
3924	39.2400		76		
3925	39.2500		76		
3926	39.2600		77		
3927	39.2700		78		
3928	39.2800		79		
3929	39.2900		79		
3930	39.3000		80		
3931	39.3100		81		
3932	39.3200		82		
3933	39.3300		82		
3934	39.3400		83		
3935	39.3500		83		
3936	39.3600		83		
3937	39.3700		84		
3938	39.3800		84		
3939	39.3900		85		
3940	39.4000		86		
3941	39.4100		86		
3942	39.4200		87		
3943	39.4300		88		
3944	39.4400		88		
3945	39.4500		89		
3946	39.4600		89		
3947	39.4700		90		
3948	39.4800		90		
3949	39.4900		91		
3950	39.5000		91		
3951	39.5100		92		
3952	39.5200		92		
3953	39.5300		93		
3954	39.5400		93		
3955	39.5500		93		
3956	39.5600		93		
3957	39.5700		93		
3958	39.5800		94		
3959	39.5900		94		
3960	39.6000		95		
3961	39.6100		95		
3962	39.6200		95		
3963	39.6300		96		
3964	39.6400		96		
3965	39.6500		96		
3966	39.6600		97		
3967	39.6700		97		
3968	39.6800		97		
3969	39.6900		98		
3970	39.7000		98		
3971	39.7100		98		
3972	39.7200		98		
3973	39.7300		99		
3974	39.7400		99		
3975	39.7500		99		
3976	39.7600		100		
3977	39.7700		100		
3978	39.7800		100		
3979	39.7900		100		
3980	39.8000		100		
3981	39.8100		100		
3982	39.8200		101		
3983	39.8300		101		
3984	39.8400		101		
3985	39.8500		101		
3986	39.8600		101		
3987	39.8700		101		
3988	39.8800		101		
3989	39.8900		102		
3990	39.9000		102		
3991	39.9100		102		
3992	39.9200		102		
3993	39.9300		102		
3994	39.9400		102		
3995	39.9500		102		
3996	39.9600		102		
3997	39.9700		102		
3998	39.9800		102		
3999	39.9900		102		
4000	40.0000		102		
4001	40.0100		102		
4002	40.0200		102		
4003	40.0300		102		
4004	40.0400		102		
4005	40.0500		101		
4006	40.0600		101		
4007	40.0700		101		
4008	40.0800		101		
4009	40.0900		101		
4010	40.1000		101		
4011	40.1100		101		
4012	40.1200		100		
4013	40.1300		100		
4014	40.1400		100		
4015	40.1500		100		
4016	40.1600		100		
4017	40.1700		100		
4018	40.1800		99		
4019	40.1900		99		
4020	40.2000		99		
4021	40.2100		98		
4022	40.2200		98		
4023	40.2300		98		
4024	40.2400		98		
4025	40.2500		97		
4026	40.2600		97		
4027	40.2700		97		
4028	40.2800		96		
4029	40.2900		96		
4030	40.3000		96		
4031	40.3100		95		
4032	40.3200		95		
4033	40.3300		95		
4034	40.3400		94		
4035	40.3500		94		
4036	40.3600		93		
4037	40.3700		93		
4038	40.3800		93		
4039	40.3900		93		
4040	40.4000		93		
4041	40.4100		92		
4042	40.4200		92		
4043	40.4300		91		
4044	40.4400		91		
4045	40.4500		90		
4046	40.4600		90		
4047	40.4700		89		
4048	40.4800		89		
4049	40.4900		88		
4050	40.5000		88		
4051	40.5100		87		
4052	40.5200		86		
4053	40.5300		86		
4054	40.5400		85		
4055	40.5500		84		
4056	40.5600		84		
4057	40.5700		83		
4058	40.5800		83		
4059	40.5900		83		
4060	40.6000		82		
4061	40.6100		82		
4062	40.6200		81		
4063	40.6300		80		
4064	40.6400		79		
4065	40.6500		79		
4066	40.6600		78		
4067	40.6700		77		
4068	40.6800		76		
4069	40.6900		76		
4070	40.7000		75		
4071	40.7100		74		
4072	40.7200		73		
4073	40.7300		73		
4074	40.7400		72		
4075	40.7500		71		
4076	40.7600		70		
4077	40.7700		69		
4078	40.7800		68		
4079	40.7900		68		
4080	40.8000		67		
4081	40.8100		66		
4082	40.8200		65		
4083	40.8300		64		
4084	40.8400		63		
4085	40.8500		62		
4086	40.8600		61		
4087	40.8700		60		
4088	40.8800		59		
4089	40.8900		58		
4090	40.9000		57		
4091	40.9100		56		
4092	40.9200		55		
4093	40.9300		54		
4094	40.9400		53		
4095	40.9500		52		
4096	40.9600		51		
4097	40.9700		50		
4098	40.9800		49		
4099	40.9900		48		
4100	41.0000		47		
4101	41.0100		46		
4102	41.0200		44		
4103	41.0300		43		
4104	41.0400		42		
4105	41.0500		41		
4106	41.0600		40		
4107	41.0700		39		
4108	41.0800		38		
4109	41.0900		36		
4110	41.1000		35		
4111	41.1100		34		
4112	41.1200		33		
4113	41.1300		31		
4114	41.1400		30		
4115	41.1500		29		
4116	41.1600		28		
4117	41.1700		26		
4118	41.1800		25		
4119	41.1900		24		
4120	41.2000		22		
4121	41.2100		21		
4122	41.2200		20		
4123	41.2300		18		
4124	41.2400		17		
4125	41.2500		16		
4126	41.2600		14		
4127	41.2700		13		
4128	41.2800		12		
4129	41.2900		10		
4130	41.3000		9		
4131	41.3100		7		
4132	41.3200		6		
4133	41.3300		4		
4134	41.3400		3		
4135	41.3500		2		
4136	41.3600		2		
4137	41.3700		2		
4138	41.3800		2		
4139	41.3900		2		
4140	41.4000		2		
4141	41.4100		2		
4142	41.4200		2		
4143	41.4300		2		
4144	41.4400		2		
4145	41.4500		2		
4146	41.4600		2		
4147	41.4700		2		
4148	41.4800		2		
4149	41.4900		2		
4150	41.5000		2		
4151	41.5100		2		
4152	41.5200		2		
4153	41.5300		2		
4154	41.5400		2		
4155	41.5500		2		
4156	41.5600		2		
4157	41.5700		2		
4158	41.5800		2		
4159	41.5900		2		
4160	41.6000		2		
4161	41.6100		2		
4162	41.6200		2		
4163	41.6300		2		
4164	41.6400		2		
4165	41.6500		2		
4166	41.6600		2		
4167	41.6700		2		
4168	41.6800		2		
4169	41.6900		2		
4170	41.7000		2		
4171	41.7100		2		
4172	41.7200		2		
4173	41.7300		2		
4174	41.7400		2		
4175	41.7500		2		
4176	41.7600		2		
4177	41.7700		2		
4178	41.7800		2		
4179	41.7900		2		
4180	41.8000		2		
4181	41.8100		2		
4182	41.8200		2		
4183	41.8300		2		
4184	41.8400		2		
4185	41.8500		2		
4186	41.8600		2		
4187	41.8700		2		
4188	41.8800		2		
4189	41.8900		2		
4190	41.9000		2		
4191	41.9100		2		
4192	41.9200		2		
4193	41.9300		2		
4194	41.9400		2		
4195	41.9500		2		
4196	41.9600		2		
4197	41.9700		2		
4198	41.9800		2		
4199	41.9900		2		
4200	42.0000		2		
4201	42.0100		2		
4202	42.0200		2		
4203	42.0300		2		
4204	42.0400		2		
4205	42.0500		2		
4206	42.0600		2		
4207	42.0700		2		
4208	42.0800		2		
4209	42.0900		2		
4210	42.1000		2		
4211	42.1100		2		
4212	42.1200		2		
4213	42.1300		2		
4214	42.1400		2		
4215	42.1500		2		
4216	42.1600		2		
4217	42.1700		2		
4218	42.1800		2		
4219	42.1900		2		
4220	42.2000		2		
4221	42.2100		2		
4222	42.2200		2		
4223	42.2300		2		
4224	42.2400		2		
4225	42.2500		2		
4226	42.2600		2		
4227	42.2700		2		
4228	42.2800		2		
4229	42.2900		2		
4230	42.3000		2		
4231	42.3100		2		
4232	42.3200		2		
4233	42.3300		2		
4234	42.3400		2		
4235	42.3500		2		
4236	42.3600		2		
4237	42.3700		2		
4238	42.3800		2		
4239	42.3900		2		
4240	42.4000		2		
4241	42.4100		2		
4242	42.4200		2		
4243	42.4300		2		
4244	42.4400		2		
4245	42.4500		2		
4246	42.4600		2		
4247	42.4700		2		
4248	42.4800		2		
4249	42.4900		2		
4250	42.5000		2		
4251	42.5100		2		
4252	42.5200		2		
4253	42.5300		2		
4254	42.5400		2		
4255	42.5500		2		
4256	42.5600		2		
4257	42.5700		2		
4258	42.5800		2		
4259	42.5900		2		
4260	42.6000		2		
4261	42.6100		2		
4262	42.6200		2		
4263	42.6300		2		
4264	42.6400		2		
4265	42.6500		2		
4266	42.6600		2		
4267	42.6700		2		
4268	42.6800		2		
4269	42.6900		2		
4270	42.7000		2		
4271	42.7100		2		
4272	42.7200		2		
4273	42.7300		2		
4274	42.7400		2		
4275	42.7500		2		
4276	42.7600		2		
4277	42.7700		2		
4278	42.7800		2		
4279	42.7900		2		
4280	42.8000		2		
4281	42.8100		2		
4282	42.8200		2		
4283	42.8300		2		
4284	42.8400		2		
4285	42.8500		2		
4286	42.8600		2		
4287	42.8700		2		
4288	42.8800		2		
4289	42.8900		2		
4290	42.9000		2		
4291	42.9100		2		
4292	42.9200		2		
4293	42.9300		2		
4294	42.9400		2		
4295	42.9500		2		
4296	42.9600		2		
4297	42.9700		2		
4298	42.9800		2		
4299	42.9900		2		
4300	43.0000		2		
4301	43.0100		2		
4302	43.0200		2		
4303	43.0300		2		
4304	43.0400		2		
4305	43.0500		2		
4306	43.0600		2		
4307	43.0700		2		
4308	43.0800		2		
4309	43.0900		2		
4310	43.1000		2		
4311	43.1100		2		
4312	43.1200		2		
4313	43.1300		2		
4314	43.1400		2		
4315	43.1500		2		
4316	43.1600		2		
4317	43.1700		2		
4318	43.1800		2		
4319	43.1900		2		
4320	43.2000		2		
4321	43.2100		2		
4322	43.2200		2		
4323	43.2300		2		
4324	43.2400		2		
4325	43.2500		2		
4326	43.2600		2		
4327	43.2700		2		
4328	43.2800		2		
4329	43.2900		2		
4330	43.3000		2		
4331	43.3100		2		
4332	43.3200		2		
4333	43.3300		2		
4334	43.3400		2		
4335	43.3500		2		
4336	43.3600		2		
4337	43.3700		2		
4338	43.3800		2		
4339	43.3900		2		
4340	43.4000		2		
4341	43.4100		2		
4342	43.4200		2		
4343	43.4300		2		
4344	43.4400		2		
4345	43.4500		2		
4346	43.4600		2		
4347	43.4700		2		
4348	43.4800		2		
4349	43.4900		2		
4350	43.5000		2		
4351	43.5100		2		
4352	43.5200		2		
4353	43.5300		2		
4354	43.5400		2		
4355	43.5500		2		
4356	43.5600		2		
4357	43.5700		2		
4358	43.5800		2		
4359	43.5900		2		
4360	43.6000		2		
4361	43.6100		2		
4362	43.6200		2		
4363	43.6300		2		
4364	43.6400		2		
4365	43.6500		2		
4366	43.6600		2		
4367	43.6700		2		
4368	43.6800		2		
4369	43.6900		2		
4370	43.7000		2		
4371	43.7100		2		
4372	43.7200		2		
4373	43.7300		2		
4374	43.7400		2		
4375	43.7500		2		
4376	43.7600		2		
4377	43.7700		2		
4378	43.7800		2		
4379	43.7900		2		
4380	43.8000		2		
4381	43.8100		2		
4382	43.8200		2		
4383	43.8300		2		
4384	43.8400		2		
4385	43.8500		2		
4386	43.8600		2		
4387	43.8700		2		
4388	43.8800		2		
4389	43.8900		2		
4390	43.9000		2		
4391	43.9100		2		
4392	43.9200		2		
4393	43.9300		2		
4394	43.9400		2		
4395	43.9500		2		
4396	43.9600		2		
4397	43.9700		2		
4398	43.9800		2		
4399	43.9900		2		
4400	44.0000		2		
4401	44.0100		2		
4402	44.0200		2		
4403	44.0300		2		
4404	44.0400		2		
4405	44.0500		2		
4406	44.0600		2		
4407	44.0700		2		
4408	44.0800		2		
4409	44.0900		2		
4410	44.1000		2		
4411	44.1100		2		
4412	44.1200		2		
4413	44.1300		2		
4414	44.1400		2		
4415	44.1500		2		
4416	44.1600		2		
4417	44.1700		2		
4418	44.1800		2		
4419	44.1900		2		
4420	44.2000		2		
4421	44.2100		2		
4422	44.2200		2		
4423	44.2300		2		
4424	44.2400		2		
4425	44.2500		2		
4426	44.2600		2		
4427	44.2700		2		
4428	44.2800		2		
4429	44.2900		2		
4430	44.3000		2		
4431	44.3100		2		
4432	44.3200		2		
4433	44.3300		2		
4434	44.3400		2		
4435	44.3500		2		
4436	44.3600		2		
4437	44.3700		2		
4438	44.3800		2		
4439	44.3900		2		
4440	44.4000		2		
4441	44.4100		2		
4442	44.4200		2		
4443	44.4300		2		
4444	44.4400		2		
4445	44.4500		2		
4446	44.4600		2		
4447	44.4700		2		
4448	44.4800		2		
4449	44.4900		2		
4450	44.5000		2		
4451	44.5100		2		
4452	44.5200		2		
4453	44.5300		2		
4454	44.5400		2		
4455	44.5500		2		
4456	44.5600		2		
4457	44.5700		2		
4458	44.5800		2		
4459	44.5900		2		
4460	44.6000		2		
4461	44.6100		2		
4462	44.6200		2		
4463	44.6300		2		
4464	44.6400		2		
4465	44.6500		2		
4466	44.6600		2		
4467	44.6700		2		
4468	44.6800		2		
4469	44.6900		2		
4470	44.7000		2		
4471	44.7100		2		
4472	44.7200		2		
4473	44.7300		2		
4474	44.7400		2		
4475	44.7500		2		
4476	44.7600		2		
4477	44.7700		2		
4478	44.7800		2		
4479	44.7900		2		
4480	44.8000		2		
4481	44.8100		2		
4482	44.8200		2		
4483	44.8300		3		
4484	44.8400		4		
4485	44.8500		5		
4486	44.8600		6		
4487	44.8700		8		
4488	44.8800		9		
4489	44.8900		10		
4490	44.9000		11		
4491	44.9100		12		
4492	44.9200		13		
4493	44.9300		14		
4494	44.9400		15		
4495	44.9500		17		
4496	44.9600		18		
4497	44.9700		19		
4498	44.9800		20		
4499	44.9900		21		
4500	45.0000		22		
4501	45.0100		23		
4502	45.0200		24		
4503	45.0300		25		
4504	45.0400		26		
4505	45.0500		27		
4506	45.0600		28		
4507	45.0700		29		
4508	45.0800		30		
4509	45.0900		30		
4510	45.1000		31		
4511	45.1100		32		
4512	45.1200		33		
4513	45.1300		34		
4514	45.1400		35		
4515	45.1500		36		
4516	45.1600		37		
4517	45.1700		38		
4518	45.1800		38		
4519	45.1900		39		
4520	45.2000		40		
4521	45.2100		41		
4522	45.2200		41		
4523	45.2300		42		
4524	45.2400		43		
4525	45.2500		44		
4526	45.2600		44		
4527	45.2700		45		
4528	45.2800		46		
4529	45.2900		47		
4530	45.3000		47		
4531	45.3100		48		
4532	45.3200		49		
4533	45.3300		49		
4534	45.3400		50		
4535	45.3500		51		
4536	45.3600		51		
4537	45.3700		52		
4538	45.3800		52		
4539	45.3900		53		
4540	45.4000		54		
4541	45.4100		54		
4542	45.4200		55		
4543	45.4300		55		
4544	45.4400		56		
4545	45.4500		56		
4546	45.4600		57		
4547	45.4700		57		
4548	45.4800		58		
4549	45.4900		58		
4550	45.5000		59		
4551	45.5100		59		
4552	45.5200		60		
4553	45.5300		60		
4554	45.5400		61		
4555	45.5500		61		
4556	45.5600		61		
4557	45.5700		62		
4558	45.5800		62		
4559	45.5900		62		
4560	45.6000		63		
4561	45.6100		63		
4562	45.6200		64		
4563	45.6300		64		
4564	45.6400		64		
4565	45.6500		65		
4566	45.6600		65		
4567	45.6700		65		
4568	45.6800		65		
4569	45.6900		66		
4570	45.7000		66		
4571	45.7100		66		
4572	45.7200		66		
4573	45.7300		67		
4574	45.7400		67		
4575	45.7500		67		
4576	45.7600		67		
4577	45.7700		67		
4578	45.7800		68		
4579	45.7900		68		
4580	45.8000		68		
4581	45.8100		68		
4582	45.8200		68		
4583	45.8300		68		
4584	45.8400		68		
4585	45.8500		68		
4586	45.8600		68		
4587	45.8700		68		
4588	45.8800		68		
4589	45.8900		68		
4590	45.9000		69		
4591	45.9100		69		
4592	45.9200		69		
4593	45.9300		69		
4594	45.9400		69		
4595	45.9500		69		
4596	45.9600		68		
4597	45.9700		68		
4598	45.9800		68		
4599	45.9900		68		
4600	46.0000		68		
4601	46.0100		68		
4602	46.0200		68		
4603	46.0300		68		
4604	46.0400		68		
4605	46.0500		68		
4606	46.0600		68		
4607	46.0700		67		
4608	46.0800		67		
4609	46.0900		67		
4610	46.1000		67		
4611	46.1100		67		
4612	46.1200		66		
4613	46.1300		66		
4614	46.1400		66		
4615	46.1500		66		
4616	46.1600		65		
4617	46.1700		65		
4618	46.1800		65		
4619	46.1900		64		
4620	46.2000		64		
4621	46.2100		64		
4622	46.2200		64		
4623	46.2300		63		
4624	46.2400		63		
4625	46.2500		62		
4626	46.2600		62		
4627	46.2700		62		
4628	46.2800		61		
4629	46.2900		61		
4630	46.3000		61		
4631	46.3100		60		
4632	46.3200		60		
4633	46.3300		59		
4634	46.3400		59		
4635	46.3500		58		
4636	46.3600		58		
4637	46.3700		57		
4638	46.3800		57		
4639	46.3900		56		
4640	46.4000		56		
4641	46.4100		55		
4642	46.4200		55		
4643	46.4300		54		
4644	46.4400		54		
4645	46.4500		53		
4646	46.4600		52		
4647	46.4700		52		
4648	46.4800		51		
4649	46.4900		51		
4650	46.5000		50		
4651	46.5100		49		
4652	46.5200		49		
4653	46.5300		48		
4654	46.5400		47		
4655	46.5500		47		
4656	46.5600		46		
4657	46.5700		45		
4658	46.5800		44		
4659	46.5900		44		
4660	46.6000		43		
4661	46.6100		42		
4662	46.6200		41		
4663	46.6300		41		
4664	46.6400		40		
4665	46.6500		39		
4666	46.6600		38		
4667	46.6700		37		
4668	46.6800		36		
4669	46.6900		36		
4670	46.7000		35		
4671	46.7100		34		
4672	46.7200		33		
4673	46.7300		32		
4674	46.7400		31		
4675	46.7500		30		
4676	46.7600		29		
4677	46.7700		28		
4678	46.7800		28		
4679	46.7900		27		
4680	46.8000		26		
4681	46.8100		25		
4682	46.8200		24		
4683	46.8300		23		
4684	46.8400		22		
4685	46.8500		21		
4686	46.8600		20		
4687	46.8700		18		
4688	46.8800		17		
4689	46.8900		16		
4690	46.9000		15		
4691	46.9100		14		
4692	46.9200		13		
4693	46.9300		12		
4694	46.9400		11		
4695	46.9500		10		
4696	46.9600		9		
4697	46.9700		7		
4698	46.9800		6		
4699	46.9900		5		
4700	47.0000		4		
4701	47.0100		3		
4702	47.0200		2		
4703	47.0300		2		
4704	47.0400		2		
4705	47.0500		2		
4706	47.0600		2		
4707	47.0700		2		
4708	47.0800		2		
4709	47.0900		2		
4710	47.1000		2		
4711	47.1100		2		
4712	47.1200		2		
4713	47.1300		2		
4714	47.1400		2		
4715	47.1500		2		
4716	47.1600		2		
4717	47.1700		2		
4718	47.1800		2		
4719	47.1900		2		
4720	47.2000		2		
4721	47.2100		2		
4722	47.2200		2		
4723	47.2300		2		
4724	47.2400		2		
4725	47.2500		2		
4726	47.2600		2		
4727	47.2700		2		
4728	47.2800		2		
4729	47.2900		2		
4730	47.3000		2		
4731	47.3100		2		
4732	47.3200		2		
4733	47.3300		2		
4734	47.3400		2		
4735	47.3500		2		
4736	47.3600		2		
4737	47.3700		2		
4738	47.3800		2		
4739	47.3900		2		
4740	47.4000		2		
4741	47.4100		2		
4742	47.4200		2		
4743	47.4300		2		
4744	47.4400		2		
4745	47.4500		2		
4746	47.4600		2		
4747	47.4700		2		
4748	47.4800		2		
4749	47.4900		2		
4750	47.5000		2		
4751	47.5100		2		
4752	47.5200		2		
4753	47.5300		2		
4754	47.5400		2		
4755	47.5500		2		
4756	47.5600		2		
4757	47.5700		2		
4758	47.5800		2		
4759	47.5900		2		
4760	47.6000		2		
4761	47.6100		2		
4762	47.6200		2		
4763	47.6300		2		
4764	47.6400		2		
4765	47.6500		2		
4766	47.6600		2		
4767	47.6700		2		
4768	47.6800		2		
4769	47.6900		2		
4770	47.7000		2		
4771	47.7100		2		
4772	47.7200		2		
4773	47.7300		2		
4774	47.7400		2		
4775	47.7500		2		
4776	47.7600		2		
4777	47.7700		2		
4778	47.7800		2		
4779	47.7900		2		
4780	47.8000		2		
4781	47.8100		2		
4782	47.8200		2		
4783	47.8300		2		
4784	47.8400		2		
4785	47.8500		2		
4786	47.8600		2		
4787	47.8700		2		
4788	47.8800		2		
4789	47.8900		2		
4790	47.9000		2		
4791	47.9100		2		
4792	47.9200		2		
4793	47.9300		2		
4794	47.9400		2		
4795	47.9500		2		
4796	47.9600		2		
4797	47.9700		2		
4798	47.9800		2		
4799	47.9900		2		
4800	48.0000		2		
4801	48.0100		2		
4802	48.0200		2		
4803	48.0300		2		
4804	48.0400		2		
4805	48.0500		2		
4806	48.0600		2		
4807	48.0700		2		
4808	48.0800		2		
4809	48.0900		2		
4810	48.1000		2		
4811	48.1100		2		
4812	48.1200		2		
4813	48.1300		2		
4814	48.1400		2		
4815	48.1500		2		
4816	48.1600		2		
4817	48.1700		2		
4818	48.1800		2		
4819	48.1900		2		
4820	48.2000		2		
4821	48.2100		2		
4822	48.2200		2		
4823	48.2300		2		
4824	48.2400		2		
4825	48.2500		2		
4826	48.2600		2		
4827	48.2700		2		
4828	48.2800		2		
4829	48.2900		2		
4830	48.3000		2		
4831	48.3100		2		
4832	48.3200		2		
4833	48.3300		2		
4834	48.3400		2		
4835	48.3500		2		
4836	48.3600		2		
4837	48.3700		2		
4838	48.3800		2		
4839	48.3900		2		
4840	48.4000		2		
4841	48.4100		2		
4842	48.4200		2		
4843	48.4300		2		
4844	48.4400		2		
4845	48.4500		2		
4846	48.4600		2		
4847	48.4700		2		
4848	48.4800		2		
4849	48.4900		2		
4850	48.5000		2		
4851	48.5100		2		
4852	48.5200		2		
4853	48.5300		2		
4854	48.5400		2		
4855	48.5500		2		
4856	48.5600		2		
4857	48.5700		2		
4858	48.5800		2		
4859	48.5900		2		
4860	48.6000		2		
4861	48.6100		2		
4862	48.6200		2		
4863	48.6300		2		
4864	48.6400		2		
4865	48.6500		2		
4866	48.6600		2		
4867	48.6700		2		
4868	48.6800		2		
4869	48.6900		2		
4870	48.7000		2		
4871	48.7100		2		
4872	48.7200		2		
4873	48.7300		2		
4874	48.7400		2		
4875	48.7500		2		
4876	48.7600		2		
4877	48.7700		2		
4878	48.7800		2		
4879	48.7900		2		
4880	48.8000		2		
4881	48.8100		2		
4882	48.8200		2		
4883	48.8300		2		
4884	48.8400		2		
4885	48.8500		2		
4886	48.8600		2		
4887	48.8700		2		
4888	48.8800		2		
4889	48.8900		2		
4890	48.9000		2		
4891	48.9100		2		
4892	48.9200		2		
4893	48.9300		2		
4894	48.9400		2		
4895	48.9500		2		
4896	48.9600		2		
4897	48.9700		2		
4898	48.9800		2		
4899	48.9900		2		
4900	49.0000		2		
4901	49.0100		2		
4902	49.0200		2		
4903	49.0300		2		
4904	49.0400		2		
4905	49.0500		2		
4906	49.0600		2		
4907	49.0700		2		
4908	49.0800		2		
4909	49.0900		2		
4910	49.1000		2		
4911	49.1100		2		
4912	49.1200		2		
4913	49.1300		2		
4914	49.1400		2		
4915	49.1500		2		
4916	49.1600		2		
4917	49.1700		2		
4918	49.1800		2		
4919	49.1900		2		
4920	49.2000		2		
4921	49.2100		2		
4922	49.2200		2		
4923	49.2300		2		
4924	49.2400		2		
4925	49.2500		2		
4926	49.2600		2		
4927	49.2700		2		
4928	49.2800		2		
4929	49.2900		2		
4930	49.3000		2		
4931	49.3100		2		
4932	49.3200		2		
4933	49.3300		2		
4934	49.3400		2		
4935	49.3500		2		
4936	49.3600		2		
4937	49.3700		2		
4938	49.3800		2		
4939	49.3900		2		
4940	49.4000		2		
4941	49.4100		2		
4942	49.4200		2		
4943	49.4300		2		
4944	49.4400		2		
4945	49.4500		2		
4946	49.4600		2		
4947	49.4700		2		
4948	49.4800		2		
4949	49.4900		2		
4950	49.5000		2		
4951	49.5100		2		
4952	49.5200		2		
4953	49.5300		2		
4954	49.5400		2		
4955	49.5500		2		
4956	49.5600		2		
4957	49.5700		2		
4958	49.5800		2		
4959	49.5900		2		
4960	49.6000		2		
4961	49.6100		2		
4962	49.6200		2		
4963	49.6300		2		
4964	49.6400		2		
4965	49.6500		2		
4966	49.6600		2		
4967	49.6700		2		
4968	49.6800		2		
4969	49.6900		2		
4970	49.7000		2		
4971	49.7100		2		
4972	49.7200		2		
4973	49.7300		2		
4974	49.7400		2		
4975	49.7500		2		
4976	49.7600		2		
4977	49.7700		2		
4978	49.7800		2		
4979	49.7900		2		
4980	49.8000		2		
4981	49.8100		2		
4982	49.8200		2		
4983	49.8300		2		
4984	49.8400		2		
4985	49.8500		2		
4986	49.8600		2		
4987	49.8700		2		
4988	49.8800		2		
4989	49.8900		2		
4990	49.9000		2		
4991	49.9100		2		
4992	49.9200		2		
4993	49.9300		2		
4994	49.9400		2		
4995	49.9500		2		
4996	49.9600		2		
4997	49.9700		2		
4998	49.9800		2		
4999	49.9900		2		
5000	50.0000		2		
