#	time(s)	count A	count B	count C	count D
1	0.0050		0		
2	0.0100		0		
3	0.0150		0		
4	0.0200		0		
5	0.0250		0		
6	0.0300		0		
7	0.0350		0		
8	0.0400		0		
9	0.0450		0		
10	0.0500		0		
11	0.0550		0		
12	0.0600		0		
13	0.0650		0		
14	0.0700		0		
15	0.0750		0		
16	0.0800		0		
17	0.0850		0		
18	0.0900		0		
19	0.0950		0		
20	0.1000		0		
21	0.1050		0		
22	0.1100		0		
23	0.1150		0		
24	0.1200		0		
25	0.1250		0		
26	0.1300		0		
27	0.1350		0		
28	0.1400		0		
29	0.1450		0		
30	0.1500		0		
31	0.1550		0		
32	0.1600		0		
33	0.1650		0		
34	0.1700		0		
35	0.1750		0		
36	0.1800		0		
37	0.1850		0		
38	0.1900		0		
39	0.1950		0		
40	0.2000		0		
41	0.2050		0		
42	0.2100		0		
43	0.2150		0		
44	0.2200		0		
45	0.2250		0		
46	0.2300		0		
47	0.2350		0		
48	0.2400		0		
49	0.2450		0		
50	0.2500		0		
51	0.2550		0		
52	0.2600		0		
53	0.2650		0		
54	0.2700		0		
55	0.2750		0		
56	0.2800		0		
57	0.2850		0		
58	0.2900		0		
59	0.2950		0		
60	0.3000		0		
61	0.3050		0		
62	0.3100		0		
63	0.3150		0		
64	0.3200		0		
65	0.3250		0		
66	0.3300		0		
67	0.3350		0		
68	0.3400		0		
69	0.3450		0		
70	0.3500		0		
71	0.3550		0		
72	0.3600		0		
73	0.3650		0		
74	0.3700		0		
75	0.3750		0		
76	0.3800		0		
77	0.3850		0		
78	0.3900		0		
79	0.3950		0		
80	0.4000		0		
81	0.4050		0		
82	0.4100		0		
83	0.4150		0		
84	0.4200		0		
85	0.4250		0		
86	0.4300		0		
87	0.4350		0		
88	0.4400		0		
89	0.4450		0		
90	0.4500		0		
91	0.4550		0		
92	0.4600		0		
93	0.4650		0		
94	0.4700		0		
95	0.4750		0		
96	0.4800		0		
97	0.4850		0		
98	0.4900		0		
99	0.4950		0		
100	0.5000		0		
101	0.5050		0		
102	0.5100		0		
103	0.5150		0		
104	0.5200		0		
105	0.5250		0		
106	0.5300		0		
107	0.5350		0		
108	0.5400		0		
109	0.5450		0		
110	0.5500		0		
111	0.5550		0		
112	0.5600		0		
113	0.5650		0		
114	0.5700		0		
115	0.5750		0		
116	0.5800		0		
117	0.5850		0		
118	0.5900		0		
119	0.5950		0		
120	0.6000		0		
121	0.6050		0		
122	0.6100		0		
123	0.6150		0		
124	0.6200		0		
125	0.6250		0		
126	0.6300		0		
127	0.6350		0		
128	0.6400		0		
129	0.6450		0		
130	0.6500		0		
131	0.6550		0		
132	0.6600		0		
133	0.6650		0		
134	0.6700		0		
135	0.6750		0		
136	0.6800		0		
137	0.6850		0		
138	0.6900		0		
139	0.6950		0		
140	0.7000		0		
141	0.7050		0		
142	0.7100		0		
143	0.7150		0		
144	0.7200		0		
145	0.7250		0		
146	0.7300		0		
147	0.7350		0		
148	0.7400		0		
149	0.7450		0		
150	0.7500		0		
151	0.7550		0		
152	0.7600		0		
153	0.7650		0		
154	0.7700		0		
155	0.7750		0		
156	0.7800		0		
157	0.7850		0		
158	0.7900		0		
159	0.7950		0		
160	0.8000		0		
161	0.8050		0		
162	0.8100		0		
163	0.8150		0		
164	0.8200		0		
165	0.8250		0		
166	0.8300		0		
167	0.8350		0		
168	0.8400		0		
169	0.8450		0		
170	0.8500		0		
171	0.8550		0		
172	0.8600		0		
173	0.8650		0		
174	0.8700		0		
175	0.8750		0		
176	0.8800		0		
177	0.8850		0		
178	0.8900		0		
179	0.8950		0		
180	0.9000		0		
181	0.9050		0		
182	0.9100		0		
183	0.9150		0		
184	0.9200		0		
185	0.9250		0		
186	0.9300		0		
187	0.9350		0		
188	0.9400		0		
189	0.9450		0		
190	0.9500		0		
191	0.9550		0		
192	0.9600		0		
193	0.9650		0		
194	0.9700		0		
195	0.9750		0		
196	0.9800		0		
197	0.9850		0		
198	0.9900		0		
199	0.9950		0		
200	1.0000		0		
201	1.0050		0		
202	1.0100		0		
203	1.0150		0		
204	1.0200		0		
205	1.0250		0		
206	1.0300		0		
207	1.0350		0		
208	1.0400		0		
209	1.0450		0		
210	1.0500		0		
211	1.0550		0		
212	1.0600		0		
213	1.0650		0		
214	1.0700		0		
215	1.0750		0		
216	1.0800		0		
217	1.0850		0		
218	1.0900		0		
219	1.0950		0		
220	1.1000		0		
221	1.1050		0		
222	1.1100		0		
223	1.1150		0		
224	1.1200		0		
225	1.1250		0		
226	1.1300		0		
227	1.1350		0		
228	1.1400		0		
229	1.1450		0		
230	1.1500		0		
231	1.1550		0		
232	1.1600		0		
233	1.1650		0		
234	1.1700		0		
235	1.1750		0		
236	1.1800		0		
237	1.1850		0		
238	1.1900		0		
239	1.1950		0		
240	1.2000		0		
241	1.2050		0		
242	1.2100		0		
243	1.2150		0		
244	1.2200		0		
245	1.2250		0		
246	1.2300		0		
247	1.2350		0		
248	1.2400		0		
249	1.2450		0		
250	1.2500		0		
251	1.2550		0		
252	1.2600		0		
253	1.2650		0		
254	1.2700		0		
255	1.2750		0		
256	1.2800		0		
257	1.2850		0		
258	1.2900		0		
259	1.2950		0		
260	1.3000		0		
261	1.3050		0		
262	1.3100		0		
263	1.3150		0		
264	1.3200		0		
265	1.3250		0		
266	1.3300		0		
267	1.3350		0		
268	1.3400		0		
269	1.3450		0		
270	1.3500		0		
271	1.3550		0		
272	1.3600		0		
273	1.3650		0		
274	1.3700		0		
275	1.3750		0		
276	1.3800		0		
277	1.3850		0		
278	1.3900		0		
279	1.3950		0		
280	1.4000		0		
281	1.4050		0		
282	1.4100		0		
283	1.4150		0		
284	1.4200		0		
285	1.4250		0		
286	1.4300		0		
287	1.4350		0		
288	1.4400		0		
289	1.4450		0		
290	1.4500		0		
291	1.4550		0		
292	1.4600		0		
293	1.4650		0		
294	1.4700		0		
295	1.4750		0		
296	1.4800		0		
297	1.4850		0		
298	1.4900		0		
299	1.4950		0		
300	1.5000		0		
301	1.5050		0		
302	1.5100		0		
303	1.5150		0		
304	1.5200		0		
305	1.5250		0		
306	1.5300		0		
307	1.5350		0		
308	1.5400		0		
309	1.5450		0		
310	1.5500		0		
311	1.5550		0		
312	1.5600		0		
313	1.5650		0		
314	1.5700		0		
315	1.5750		0		
316	1.5800		0		
317	1.5850		0		
318	1.5900		0		
319	1.5950		0		
320	1.6000		0		
321	1.6050		0		
322	1.6100		0		
323	1.6150		0		
324	1.6200		0		
325	1.6250		0		
326	1.6300		0		
327	1.6350		0		
328	1.6400		0		
329	1.6450		0		
330	1.6500		0		
331	1.6550		0		
332	1.6600		0		
333	1.6650		0		
334	1.6700		0		
335	1.6750		0		
336	1.6800		0		
337	1.6850		0		
338	1.6900		0		
339	1.6950		0		
340	1.7000		0		
341	1.7050		0		
342	1.7100		0		
343	1.7150		0		
344	1.7200		0		
345	1.7250		0		
346	1.7300		0		
347	1.7350		0		
348	1.7400		0		
349	1.7450		0		
350	1.7500		0		
351	1.7550		0		
352	1.7600		0		
353	1.7650		0		
354	1.7700		0		
355	1.7750		0		
356	1.7800		0		
357	1.7850		0		
358	1.7900		0		
359	1.7950		0		
360	1.8000		0		
361	1.8050		0		
362	1.8100		0		
363	1.8150		0		
364	1.8200		0		
365	1.8250		0		
366	1.8300		0		
367	1.8350		0		
368	1.8400		0		
369	1.8450		0		
370	1.8500		0		
371	1.8550		0		
372	1.8600		0		
373	1.8650		0		
374	1.8700		0		
375	1.8750		0		
376	1.8800		0		
377	1.8850		0		
378	1.8900		0		
379	1.8950		0		
380	1.9000		0		
381	1.9050		0		
382	1.9100		0		
383	1.9150		0		
384	1.9200		0		
385	1.9250		0		
386	1.9300		0		
387	1.9350		0		
388	1.9400		0		
389	1.9450		0		
390	1.9500		0		
391	1.9550		0		
392	1.9600		0		
393	1.9650		0		
394	1.9700		0		
395	1.9750		0		
396	1.9800		0		
397	1.9850		0		
398	1.9900		0		
399	1.9950		0		
400	2.0000		0		
401	2.0050		0		
402	2.0100		0		
403	2.0150		0		
404	2.0200		0		
405	2.0250		0		
406	2.0300		0		
407	2.0350		0		
408	2.0400		0		
409	2.0450		0		
410	2.0500		0		
411	2.0550		0		
412	2.0600		0		
413	2.0650		0		
414	2.0700		0		
415	2.0750		0		
416	2.0800		0		
417	2.0850		0		
418	2.0900		0		
419	2.0950		0		
420	2.1000		0		
421	2.1050		0		
422	2.1100		0		
423	2.1150		0		
424	2.1200		0		
425	2.1250		0		
426	2.1300		0		
427	2.1350		0		
428	2.1400		0		
429	2.1450		0		
430	2.1500		0		
431	2.1550		0		
432	2.1600		0		
433	2.1650		0		
434	2.1700		0		
435	2.1750		0		
436	2.1800		0		
437	2.1850		0		
438	2.1900		0		
439	2.1950		0		
440	2.2000		0		
441	2.2050		0		
442	2.2100		0		
443	2.2150		0		
444	2.2200		0		
445	2.2250		0		
446	2.2300		0		
447	2.2350		0		
448	2.2400		0		
449	2.2450		0		
450	2.2500		0		
451	2.2550		0		
452	2.2600		0		
453	2.2650		0		
454	2.2700		0		
455	2.2750		0		
456	2.2800		0		
457	2.2850		0		
458	2.2900		0		
459	2.2950		0		
460	2.3000		0		
461	2.3050		0		
462	2.3100		0		
463	2.3150		0		
464	2.3200		0		
465	2.3250		-1		
466	2.3300		-2		
467	2.3350		-4		
468	2.3400		-5		
469	2.3450		-7		
470	2.3500		-8		
471	2.3550		-10		
472	2.3600		-11		
473	2.3650		-12		
474	2.3700		-14		
475	2.3750		-15		
476	2.3800		-17		
477	2.3850		-18		
478	2.3900		-20		
479	2.3950		-21		
480	2.4000		-23		
481	2.4050		-24		
482	2.4100		-26		
483	2.4150		-27		
484	2.4200		-28		
485	2.4250		-30		
486	2.4300		-31		
487	2.4350		-33		
488	2.4400		-34		
489	2.4450		-36		
490	2.4500		-38		
491	2.4550		-39		
492	2.4600		-40		
493	2.4650		-42		
494	2.4700		-43		
495	2.4750		-45		
496	2.4800		-47		
497	2.4850		-48		
498	2.4900		-50		
499	2.4950		-51		
500	2.5000		-53		
501	2.5050		-54		
502	2.5100		-56		
503	2.5150		-57		
504	2.5200		-59		
505	2.5250		-60		
506	2.5300		-62		
507	2.5350		-63		
508	2.5400		-65		
509	2.5450		-66		
510	2.5500		-68		
511	2.5550		-70		
512	2.5600		-71		
513	2.5650		-73		
514	2.5700		-74		
515	2.5750		-76		
516	2.5800		-77		
517	2.5850		-79		
518	2.5900		-81		
519	2.5950		-82		
520	2.6000		-84		
521	2.6050		-85		
522	2.6100		-87		
523	2.6150		-89		
524	2.6200		-90		
525	2.6250		-92		
526	2.6300		-93		
527	2.6350		-95		
528	2.6400		-96		
529	2.6450		-98		
530	2.6500		-100		
531	2.6550		-101		
532	2.6600		-103		
533	2.6650		-104		
534	2.6700		-106		
535	2.6750		-108		
536	2.6800		-109		
537	2.6850		-111		
538	2.6900		-113		
539	2.6950		-114		
540	2.7000		-116		
541	2.7050		-118		
542	2.7100		-119		
543	2.7150		-121		
544	2.7200		-122		
545	2.7250		-124		
546	2.7300		-126		
547	2.7350		-127		
548	2.7400		-129		
549	2.7450		-131		
550	2.7500		-132		
551	2.7550		-134		
552	2.7600		-136		
553	2.7650		-137		
554	2.7700		-139		
555	2.7750		-141		
556	2.7800		-142		
557	2.7850		-144		
558	2.7900		-146		
559	2.7950		-147		
560	2.8000		-148		
561	2.8050		-150		
562	2.8100		-152		
563	2.8150		-153		
564	2.8200		-155		
565	2.8250		-157		
566	2.8300		-158		
567	2.8350		-159		
568	2.8400		-161		
569	2.8450		-162		
570	2.8500		-164		
571	2.8550		-166		
572	2.8600		-168		
573	2.8650		-169		
574	2.8700		-171		
575	2.8750		-173		
576	2.8800		-174		
577	2.8850		-176		
578	2.8900		-178		
579	2.8950		-180		
580	2.9000		-181		
581	2.9050		-183		
582	2.9100		-185		
583	2.9150		-187		
584	2.9200		-188		
585	2.9250		-190		
586	2.9300		-192		
587	2.9350		-194		
588	2.9400		-195		
589	2.9450		-197		
590	2.9500		-199		
591	2.9550		-201		
592	2.9600		-203		
593	2.9650		-204		
594	2.9700		-206		
595	2.9750		-208		
596	2.9800		-210		
597	2.9850		-211		
598	2.9900		-213		
599	2.9950		-215		
600	3.0000		-217		
601	3.0050		-219		
602	3.0100		-220		
603	3.0150		-222		
604	3.0200		-224		
605	3.0250		-226		
606	3.0300		-227		
607	3.0350		-228		
608	3.0400		-230		
609	3.0450		-232		
610	3.0500		-232		
611	3.0550		-232		
612	3.0600		-232		
613	3.0650		-232		
614	3.0700		-232		
615	3.0750		-232		
616	3.0800		-232		
617	3.0850		-232		
618	3.0900		-232		
619	3.0950		-232		
620	3.1000		-232		
621	3.1050		-232		
622	3.1100		-232		
623	3.1150		-232		
624	3.1200		-232		
625	3.1250		-232		
626	3.1300		-232		
627	3.1350		-232		
628	3.1400		-232		
629	3.1450		-232		
630	3.1500		-232		
631	3.1550		-232		
632	3.1600		-232		
633	3.1650		-232		
634	3.1700		-232		
635	3.1750		-232		
636	3.1800		-232		
637	3.1850		-232		
638	3.1900		-232		
639	3.1950		-232		
640	3.2000		-232		
641	3.2050		-232		
642	3.2100		-232		
643	3.2150		-232		
644	3.2200		-232		
645	3.2250		-232		
646	3.2300		-232		
647	3.2350		-232		
648	3.2400		-232		
649	3.2450		-232		
650	3.2500		-232		
651	3.2550		-232		
652	3.2600		-232		
653	3.2650		-232		
654	3.2700		-232		
655	3.2750		-232		
656	3.2800		-232		
657	3.2850		-232		
658	3.2900		-232		
659	3.2950		-232		
660	3.3000		-232		
661	3.3050		-232		
662	3.3100		-232		
663	3.3150		-232		
664	3.3200		-232		
665	3.3250		-232		
666	3.3300		-232		
667	3.3350		-232		
668	3.3400		-232		
669	3.3450		-232		
670	3.3500		-232		
671	3.3550		-232		
672	3.3600		-232		
673	3.3650		-232		
674	3.3700		-232		
675	3.3750		-232		
676	3.3800		-232		
677	3.3850		-232		
678	3.3900		-232		
679	3.3950		-232		
680	3.4000		-232		
681	3.4050		-232		
682	3.4100		-232		
683	3.4150		-232		
684	3.4200		-232		
685	3.4250		-232		
686	3.4300		-232		
687	3.4350		-232		
688	3.4400		-232		
689	3.4450		-232		
690	3.4500		-232		
691	3.4550		-232		
692	3.4600		-232		
693	3.4650		-232		
694	3.4700		-232		
695	3.4750		-232		
696	3.4800		-232		
697	3.4850		-232		
698	3.4900		-232		
699	3.4950		-232		
700	3.5000		-232		
701	3.5050		-232		
702	3.5100		-232		
703	3.5150		-232		
704	3.5200		-232		
705	3.5250		-232		
706	3.5300		-232		
707	3.5350		-232		
708	3.5400		-232		
709	3.5450		-232		
710	3.5500		-232		
711	3.5550		-232		
712	3.5600		-232		
713	3.5650		-232		
714	3.5700		-232		
715	3.5750		-232		
716	3.5800		-232		
717	3.5850		-232		
718	3.5900		-232		
719	3.5950		-232		
720	3.6000		-232		
721	3.6050		-232		
722	3.6100		-232		
723	3.6150		-232		
724	3.6200		-232		
725	3.6250		-232		
726	3.6300		-232		
727	3.6350		-232		
728	3.6400		-232		
729	3.6450		-232		
730	3.6500		-232		
731	3.6550		-232		
732	3.6600		-232		
733	3.6650		-232		
734	3.6700		-232		
735	3.6750		-232		
736	3.6800		-232		
737	3.6850		-232		
738	3.6900		-232		
739	3.6950		-232		
740	3.7000		-232		
741	3.7050		-232		
742	3.7100		-232		
743	3.7150		-232		
744	3.7200		-232		
745	3.7250		-232		
746	3.7300		-232		
747	3.7350		-232		
748	3.7400		-232		
749	3.7450		-232		
750	3.7500		-232		
751	3.7550		-232		
752	3.7600		-232		
753	3.7650		-232		
754	3.7700		-232		
755	3.7750		-232		
756	3.7800		-232		
757	3.7850		-232		
758	3.7900		-232		
759	3.7950		-232		
760	3.8000		-232		
761	3.8050		-232		
762	3.8100		-232		
763	3.8150		-232		
764	3.8200		-232		
765	3.8250		-232		
766	3.8300		-232		
767	3.8350		-232		
768	3.8400		-232		
769	3.8450		-232		
770	3.8500		-232		
771	3.8550		-232		
772	3.8600		-232		
773	3.8650		-232		
774	3.8700		-232		
775	3.8750		-232		
776	3.8800		-232		
777	3.8850		-232		
778	3.8900		-232		
779	3.8950		-232		
780	3.9000		-232		
781	3.9050		-232		
782	3.9100		-232		
783	3.9150		-232		
784	3.9200		-232		
785	3.9250		-232		
786	3.9300		-232		
787	3.9350		-232		
788	3.9400		-232		
789	3.9450		-232		
790	3.9500		-232		
791	3.9550		-232		
792	3.9600		-232		
793	3.9650		-232		
794	3.9700		-232		
795	3.9750		-232		
796	3.9800		-232		
797	3.9850		-232		
798	3.9900		-232		
799	3.9950		-232		
800	4.0000		-232		
801	4.0050		-232		
802	4.0100		-232		
803	4.0150		-232		
804	4.0200		-232		
805	4.0250		-232		
806	4.0300		-232		
807	4.0350		-232		
808	4.0400		-232		
809	4.0450		-232		
810	4.0500		-232		
811	4.0550		-232		
812	4.0600		-232		
813	4.0650		-232		
814	4.0700		-232		
815	4.0750		-232		
816	4.0800		-232		
817	4.0850		-232		
818	4.0900		-232		
819	4.0950		-232		
820	4.1000		-232		
821	4.1050		-232		
822	4.1100		-232		
823	4.1150		-232		
824	4.1200		-232		
825	4.1250		-232		
826	4.1300		-232		
827	4.1350		-232		
828	4.1400		-232		
829	4.1450		-232		
830	4.1500		-232		
831	4.1550		-232		
832	4.1600		-232		
833	4.1650		-232		
834	4.1700		-232		
835	4.1750		-232		
836	4.1800		-232		
837	4.1850		-232		
838	4.1900		-232		
839	4.1950		-232		
840	4.2000		-232		
841	4.2050		-232		
842	4.2100		-232		
843	4.2150		-232		
844	4.2200		-232		
845	4.2250		-232		
846	4.2300		-232		
847	4.2350		-232		
848	4.2400		-232		
849	4.2450		-232		
850	4.2500		-232		
851	4.2550		-232		
852	4.2600		-232		
853	4.2650		-232		
854	4.2700		-232		
855	4.2750		-232		
856	4.2800		-232		
857	4.2850		-232		
858	4.2900		-232		
859	4.2950		-232		
860	4.3000		-232		
861	4.3050		-232		
862	4.3100		-232		
863	4.3150		-232		
864	4.3200		-232		
865	4.3250		-232		
866	4.3300		-232		
867	4.3350		-232		
868	4.3400		-232		
869	4.3450		-232		
870	4.3500		-232		
871	4.3550		-232		
872	4.3600		-232		
873	4.3650		-232		
874	4.3700		-232		
875	4.3750		-232		
876	4.3800		-232		
877	4.3850		-232		
878	4.3900		-232		
879	4.3950		-232		
880	4.4000		-232		
881	4.4050		-232		
882	4.4100		-232		
883	4.4150		-232		
884	4.4200		-232		
885	4.4250		-232		
886	4.4300		-232		
887	4.4350		-232		
888	4.4400		-232		
889	4.4450		-232		
890	4.4500		-232		
891	4.4550		-232		
892	4.4600		-232		
893	4.4650		-232		
894	4.4700		-232		
895	4.4750		-232		
896	4.4800		-232		
897	4.4850		-232		
898	4.4900		-232		
899	4.4950		-232		
900	4.5000		-232		
901	4.5050		-232		
902	4.5100		-232		
903	4.5150		-232		
904	4.5200		-232		
905	4.5250		-232		
906	4.5300		-232		
907	4.5350		-232		
908	4.5400		-232		
909	4.5450		-232		
910	4.5500		-232		
911	4.5550		-232		
912	4.5600		-232		
913	4.5650		-232		
914	4.5700		-232		
915	4.5750		-232		
916	4.5800		-232		
917	4.5850		-232		
918	4.5900		-232		
919	4.5950		-232		
920	4.6000		-232		
921	4.6050		-232		
922	4.6100		-232		
923	4.6150		-232		
924	4.6200		-232		
925	4.6250		-232		
926	4.6300		-232		
927	4.6350		-232		
928	4.6400		-232		
929	4.6450		-232		
930	4.6500		-232		
931	4.6550		-232		
932	4.6600		-232		
933	4.6650		-232		
934	4.6700		-232		
935	4.6750		-232		
936	4.6800		-232		
937	4.6850		-232		
938	4.6900		-232		
939	4.6950		-232		
940	4.7000		-232		
941	4.7050		-232		
942	4.7100		-232		
943	4.7150		-232		
944	4.7200		-232		
945	4.7250		-232		
946	4.7300		-232		
947	4.7350		-232		
948	4.7400		-232		
949	4.7450		-232		
950	4.7500		-232		
951	4.7550		-232		
952	4.7600		-232		
953	4.7650		-232		
954	4.7700		-232		
955	4.7750		-232		
956	4.7800		-232		
957	4.7850		-232		
958	4.7900		-232		
959	4.7950		-232		
960	4.8000		-232		
961	4.8050		-232		
962	4.8100		-232		
963	4.8150		-232		
964	4.8200		-232		
965	4.8250		-232		
966	4.8300		-232		
967	4.8350		-232		
968	4.8400		-232		
969	4.8450		-232		
970	4.8500		-232		
971	4.8550		-232		
972	4.8600		-232		
973	4.8650		-232		
974	4.8700		-232		
975	4.8750		-232		
976	4.8800		-232		
977	4.8850		-232		
978	4.8900		-232		
979	4.8950		-232		
980	4.9000		-232		
981	4.9050		-232		
982	4.9100		-232		
983	4.9150		-232		
984	4.9200		-232		
985	4.9250		-232		
986	4.9300		-232		
987	4.9350		-232		
988	4.9400		-232		
989	4.9450		-232		
990	4.9500		-232		
991	4.9550		-232		
992	4.9600		-232		
993	4.9650		-232		
994	4.9700		-232		
995	4.9750		-232		
996	4.9800		-232		
997	4.9850		-232		
998	4.9900		-232		
999	4.9950		-232		
1000	5.0000		-232		
1001	5.0050		-232		
1002	5.0100		-232		
1003	5.0150		-232		
1004	5.0200		-232		
1005	5.0250		-232		
1006	5.0300		-232		
1007	5.0350		-232		
1008	5.0400		-232		
1009	5.0450		-232		
1010	5.0500		-232		
1011	5.0550		-232		
1012	5.0600		-232		
1013	5.0650		-230		
1014	5.0700		-228		
1015	5.0750		-226		
1016	5.0800		-225		
1017	5.0850		-223		
1018	5.0900		-221		
1019	5.0950		-220		
1020	5.1000		-218		
1021	5.1050		-216		
1022	5.1100		-215		
1023	5.1150		-213		
1024	5.1200		-211		
1025	5.1250		-210		
1026	5.1300		-208		
1027	5.1350		-206		
1028	5.1400		-205		
1029	5.1450		-203		
1030	5.1500		-202		
1031	5.1550		-200		
1032	5.1600		-198		
1033	5.1650		-197		
1034	5.1700		-195		
1035	5.1750		-194		
1036	5.1800		-192		
1037	5.1850		-190		
1038	5.1900		-189		
1039	5.1950		-187		
1040	5.2000		-185		
1041	5.2050		-184		
1042	5.2100		-182		
1043	5.2150		-180		
1044	5.2200		-179		
1045	5.2250		-177		
1046	5.2300		-176		
1047	5.2350		-174		
1048	5.2400		-172		
1049	5.2450		-171		
1050	5.2500		-169		
1051	5.2550		-168		
1052	5.2600		-166		
1053	5.2650		-165		
1054	5.2700		-163		
1055	5.2750		-162		
1056	5.2800		-160		
1057	5.2850		-158		
1058	5.2900		-157		
1059	5.2950		-155		
1060	5.3000		-155		
1061	5.3050		-153		
1062	5.3100		-152		
1063	5.3150		-150		
1064	5.3200		-148		
1065	5.3250		-147		
1066	5.3300		-145		
1067	5.3350		-145		
1068	5.3400		-143		
1069	5.3450		-142		
1070	5.3500		-140		
1071	5.3550		-139		
1072	5.3600		-137		
1073	5.3650		-136		
1074	5.3700		-134		
1075	5.3750		-133		
1076	5.3800		-131		
1077	5.3850		-130		
1078	5.3900		-128		
1079	5.3950		-127		
1080	5.4000		-125		
1081	5.4050		-124		
1082	5.4100		-122		
1083	5.4150		-121		
1084	5.4200		-119		
1085	5.4250		-118		
1086	5.4300		-116		
1087	5.4350		-115		
1088	5.4400		-113		
1089	5.4450		-112		
1090	5.4500		-110		
1091	5.4550		-109		
1092	5.4600		-108		
1093	5.4650		-106		
1094	5.4700		-105		
1095	5.4750		-103		
1096	5.4800		-102		
1097	5.4850		-100		
1098	5.4900		-99		
1099	5.4950		-97		
1100	5.5000		-96		
1101	5.5050		-94		
1102	5.5100		-93		
1103	5.5150		-92		
1104	5.5200		-90		
1105	5.5250		-89		
1106	5.5300		-87		
1107	5.5350		-86		
1108	5.5400		-84		
1109	5.5450		-83		
1110	5.5500		-82		
1111	5.5550		-80		
1112	5.5600		-79		
1113	5.5650		-77		
1114	5.5700		-76		
1115	5.5750		-75		
1116	5.5800		-73		
1117	5.5850		-72		
1118	5.5900		-70		
1119	5.5950		-69		
1120	5.6000		-68		
1121	5.6050		-66		
1122	5.6100		-65		
1123	5.6150		-63		
1124	5.6200		-62		
1125	5.6250		-61		
1126	5.6300		-59		
1127	5.6350		-58		
1128	5.6400		-57		
1129	5.6450		-55		
1130	5.6500		-54		
1131	5.6550		-53		
1132	5.6600		-51		
1133	5.6650		-50		
1134	5.6700		-48		
1135	5.6750		-47		
1136	5.6800		-46		
1137	5.6850		-44		
1138	5.6900		-43		
1139	5.6950		-42		
1140	5.7000		-41		
1141	5.7050		-39		
1142	5.7100		-38		
1143	5.7150		-36		
1144	5.7200		-35		
1145	5.7250		-34		
1146	5.7300		-33		
1147	5.7350		-31		
1148	5.7400		-30		
1149	5.7450		-29		
1150	5.7500		-27		
1151	5.7550		-26		
1152	5.7600		-25		
1153	5.7650		-23		
1154	5.7700		-22		
1155	5.7750		-21		
1156	5.7800		-20		
1157	5.7850		-18		
1158	5.7900		-17		
1159	5.7950		-16		
1160	5.8000		-14		
1161	5.8050		-13		
1162	5.8100		-12		
1163	5.8150		-11		
1164	5.8200		-9		
1165	5.8250		-8		
1166	5.8300		-7		
1167	5.8350		-6		
1168	5.8400		-4		
1169	5.8450		-3		
1170	5.8500		-2		
1171	5.8550		-1		
1172	5.8600		1		
1173	5.8650		2		
1174	5.8700		3		
1175	5.8750		3		
1176	5.8800		3		
1177	5.8850		3		
1178	5.8900		3		
1179	5.8950		3		
1180	5.9000		3		
1181	5.9050		3		
1182	5.9100		3		
1183	5.9150		3		
1184	5.9200		3		
1185	5.9250		3		
1186	5.9300		3		
1187	5.9350		3		
1188	5.9400		3		
1189	5.9450		3		
1190	5.9500		3		
1191	5.9550		3		
1192	5.9600		3		
1193	5.9650		3		
1194	5.9700		3		
1195	5.9750		3		
1196	5.9800		3		
1197	5.9850		3		
1198	5.9900		3		
1199	5.9950		3		
1200	6.0000		3		
1201	6.0050		3		
1202	6.0100		3		
1203	6.0150		3		
1204	6.0200		3		
1205	6.0250		3		
1206	6.0300		3		
1207	6.0350		3		
1208	6.0400		3		
1209	6.0450		3		
1210	6.0500		3		
1211	6.0550		3		
1212	6.0600		3		
1213	6.0650		3		
1214	6.0700		3		
1215	6.0750		3		
1216	6.0800		3		
1217	6.0850		3		
1218	6.0900		3		
1219	6.0950		3		
1220	6.1000		3		
1221	6.1050		3		
1222	6.1100		3		
1223	6.1150		3		
1224	6.1200		3		
1225	6.1250		3		
1226	6.1300		3		
1227	6.1350		3		
1228	6.1400		3		
1229	6.1450		3		
1230	6.1500		3		
1231	6.1550		3		
1232	6.1600		3		
1233	6.1650		3		
1234	6.1700		3		
1235	6.1750		3		
1236	6.1800		3		
1237	6.1850		3		
1238	6.1900		3		
1239	6.1950		3		
1240	6.2000		3		
1241	6.2050		3		
1242	6.2100		3		
1243	6.2150		3		
1244	6.2200		3		
1245	6.2250		3		
1246	6.2300		3		
1247	6.2350		3		
1248	6.2400		3		
1249	6.2450		3		
1250	6.2500		3		
1251	6.2550		3		
1252	6.2600		3		
1253	6.2650		3		
1254	6.2700		3		
1255	6.2750		3		
1256	6.2800		3		
1257	6.2850		3		
1258	6.2900		3		
1259	6.2950		3		
1260	6.3000		3		
1261	6.3050		3		
1262	6.3100		3		
1263	6.3150		3		
1264	6.3200		3		
1265	6.3250		3		
1266	6.3300		3		
1267	6.3350		3		
1268	6.3400		3		
1269	6.3450		3		
1270	6.3500		3		
1271	6.3550		3		
1272	6.3600		3		
1273	6.3650		3		
1274	6.3700		3		
1275	6.3750		3		
1276	6.3800		3		
1277	6.3850		3		
1278	6.3900		3		
1279	6.3950		3		
1280	6.4000		3		
1281	6.4050		3		
1282	6.4100		3		
1283	6.4150		3		
1284	6.4200		3		
1285	6.4250		3		
1286	6.4300		3		
1287	6.4350		3		
1288	6.4400		3		
1289	6.4450		3		
1290	6.4500		3		
1291	6.4550		3		
1292	6.4600		3		
1293	6.4650		3		
1294	6.4700		3		
1295	6.4750		3		
1296	6.4800		3		
1297	6.4850		3		
1298	6.4900		3		
1299	6.4950		3		
1300	6.5000		3		
1301	6.5050		3		
1302	6.5100		3		
1303	6.5150		3		
1304	6.5200		3		
1305	6.5250		3		
1306	6.5300		3		
1307	6.5350		3		
1308	6.5400		3		
1309	6.5450		3		
1310	6.5500		3		
1311	6.5550		3		
1312	6.5600		3		
1313	6.5650		3		
1314	6.5700		3		
1315	6.5750		3		
1316	6.5800		3		
1317	6.5850		3		
1318	6.5900		3		
1319	6.5950		3		
1320	6.6000		3		
1321	6.6050		3		
1322	6.6100		3		
1323	6.6150		3		
1324	6.6200		3		
1325	6.6250		3		
1326	6.6300		3		
1327	6.6350		3		
1328	6.6400		3		
1329	6.6450		3		
1330	6.6500		3		
1331	6.6550		3		
1332	6.6600		3		
1333	6.6650		3		
1334	6.6700		3		
1335	6.6750		3		
1336	6.6800		3		
1337	6.6850		3		
1338	6.6900		3		
1339	6.6950		3		
1340	6.7000		3		
1341	6.7050		3		
1342	6.7100		3		
1343	6.7150		3		
1344	6.7200		3		
1345	6.7250		3		
1346	6.7300		3		
1347	6.7350		3		
1348	6.7400		3		
1349	6.7450		3		
1350	6.7500		3		
1351	6.7550		3		
1352	6.7600		3		
1353	6.7650		3		
1354	6.7700		3		
1355	6.7750		3		
1356	6.7800		3		
1357	6.7850		3		
1358	6.7900		3		
1359	6.7950		3		
1360	6.8000		3		
1361	6.8050		3		
1362	6.8100		3		
1363	6.8150		3		
1364	6.8200		3		
1365	6.8250		3		
1366	6.8300		3		
1367	6.8350		3		
1368	6.8400		3		
1369	6.8450		3		
1370	6.8500		3		
1371	6.8550		3		
1372	6.8600		3		
1373	6.8650		3		
1374	6.8700		3		
1375	6.8750		3		
1376	6.8800		3		
1377	6.8850		3		
1378	6.8900		3		
1379	6.8950		3		
1380	6.9000		3		
1381	6.9050		3		
1382	6.9100		3		
1383	6.9150		3		
1384	6.9200		3		
1385	6.9250		3		
1386	6.9300		3		
1387	6.9350		3		
1388	6.9400		3		
1389	6.9450		3		
1390	6.9500		3		
1391	6.9550		3		
1392	6.9600		3		
1393	6.9650		3		
1394	6.9700		3		
1395	6.9750		3		
1396	6.9800		3		
1397	6.9850		3		
1398	6.9900		3		
1399	6.9950		3		
1400	7.0000		3		
1401	7.0050		3		
1402	7.0100		3		
1403	7.0150		3		
1404	7.0200		3		
1405	7.0250		3		
1406	7.0300		3		
1407	7.0350		3		
1408	7.0400		3		
1409	7.0450		3		
1410	7.0500		3		
1411	7.0550		3		
1412	7.0600		3		
1413	7.0650		3		
1414	7.0700		3		
1415	7.0750		3		
1416	7.0800		3		
1417	7.0850		3		
1418	7.0900		3		
1419	7.0950		3		
1420	7.1000		3		
1421	7.1050		3		
1422	7.1100		3		
1423	7.1150		3		
1424	7.1200		3		
1425	7.1250		3		
1426	7.1300		3		
1427	7.1350		3		
1428	7.1400		3		
1429	7.1450		3		
1430	7.1500		3		
1431	7.1550		3		
1432	7.1600		3		
1433	7.1650		3		
1434	7.1700		3		
1435	7.1750		3		
1436	7.1800		3		
1437	7.1850		3		
1438	7.1900		3		
1439	7.1950		3		
1440	7.2000		3		
1441	7.2050		3		
1442	7.2100		3		
1443	7.2150		3		
1444	7.2200		3		
1445	7.2250		3		
1446	7.2300		3		
1447	7.2350		3		
1448	7.2400		3		
1449	7.2450		3		
1450	7.2500		3		
1451	7.2550		3		
1452	7.2600		3		
1453	7.2650		3		
1454	7.2700		3		
1455	7.2750		3		
1456	7.2800		3		
1457	7.2850		3		
1458	7.2900		3		
1459	7.2950		3		
1460	7.3000		3		
1461	7.3050		3		
1462	7.3100		3		
1463	7.3150		3		
1464	7.3200		3		
1465	7.3250		3		
1466	7.3300		3		
1467	7.3350		3		
1468	7.3400		3		
1469	7.3450		3		
1470	7.3500		3		
1471	7.3550		3		
1472	7.3600		3		
1473	7.3650		3		
1474	7.3700		3		
1475	7.3750		3		
1476	7.3800		3		
1477	7.3850		3		
1478	7.3900		3		
1479	7.3950		3		
1480	7.4000		3		
1481	7.4050		3		
1482	7.4100		3		
1483	7.4150		3		
1484	7.4200		3		
1485	7.4250		3		
1486	7.4300		3		
1487	7.4350		3		
1488	7.4400		3		
1489	7.4450		3		
1490	7.4500		3		
1491	7.4550		3		
1492	7.4600		3		
1493	7.4650		3		
1494	7.4700		3		
1495	7.4750		3		
1496	7.4800		3		
1497	7.4850		3		
1498	7.4900		3		
1499	7.4950		3		
1500	7.5000		3		
1501	7.5050		3		
1502	7.5100		3		
1503	7.5150		3		
1504	7.5200		3		
1505	7.5250		3		
1506	7.5300		3		
1507	7.5350		3		
1508	7.5400		3		
1509	7.5450		3		
1510	7.5500		3		
1511	7.5550		3		
1512	7.5600		3		
1513	7.5650		3		
1514	7.5700		3		
1515	7.5750		3		
1516	7.5800		3		
1517	7.5850		3		
1518	7.5900		3		
1519	7.5950		3		
1520	7.6000		3		
1521	7.6050		3		
1522	7.6100		3		
1523	7.6150		3		
1524	7.6200		3		
1525	7.6250		3		
1526	7.6300		3		
1527	7.6350		3		
1528	7.6400		3		
1529	7.6450		3		
1530	7.6500		3		
1531	7.6550		3		
1532	7.6600		3		
1533	7.6650		3		
1534	7.6700		3		
1535	7.6750		3		
1536	7.6800		3		
1537	7.6850		3		
1538	7.6900		3		
1539	7.6950		3		
1540	7.7000		3		
1541	7.7050		3		
1542	7.7100		3		
1543	7.7150		3		
1544	7.7200		3		
1545	7.7250		3		
1546	7.7300		3		
1547	7.7350		3		
1548	7.7400		3		
1549	7.7450		3		
1550	7.7500		3		
1551	7.7550		3		
1552	7.7600		3		
1553	7.7650		3		
1554	7.7700		3		
1555	7.7750		3		
1556	7.7800		3		
1557	7.7850		3		
1558	7.7900		3		
1559	7.7950		3		
1560	7.8000		3		
1561	7.8050		3		
1562	7.8100		3		
1563	7.8150		3		
1564	7.8200		3		
1565	7.8250		3		
1566	7.8300		3		
1567	7.8350		3		
1568	7.8400		3		
1569	7.8450		3		
1570	7.8500		3		
1571	7.8550		3		
1572	7.8600		3		
1573	7.8650		3		
1574	7.8700		3		
1575	7.8750		3		
1576	7.8800		3		
1577	7.8850		3		
1578	7.8900		3		
1579	7.8950		3		
1580	7.9000		3		
1581	7.9050		3		
1582	7.9100		3		
1583	7.9150		3		
1584	7.9200		3		
1585	7.9250		3		
1586	7.9300		3		
1587	7.9350		3		
1588	7.9400		3		
1589	7.9450		3		
1590	7.9500		3		
1591	7.9550		3		
1592	7.9600		3		
1593	7.9650		3		
1594	7.9700		3		
1595	7.9750		3		
1596	7.9800		3		
1597	7.9850		3		
1598	7.9900		3		
1599	7.9950		3		
1600	8.0000		3		
1601	8.0050		3		
1602	8.0100		3		
1603	8.0150		3		
1604	8.0200		3		
1605	8.0250		3		
1606	8.0300		3		
1607	8.0350		3		
1608	8.0400		3		
1609	8.0450		3		
1610	8.0500		3		
1611	8.0550		3		
1612	8.0600		3		
1613	8.0650		3		
1614	8.0700		3		
1615	8.0750		3		
1616	8.0800		3		
1617	8.0850		3		
1618	8.0900		3		
1619	8.0950		3		
1620	8.1000		3		
1621	8.1050		3		
1622	8.1100		3		
1623	8.1150		3		
1624	8.1200		3		
1625	8.1250		3		
1626	8.1300		3		
1627	8.1350		3		
1628	8.1400		3		
1629	8.1450		3		
1630	8.1500		3		
1631	8.1550		3		
1632	8.1600		3		
1633	8.1650		3		
1634	8.1700		3		
1635	8.1750		3		
1636	8.1800		3		
1637	8.1850		3		
1638	8.1900		3		
1639	8.1950		3		
1640	8.2000		3		
1641	8.2050		3		
1642	8.2100		3		
1643	8.2150		3		
1644	8.2200		3		
1645	8.2250		3		
1646	8.2300		3		
1647	8.2350		3		
1648	8.2400		3		
1649	8.2450		3		
1650	8.2500		3		
1651	8.2550		3		
1652	8.2600		3		
1653	8.2650		3		
1654	8.2700		3		
1655	8.2750		3		
1656	8.2800		3		
1657	8.2850		3		
1658	8.2900		3		
1659	8.2950		3		
1660	8.3000		3		
1661	8.3050		3		
1662	8.3100		3		
1663	8.3150		3		
1664	8.3200		3		
1665	8.3250		3		
1666	8.3300		3		
1667	8.3350		3		
1668	8.3400		3		
1669	8.3450		3		
1670	8.3500		3		
1671	8.3550		3		
1672	8.3600		3		
1673	8.3650		3		
1674	8.3700		3		
1675	8.3750		3		
1676	8.3800		3		
1677	8.3850		3		
1678	8.3900		3		
1679	8.3950		3		
1680	8.4000		3		
1681	8.4050		3		
1682	8.4100		3		
1683	8.4150		3		
1684	8.4200		3		
1685	8.4250		3		
1686	8.4300		3		
1687	8.4350		3		
1688	8.4400		3		
1689	8.4450		3		
1690	8.4500		3		
1691	8.4550		3		
1692	8.4600		3		
1693	8.4650		3		
1694	8.4700		3		
1695	8.4750		3		
1696	8.4800		3		
1697	8.4850		3		
1698	8.4900		3		
1699	8.4950		3		
1700	8.5000		3		
1701	8.5050		3		
1702	8.5100		3		
1703	8.5150		3		
1704	8.5200		3		
1705	8.5250		3		
1706	8.5300		3		
1707	8.5350		3		
1708	8.5400		3		
1709	8.5450		3		
1710	8.5500		3		
1711	8.5550		3		
1712	8.5600		3		
1713	8.5650		3		
1714	8.5700		3		
1715	8.5750		3		
1716	8.5800		3		
1717	8.5850		3		
1718	8.5900		3		
1719	8.5950		3		
1720	8.6000		3		
1721	8.6050		3		
1722	8.6100		3		
1723	8.6150		3		
1724	8.6200		3		
1725	8.6250		3		
1726	8.6300		3		
1727	8.6350		3		
1728	8.6400		3		
1729	8.6450		3		
1730	8.6500		3		
1731	8.6550		3		
1732	8.6600		3		
1733	8.6650		3		
1734	8.6700		3		
1735	8.6750		3		
1736	8.6800		3		
1737	8.6850		3		
1738	8.6900		3		
1739	8.6950		3		
1740	8.7000		3		
1741	8.7050		3		
1742	8.7100		3		
1743	8.7150		3		
1744	8.7200		3		
1745	8.7250		3		
1746	8.7300		3		
1747	8.7350		3		
1748	8.7400		3		
1749	8.7450		3		
1750	8.7500		3		
1751	8.7550		3		
1752	8.7600		3		
1753	8.7650		3		
1754	8.7700		3		
1755	8.7750		3		
1756	8.7800		3		
1757	8.7850		3		
1758	8.7900		3		
1759	8.7950		3		
1760	8.8000		3		
1761	8.8050		3		
1762	8.8100		3		
1763	8.8150		3		
1764	8.8200		3		
1765	8.8250		3		
1766	8.8300		3		
1767	8.8350		3		
1768	8.8400		3		
1769	8.8450		3		
1770	8.8500		3		
1771	8.8550		3		
1772	8.8600		3		
1773	8.8650		3		
1774	8.8700		3		
1775	8.8750		3		
1776	8.8800		3		
1777	8.8850		3		
1778	8.8900		3		
1779	8.8950		3		
1780	8.9000		3		
1781	8.9050		3		
1782	8.9100		3		
1783	8.9150		3		
1784	8.9200		3		
1785	8.9250		3		
1786	8.9300		3		
1787	8.9350		3		
1788	8.9400		3		
1789	8.9450		3		
1790	8.9500		3		
1791	8.9550		3		
1792	8.9600		3		
1793	8.9650		3		
1794	8.9700		3		
1795	8.9750		3		
1796	8.9800		3		
1797	8.9850		3		
1798	8.9900		3		
1799	8.9950		3		
1800	9.0000		3		
1801	9.0050		3		
1802	9.0100		3		
1803	9.0150		3		
1804	9.0200		3		
1805	9.0250		3		
1806	9.0300		3		
1807	9.0350		3		
1808	9.0400		3		
1809	9.0450		3		
1810	9.0500		3		
1811	9.0550		3		
1812	9.0600		3		
1813	9.0650		3		
1814	9.0700		3		
1815	9.0750		3		
1816	9.0800		3		
1817	9.0850		3		
1818	9.0900		3		
1819	9.0950		3		
1820	9.1000		3		
1821	9.1050		3		
1822	9.1100		3		
1823	9.1150		3		
1824	9.1200		3		
1825	9.1250		3		
1826	9.1300		3		
1827	9.1350		3		
1828	9.1400		3		
1829	9.1450		3		
1830	9.1500		3		
1831	9.1550		3		
1832	9.1600		3		
1833	9.1650		3		
1834	9.1700		3		
1835	9.1750		3		
1836	9.1800		3		
1837	9.1850		3		
1838	9.1900		3		
1839	9.1950		3		
1840	9.2000		3		
1841	9.2050		3		
1842	9.2100		3		
1843	9.2150		3		
1844	9.2200		3		
1845	9.2250		3		
1846	9.2300		3		
1847	9.2350		3		
1848	9.2400		3		
1849	9.2450		3		
1850	9.2500		3		
1851	9.2550		3		
1852	9.2600		3		
1853	9.2650		3		
1854	9.2700		3		
1855	9.2750		3		
1856	9.2800		3		
1857	9.2850		3		
1858	9.2900		3		
1859	9.2950		3		
1860	9.3000		3		
1861	9.3050		3		
1862	9.3100		3		
1863	9.3150		3		
1864	9.3200		3		
1865	9.3250		3		
1866	9.3300		3		
1867	9.3350		3		
1868	9.3400		3		
1869	9.3450		3		
1870	9.3500		3		
1871	9.3550		3		
1872	9.3600		3		
1873	9.3650		3		
1874	9.3700		3		
1875	9.3750		3		
1876	9.3800		3		
1877	9.3850		3		
1878	9.3900		3		
1879	9.3950		3		
1880	9.4000		3		
1881	9.4050		3		
1882	9.4100		3		
1883	9.4150		3		
1884	9.4200		3		
1885	9.4250		3		
1886	9.4300		3		
1887	9.4350		3		
1888	9.4400		3		
1889	9.4450		3		
1890	9.4500		3		
1891	9.4550		3		
1892	9.4600		3		
1893	9.4650		3		
1894	9.4700		3		
1895	9.4750		3		
1896	9.4800		3		
1897	9.4850		3		
1898	9.4900		3		
1899	9.4950		3		
1900	9.5000		3		
1901	9.5050		3		
1902	9.5100		3		
1903	9.5150		3		
1904	9.5200		3		
1905	9.5250		3		
1906	9.5300		3		
1907	9.5350		3		
1908	9.5400		3		
1909	9.5450		3		
1910	9.5500		3		
1911	9.5550		3		
1912	9.5600		3		
1913	9.5650		3		
1914	9.5700		3		
1915	9.5750		3		
1916	9.5800		3		
1917	9.5850		3		
1918	9.5900		3		
1919	9.5950		3		
1920	9.6000		3		
1921	9.6050		3		
1922	9.6100		3		
1923	9.6150		3		
1924	9.6200		3		
1925	9.6250		3		
1926	9.6300		3		
1927	9.6350		3		
1928	9.6400		3		
1929	9.6450		3		
1930	9.6500		3		
1931	9.6550		3		
1932	9.6600		3		
1933	9.6650		3		
1934	9.6700		3		
1935	9.6750		3		
1936	9.6800		3		
1937	9.6850		3		
1938	9.6900		3		
1939	9.6950		3		
1940	9.7000		3		
1941	9.7050		3		
1942	9.7100		3		
1943	9.7150		3		
1944	9.7200		3		
1945	9.7250		3		
1946	9.7300		3		
1947	9.7350		3		
1948	9.7400		3		
1949	9.7450		3		
1950	9.7500		3		
1951	9.7550		3		
1952	9.7600		3		
1953	9.7650		3		
1954	9.7700		3		
1955	9.7750		3		
1956	9.7800		3		
1957	9.7850		3		
1958	9.7900		3		
1959	9.7950		3		
1960	9.8000		3		
1961	9.8050		3		
1962	9.8100		3		
1963	9.8150		3		
1964	9.8200		3		
1965	9.8250		3		
1966	9.8300		3		
1967	9.8350		3		
1968	9.8400		3		
1969	9.8450		3		
1970	9.8500		3		
1971	9.8550		3		
1972	9.8600		3		
1973	9.8650		3		
1974	9.8700		3		
1975	9.8750		3		
1976	9.8800		3		
1977	9.8850		3		
1978	9.8900		3		
1979	9.8950		3		
1980	9.9000		3		
1981	9.9050		3		
1982	9.9100		3		
1983	9.9150		3		
1984	9.9200		3		
1985	9.9250		3		
1986	9.9300		3		
1987	9.9350		3		
1988	9.9400		3		
1989	9.9450		3		
1990	9.9500		3		
1991	9.9550		3		
1992	9.9600		3		
1993	9.9650		3		
1994	9.9700		3		
1995	9.9750		3		
1996	9.9800		3		
1997	9.9850		3		
1998	9.9900		3		
1999	9.9950		3		
2000	10.0000		3		
2001	10.0050		3		
2002	10.0100		3		
2003	10.0150		3		
2004	10.0200		3		
2005	10.0250		3		
2006	10.0300		3		
2007	10.0350		3		
2008	10.0400		3		
2009	10.0450		3		
2010	10.0500		3		
2011	10.0550		3		
2012	10.0600		3		
2013	10.0650		3		
2014	10.0700		3		
2015	10.0750		3		
2016	10.0800		3		
2017	10.0850		3		
2018	10.0900		3		
2019	10.0950		3		
2020	10.1000		3		
2021	10.1050		3		
2022	10.1100		3		
2023	10.1150		3		
2024	10.1200		3		
2025	10.1250		3		
2026	10.1300		3		
2027	10.1350		3		
2028	10.1400		3		
2029	10.1450		3		
2030	10.1500		3		
2031	10.1550		3		
2032	10.1600		3		
2033	10.1650		3		
2034	10.1700		3		
2035	10.1750		3		
2036	10.1800		3		
2037	10.1850		3		
2038	10.1900		3		
2039	10.1950		3		
2040	10.2000		3		
2041	10.2050		3		
2042	10.2100		3		
2043	10.2150		3		
2044	10.2200		3		
2045	10.2250		3		
2046	10.2300		3		
2047	10.2350		3		
2048	10.2400		3		
2049	10.2450		3		
2050	10.2500		3		
2051	10.2550		2		
2052	10.2600		1		
2053	10.2650		0		
2054	10.2700		-2		
2055	10.2750		-2		
2056	10.2800		-4		
2057	10.2850		-5		
2058	10.2900		-6		
2059	10.2950		-8		
2060	10.3000		-9		
2061	10.3050		-10		
2062	10.3100		-11		
2063	10.3150		-12		
2064	10.3200		-14		
2065	10.3250		-15		
2066	10.3300		-16		
2067	10.3350		-18		
2068	10.3400		-19		
2069	10.3450		-20		
2070	10.3500		-21		
2071	10.3550		-22		
2072	10.3600		-24		
2073	10.3650		-25		
2074	10.3700		-26		
2075	10.3750		-28		
2076	10.3800		-29		
2077	10.3850		-30		
2078	10.3900		-32		
2079	10.3950		-33		
2080	10.4000		-34		
2081	10.4050		-35		
2082	10.4100		-37		
2083	10.4150		-38		
2084	10.4200		-39		
2085	10.4250		-40		
2086	10.4300		-42		
2087	10.4350		-43		
2088	10.4400		-44		
2089	10.4450		-46		
2090	10.4500		-47		
2091	10.4550		-48		
2092	10.4600		-50		
2093	10.4650		-51		
2094	10.4700		-52		
2095	10.4750		-54		
2096	10.4800		-55		
2097	10.4850		-56		
2098	10.4900		-58		
2099	10.4950		-59		
2100	10.5000		-60		
2101	10.5050		-62		
2102	10.5100		-63		
2103	10.5150		-64		
2104	10.5200		-66		
2105	10.5250		-67		
2106	10.5300		-68		
2107	10.5350		-70		
2108	10.5400		-71		
2109	10.5450		-72		
2110	10.5500		-74		
2111	10.5550		-75		
2112	10.5600		-77		
2113	10.5650		-78		
2114	10.5700		-80		
2115	10.5750		-81		
2116	10.5800		-82		
2117	10.5850		-84		
2118	10.5900		-85		
2119	10.5950		-86		
2120	10.6000		-88		
2121	10.6050		-89		
2122	10.6100		-90		
2123	10.6150		-92		
2124	10.6200		-93		
2125	10.6250		-95		
2126	10.6300		-96		
2127	10.6350		-98		
2128	10.6400		-99		
2129	10.6450		-100		
2130	10.6500		-102		
2131	10.6550		-103		
2132	10.6600		-105		
2133	10.6650		-106		
2134	10.6700		-108		
2135	10.6750		-109		
2136	10.6800		-110		
2137	10.6850		-112		
2138	10.6900		-113		
2139	10.6950		-115		
2140	10.7000		-116		
2141	10.7050		-118		
2142	10.7100		-119		
2143	10.7150		-120		
2144	10.7200		-122		
2145	10.7250		-124		
2146	10.7300		-125		
2147	10.7350		-126		
2148	10.7400		-128		
2149	10.7450		-129		
2150	10.7500		-131		
2151	10.7550		-132		
2152	10.7600		-134		
2153	10.7650		-135		
2154	10.7700		-137		
2155	10.7750		-138		
2156	10.7800		-140		
2157	10.7850		-141		
2158	10.7900		-142		
2159	10.7950		-144		
2160	10.8000		-145		
2161	10.8050		-146		
2162	10.8100		-148		
2163	10.8150		-149		
2164	10.8200		-151		
2165	10.8250		-152		
2166	10.8300		-154		
2167	10.8350		-155		
2168	10.8400		-156		
2169	10.8450		-157		
2170	10.8500		-159		
2171	10.8550		-160		
2172	10.8600		-162		
2173	10.8650		-163		
2174	10.8700		-165		
2175	10.8750		-166		
2176	10.8800		-168		
2177	10.8850		-170		
2178	10.8900		-171		
2179	10.8950		-172		
2180	10.9000		-174		
2181	10.9050		-176		
2182	10.9100		-177		
2183	10.9150		-179		
2184	10.9200		-180		
2185	10.9250		-182		
2186	10.9300		-184		
2187	10.9350		-185		
2188	10.9400		-187		
2189	10.9450		-188		
2190	10.9500		-190		
2191	10.9550		-191		
2192	10.9600		-193		
2193	10.9650		-194		
2194	10.9700		-196		
2195	10.9750		-198		
2196	10.9800		-199		
2197	10.9850		-201		
2198	10.9900		-202		
2199	10.9950		-204		
2200	11.0000		-206		
2201	11.0050		-208		
2202	11.0100		-209		
2203	11.0150		-211		
2204	11.0200		-212		
2205	11.0250		-214		
2206	11.0300		-216		
2207	11.0350		-217		
2208	11.0400		-219		
2209	11.0450		-220		
2210	11.0500		-222		
2211	11.0550		-224		
2212	11.0600		-224		
2213	11.0650		-224		
2214	11.0700		-224		
2215	11.0750		-225		
2216	11.0800		-225		
2217	11.0850		-224		
2218	11.0900		-225		
2219	11.0950		-225		
2220	11.1000		-225		
2221	11.1050		-225		
2222	11.1100		-225		
2223	11.1150		-225		
2224	11.1200		-225		
2225	11.1250		-225		
2226	11.1300		-225		
2227	11.1350		-225		
2228	11.1400		-225		
2229	11.1450		-225		
2230	11.1500		-225		
2231	11.1550		-225		
2232	11.1600		-225		
2233	11.1650		-225		
2234	11.1700		-225		
2235	11.1750		-225		
2236	11.1800		-225		
2237	11.1850		-225		
2238	11.1900		-225		
2239	11.1950		-225		
2240	11.2000		-225		
2241	11.2050		-225		
2242	11.2100		-225		
2243	11.2150		-225		
2244	11.2200		-225		
2245	11.2250		-225		
2246	11.2300		-225		
2247	11.2350		-225		
2248	11.2400		-225		
2249	11.2450		-225		
2250	11.2500		-225		
2251	11.2550		-225		
2252	11.2600		-225		
2253	11.2650		-225		
2254	11.2700		-225		
2255	11.2750		-225		
2256	11.2800		-225		
2257	11.2850		-225		
2258	11.2900		-225		
2259	11.2950		-225		
2260	11.3000		-225		
2261	11.3050		-225		
2262	11.3100		-225		
2263	11.3150		-225		
2264	11.3200		-225		
2265	11.3250		-225		
2266	11.3300		-225		
2267	11.3350		-225		
2268	11.3400		-225		
2269	11.3450		-225		
2270	11.3500		-225		
2271	11.3550		-225		
2272	11.3600		-225		
2273	11.3650		-225		
2274	11.3700		-225		
2275	11.3750		-225		
2276	11.3800		-225		
2277	11.3850		-225		
2278	11.3900		-225		
2279	11.3950		-225		
2280	11.4000		-225		
2281	11.4050		-225		
2282	11.4100		-225		
2283	11.4150		-225		
2284	11.4200		-225		
2285	11.4250		-225		
2286	11.4300		-225		
2287	11.4350		-225		
2288	11.4400		-225		
2289	11.4450		-225		
2290	11.4500		-225		
2291	11.4550		-225		
2292	11.4600		-225		
2293	11.4650		-225		
2294	11.4700		-225		
2295	11.4750		-225		
2296	11.4800		-225		
2297	11.4850		-225		
2298	11.4900		-225		
2299	11.4950		-225		
2300	11.5000		-225		
2301	11.5050		-225		
2302	11.5100		-225		
2303	11.5150		-225		
2304	11.5200		-225		
2305	11.5250		-225		
2306	11.5300		-225		
2307	11.5350		-225		
2308	11.5400		-225		
2309	11.5450		-225		
2310	11.5500		-225		
2311	11.5550		-225		
2312	11.5600		-225		
2313	11.5650		-225		
2314	11.5700		-225		
2315	11.5750		-225		
2316	11.5800		-225		
2317	11.5850		-225		
2318	11.5900		-225		
2319	11.5950		-225		
2320	11.6000		-225		
2321	11.6050		-225		
2322	11.6100		-225		
2323	11.6150		-225		
2324	11.6200		-225		
2325	11.6250		-225		
2326	11.6300		-225		
2327	11.6350		-225		
2328	11.6400		-225		
2329	11.6450		-225		
2330	11.6500		-225		
2331	11.6550		-225		
2332	11.6600		-225		
2333	11.6650		-225		
2334	11.6700		-225		
2335	11.6750		-225		
2336	11.6800		-225		
2337	11.6850		-225		
2338	11.6900		-225		
2339	11.6950		-225		
2340	11.7000		-225		
2341	11.7050		-225		
2342	11.7100		-225		
2343	11.7150		-225		
2344	11.7200		-225		
2345	11.7250		-225		
2346	11.7300		-225		
2347	11.7350		-225		
2348	11.7400		-225		
2349	11.7450		-225		
2350	11.7500		-225		
2351	11.7550		-225		
2352	11.7600		-225		
2353	11.7650		-225		
2354	11.7700		-225		
2355	11.7750		-225		
2356	11.7800		-225		
2357	11.7850		-225		
2358	11.7900		-225		
2359	11.7950		-225		
2360	11.8000		-225		
2361	11.8050		-225		
2362	11.8100		-225		
2363	11.8150		-225		
2364	11.8200		-225		
2365	11.8250		-225		
2366	11.8300		-225		
2367	11.8350		-225		
2368	11.8400		-225		
2369	11.8450		-225		
2370	11.8500		-225		
2371	11.8550		-225		
2372	11.8600		-225		
2373	11.8650		-225		
2374	11.8700		-225		
2375	11.8750		-225		
2376	11.8800		-225		
2377	11.8850		-225		
2378	11.8900		-225		
2379	11.8950		-225		
2380	11.9000		-225		
2381	11.9050		-225		
2382	11.9100		-225		
2383	11.9150		-225		
2384	11.9200		-225		
2385	11.9250		-225		
2386	11.9300		-225		
2387	11.9350		-225		
2388	11.9400		-225		
2389	11.9450		-225		
2390	11.9500		-225		
2391	11.9550		-225		
2392	11.9600		-225		
2393	11.9650		-225		
2394	11.9700		-225		
2395	11.9750		-225		
2396	11.9800		-225		
2397	11.9850		-225		
2398	11.9900		-225		
2399	11.9950		-225		
2400	12.0000		-225		
2401	12.0050		-225		
2402	12.0100		-225		
2403	12.0150		-225		
2404	12.0200		-225		
2405	12.0250		-225		
2406	12.0300		-225		
2407	12.0350		-225		
2408	12.0400		-225		
2409	12.0450		-225		
2410	12.0500		-225		
2411	12.0550		-225		
2412	12.0600		-225		
2413	12.0650		-225		
2414	12.0700		-225		
2415	12.0750		-225		
2416	12.0800		-225		
2417	12.0850		-225		
2418	12.0900		-225		
2419	12.0950		-225		
2420	12.1000		-225		
2421	12.1050		-225		
2422	12.1100		-225		
2423	12.1150		-225		
2424	12.1200		-225		
2425	12.1250		-225		
2426	12.1300		-225		
2427	12.1350		-225		
2428	12.1400		-225		
2429	12.1450		-225		
2430	12.1500		-225		
2431	12.1550		-225		
2432	12.1600		-225		
2433	12.1650		-225		
2434	12.1700		-225		
2435	12.1750		-225		
2436	12.1800		-225		
2437	12.1850		-225		
2438	12.1900		-225		
2439	12.1950		-225		
2440	12.2000		-225		
2441	12.2050		-225		
2442	12.2100		-225		
2443	12.2150		-225		
2444	12.2200		-225		
2445	12.2250		-225		
2446	12.2300		-225		
2447	12.2350		-225		
2448	12.2400		-225		
2449	12.2450		-225		
2450	12.2500		-225		
2451	12.2550		-225		
2452	12.2600		-225		
2453	12.2650		-225		
2454	12.2700		-225		
2455	12.2750		-225		
2456	12.2800		-225		
2457	12.2850		-225		
2458	12.2900		-225		
2459	12.2950		-225		
2460	12.3000		-225		
2461	12.3050		-225		
2462	12.3100		-225		
2463	12.3150		-225		
2464	12.3200		-225		
2465	12.3250		-225		
2466	12.3300		-225		
2467	12.3350		-225		
2468	12.3400		-225		
2469	12.3450		-225		
2470	12.3500		-225		
2471	12.3550		-225		
2472	12.3600		-225		
2473	12.3650		-225		
2474	12.3700		-225		
2475	12.3750		-225		
2476	12.3800		-225		
2477	12.3850		-225		
2478	12.3900		-225		
2479	12.3950		-225		
2480	12.4000		-225		
2481	12.4050		-225		
2482	12.4100		-225		
2483	12.4150		-225		
2484	12.4200		-225		
2485	12.4250		-225		
2486	12.4300		-225		
2487	12.4350		-225		
2488	12.4400		-225		
2489	12.4450		-225		
2490	12.4500		-225		
2491	12.4550		-225		
2492	12.4600		-225		
2493	12.4650		-225		
2494	12.4700		-225		
2495	12.4750		-225		
2496	12.4800		-225		
2497	12.4850		-225		
2498	12.4900		-225		
2499	12.4950		-225		
2500	12.5000		-225		
2501	12.5050		-225		
2502	12.5100		-225		
2503	12.5150		-225		
2504	12.5200		-225		
2505	12.5250		-225		
2506	12.5300		-225		
2507	12.5350		-225		
2508	12.5400		-225		
2509	12.5450		-225		
2510	12.5500		-225		
2511	12.5550		-225		
2512	12.5600		-225		
2513	12.5650		-225		
2514	12.5700		-225		
2515	12.5750		-225		
2516	12.5800		-225		
2517	12.5850		-225		
2518	12.5900		-225		
2519	12.5950		-225		
2520	12.6000		-225		
2521	12.6050		-225		
2522	12.6100		-225		
2523	12.6150		-225		
2524	12.6200		-225		
2525	12.6250		-225		
2526	12.6300		-225		
2527	12.6350		-225		
2528	12.6400		-225		
2529	12.6450		-225		
2530	12.6500		-225		
2531	12.6550		-225		
2532	12.6600		-225		
2533	12.6650		-225		
2534	12.6700		-225		
2535	12.6750		-225		
2536	12.6800		-225		
2537	12.6850		-225		
2538	12.6900		-225		
2539	12.6950		-225		
2540	12.7000		-225		
2541	12.7050		-225		
2542	12.7100		-225		
2543	12.7150		-225		
2544	12.7200		-225		
2545	12.7250		-225		
2546	12.7300		-225		
2547	12.7350		-225		
2548	12.7400		-225		
2549	12.7450		-225		
2550	12.7500		-225		
2551	12.7550		-225		
2552	12.7600		-225		
2553	12.7650		-225		
2554	12.7700		-225		
2555	12.7750		-225		
2556	12.7800		-225		
2557	12.7850		-225		
2558	12.7900		-225		
2559	12.7950		-225		
2560	12.8000		-225		
2561	12.8050		-225		
2562	12.8100		-225		
2563	12.8150		-225		
2564	12.8200		-225		
2565	12.8250		-225		
2566	12.8300		-225		
2567	12.8350		-225		
2568	12.8400		-225		
2569	12.8450		-225		
2570	12.8500		-225		
2571	12.8550		-225		
2572	12.8600		-225		
2573	12.8650		-225		
2574	12.8700		-225		
2575	12.8750		-225		
2576	12.8800		-225		
2577	12.8850		-225		
2578	12.8900		-225		
2579	12.8950		-225		
2580	12.9000		-225		
2581	12.9050		-225		
2582	12.9100		-225		
2583	12.9150		-225		
2584	12.9200		-225		
2585	12.9250		-225		
2586	12.9300		-225		
2587	12.9350		-225		
2588	12.9400		-225		
2589	12.9450		-225		
2590	12.9500		-225		
2591	12.9550		-225		
2592	12.9600		-225		
2593	12.9650		-225		
2594	12.9700		-225		
2595	12.9750		-225		
2596	12.9800		-225		
2597	12.9850		-225		
2598	12.9900		-225		
2599	12.9950		-225		
2600	13.0000		-225		
2601	13.0050		-225		
2602	13.0100		-225		
2603	13.0150		-225		
2604	13.0200		-225		
2605	13.0250		-225		
2606	13.0300		-225		
2607	13.0350		-225		
2608	13.0400		-225		
2609	13.0450		-225		
2610	13.0500		-225		
2611	13.0550		-225		
2612	13.0600		-225		
2613	13.0650		-225		
2614	13.0700		-225		
2615	13.0750		-225		
2616	13.0800		-225		
2617	13.0850		-225		
2618	13.0900		-225		
2619	13.0950		-225		
2620	13.1000		-225		
2621	13.1050		-225		
2622	13.1100		-225		
2623	13.1150		-225		
2624	13.1200		-225		
2625	13.1250		-225		
2626	13.1300		-225		
2627	13.1350		-225		
2628	13.1400		-225		
2629	13.1450		-225		
2630	13.1500		-225		
2631	13.1550		-225		
2632	13.1600		-225		
2633	13.1650		-225		
2634	13.1700		-225		
2635	13.1750		-225		
2636	13.1800		-225		
2637	13.1850		-225		
2638	13.1900		-225		
2639	13.1950		-225		
2640	13.2000		-225		
2641	13.2050		-225		
2642	13.2100		-225		
2643	13.2150		-225		
2644	13.2200		-225		
2645	13.2250		-225		
2646	13.2300		-225		
2647	13.2350		-225		
2648	13.2400		-225		
2649	13.2450		-225		
2650	13.2500		-224		
2651	13.2550		-224		
2652	13.2600		-222		
2653	13.2650		-221		
2654	13.2700		-221		
2655	13.2750		-221		
2656	13.2800		-219		
2657	13.2850		-218		
2658	13.2900		-216		
2659	13.2950		-215		
2660	13.3000		-214		
2661	13.3050		-212		
2662	13.3100		-210		
2663	13.3150		-209		
2664	13.3200		-208		
2665	13.3250		-206		
2666	13.3300		-204		
2667	13.3350		-203		
2668	13.3400		-202		
2669	13.3450		-200		
2670	13.3500		-199		
2671	13.3550		-197		
2672	13.3600		-196		
2673	13.3650		-194		
2674	13.3700		-193		
2675	13.3750		-192		
2676	13.3800		-190		
2677	13.3850		-189		
2678	13.3900		-187		
2679	13.3950		-186		
2680	13.4000		-184		
2681	13.4050		-183		
2682	13.4100		-182		
2683	13.4150		-180		
2684	13.4200		-179		
2685	13.4250		-177		
2686	13.4300		-176		
2687	13.4350		-174		
2688	13.4400		-173		
2689	13.4450		-172		
2690	13.4500		-170		
2691	13.4550		-169		
2692	13.4600		-168		
2693	13.4650		-166		
2694	13.4700		-165		
2695	13.4750		-163		
2696	13.4800		-162		
2697	13.4850		-160		
2698	13.4900		-159		
2699	13.4950		-158		
2700	13.5000		-156		
2701	13.5050		-155		
2702	13.5100		-154		
2703	13.5150		-152		
2704	13.5200		-152		
2705	13.5250		-150		
2706	13.5300		-149		
2707	13.5350		-148		
2708	13.5400		-146		
2709	13.5450		-145		
2710	13.5500		-144		
2711	13.5550		-142		
2712	13.5600		-142		
2713	13.5650		-141		
2714	13.5700		-140		
2715	13.5750		-138		
2716	13.5800		-137		
2717	13.5850		-136		
2718	13.5900		-134		
2719	13.5950		-133		
2720	13.6000		-132		
2721	13.6050		-130		
2722	13.6100		-129		
2723	13.6150		-128		
2724	13.6200		-126		
2725	13.6250		-125		
2726	13.6300		-124		
2727	13.6350		-122		
2728	13.6400		-121		
2729	13.6450		-120		
2730	13.6500		-119		
2731	13.6550		-118		
2732	13.6600		-116		
2733	13.6650		-115		
2734	13.6700		-114		
2735	13.6750		-112		
2736	13.6800		-111		
2737	13.6850		-110		
2738	13.6900		-108		
2739	13.6950		-107		
2740	13.7000		-106		
2741	13.7050		-105		
2742	13.7100		-104		
2743	13.7150		-102		
2744	13.7200		-101		
2745	13.7250		-100		
2746	13.7300		-98		
2747	13.7350		-97		
2748	13.7400		-96		
2749	13.7450		-95		
2750	13.7500		-94		
2751	13.7550		-92		
2752	13.7600		-91		
2753	13.7650		-90		
2754	13.7700		-89		
2755	13.7750		-88		
2756	13.7800		-86		
2757	13.7850		-85		
2758	13.7900		-84		
2759	13.7950		-83		
2760	13.8000		-82		
2761	13.8050		-80		
2762	13.8100		-79		
2763	13.8150		-78		
2764	13.8200		-77		
2765	13.8250		-76		
2766	13.8300		-74		
2767	13.8350		-73		
2768	13.8400		-72		
2769	13.8450		-71		
2770	13.8500		-70		
2771	13.8550		-68		
2772	13.8600		-67		
2773	13.8650		-66		
2774	13.8700		-65		
2775	13.8750		-64		
2776	13.8800		-63		
2777	13.8850		-62		
2778	13.8900		-60		
2779	13.8950		-59		
2780	13.9000		-58		
2781	13.9050		-57		
2782	13.9100		-56		
2783	13.9150		-54		
2784	13.9200		-54		
2785	13.9250		-52		
2786	13.9300		-51		
2787	13.9350		-50		
2788	13.9400		-49		
2789	13.9450		-48		
2790	13.9500		-47		
2791	13.9550		-46		
2792	13.9600		-44		
2793	13.9650		-43		
2794	13.9700		-42		
2795	13.9750		-41		
2796	13.9800		-40		
2797	13.9850		-39		
2798	13.9900		-38		
2799	13.9950		-37		
2800	14.0000		-36		
2801	14.0050		-34		
2802	14.0100		-34		
2803	14.0150		-32		
2804	14.0200		-31		
2805	14.0250		-30		
2806	14.0300		-29		
2807	14.0350		-28		
2808	14.0400		-27		
2809	14.0450		-26		
2810	14.0500		-25		
2811	14.0550		-24		
2812	14.0600		-23		
2813	14.0650		-22		
2814	14.0700		-21		
2815	14.0750		-20		
2816	14.0800		-18		
2817	14.0850		-18		
2818	14.0900		-16		
2819	14.0950		-16		
2820	14.1000		-14		
2821	14.1050		-14		
2822	14.1100		-12		
2823	14.1150		-11		
2824	14.1200		-10		
2825	14.1250		-9		
2826	14.1300		-8		
2827	14.1350		-7		
2828	14.1400		-6		
2829	14.1450		-5		
2830	14.1500		-4		
2831	14.1550		-3		
2832	14.1600		-2		
2833	14.1650		-1		
2834	14.1700		0		
2835	14.1750		1		
2836	14.1800		2		
2837	14.1850		3		
2838	14.1900		4		
2839	14.1950		4		
2840	14.2000		6		
2841	14.2050		6		
2842	14.2100		6		
2843	14.2150		6		
2844	14.2200		6		
2845	14.2250		6		
2846	14.2300		6		
2847	14.2350		6		
2848	14.2400		6		
2849	14.2450		6		
2850	14.2500		6		
2851	14.2550		6		
2852	14.2600		6		
2853	14.2650		6		
2854	14.2700		6		
2855	14.2750		6		
2856	14.2800		6		
2857	14.2850		6		
2858	14.2900		6		
2859	14.2950		6		
2860	14.3000		6		
2861	14.3050		6		
2862	14.3100		6		
2863	14.3150		6		
2864	14.3200		6		
2865	14.3250		6		
2866	14.3300		6		
2867	14.3350		6		
2868	14.3400		6		
2869	14.3450		6		
2870	14.3500		6		
2871	14.3550		6		
2872	14.3600		6		
2873	14.3650		6		
2874	14.3700		6		
2875	14.3750		6		
2876	14.3800		6		
2877	14.3850		6		
2878	14.3900		6		
2879	14.3950		6		
2880	14.4000		6		
2881	14.4050		6		
2882	14.4100		6		
2883	14.4150		6		
2884	14.4200		6		
2885	14.4250		6		
2886	14.4300		6		
2887	14.4350		6		
2888	14.4400		6		
2889	14.4450		6		
2890	14.4500		6		
2891	14.4550		6		
2892	14.4600		6		
2893	14.4650		6		
2894	14.4700		6		
2895	14.4750		6		
2896	14.4800		6		
2897	14.4850		6		
2898	14.4900		6		
2899	14.4950		6		
2900	14.5000		6		
2901	14.5050		6		
2902	14.5100		6		
2903	14.5150		6		
2904	14.5200		6		
2905	14.5250		6		
2906	14.5300		6		
2907	14.5350		6		
2908	14.5400		6		
2909	14.5450		6		
2910	14.5500		6		
2911	14.5550		6		
2912	14.5600		6		
2913	14.5650		6		
2914	14.5700		6		
2915	14.5750		6		
2916	14.5800		6		
2917	14.5850		6		
2918	14.5900		6		
2919	14.5950		6		
2920	14.6000		6		
2921	14.6050		6		
2922	14.6100		6		
2923	14.6150		6		
2924	14.6200		6		
2925	14.6250		6		
2926	14.6300		6		
2927	14.6350		6		
2928	14.6400		6		
2929	14.6450		6		
2930	14.6500		6		
2931	14.6550		6		
2932	14.6600		6		
2933	14.6650		6		
2934	14.6700		6		
2935	14.6750		6		
2936	14.6800		6		
2937	14.6850		6		
2938	14.6900		6		
2939	14.6950		6		
2940	14.7000		6		
2941	14.7050		6		
2942	14.7100		6		
2943	14.7150		6		
2944	14.7200		6		
2945	14.7250		6		
2946	14.7300		6		
2947	14.7350		6		
2948	14.7400		6		
2949	14.7450		6		
2950	14.7500		6		
2951	14.7550		6		
2952	14.7600		6		
2953	14.7650		6		
2954	14.7700		6		
2955	14.7750		6		
2956	14.7800		6		
2957	14.7850		6		
2958	14.7900		6		
2959	14.7950		6		
2960	14.8000		6		
2961	14.8050		6		
2962	14.8100		6		
2963	14.8150		6		
2964	14.8200		6		
2965	14.8250		6		
2966	14.8300		6		
2967	14.8350		6		
2968	14.8400		6		
2969	14.8450		6		
2970	14.8500		6		
2971	14.8550		6		
2972	14.8600		6		
2973	14.8650		6		
2974	14.8700		6		
2975	14.8750		6		
2976	14.8800		6		
2977	14.8850		6		
2978	14.8900		6		
2979	14.8950		6		
2980	14.9000		6		
2981	14.9050		6		
2982	14.9100		6		
2983	14.9150		6		
2984	14.9200		6		
2985	14.9250		6		
2986	14.9300		6		
2987	14.9350		6		
2988	14.9400		6		
2989	14.9450		6		
2990	14.9500		6		
2991	14.9550		6		
2992	14.9600		6		
2993	14.9650		6		
2994	14.9700		6		
2995	14.9750		6		
2996	14.9800		6		
2997	14.9850		6		
2998	14.9900		6		
2999	14.9950		6		
3000	15.0000		6		
3001	15.0050		6		
3002	15.0100		6		
3003	15.0150		6		
3004	15.0200		6		
3005	15.0250		6		
3006	15.0300		6		
3007	15.0350		6		
3008	15.0400		6		
3009	15.0450		6		
3010	15.0500		6		
3011	15.0550		6		
3012	15.0600		6		
3013	15.0650		6		
3014	15.0700		6		
3015	15.0750		6		
3016	15.0800		6		
3017	15.0850		6		
3018	15.0900		6		
3019	15.0950		6		
3020	15.1000		6		
3021	15.1050		6		
3022	15.1100		6		
3023	15.1150		6		
3024	15.1200		6		
3025	15.1250		6		
3026	15.1300		6		
3027	15.1350		6		
3028	15.1400		6		
3029	15.1450		6		
3030	15.1500		6		
3031	15.1550		6		
3032	15.1600		6		
3033	15.1650		6		
3034	15.1700		6		
3035	15.1750		6		
3036	15.1800		6		
3037	15.1850		6		
3038	15.1900		6		
3039	15.1950		6		
3040	15.2000		6		
3041	15.2050		6		
3042	15.2100		6		
3043	15.2150		6		
3044	15.2200		6		
3045	15.2250		6		
3046	15.2300		6		
3047	15.2350		6		
3048	15.2400		6		
3049	15.2450		6		
3050	15.2500		6		
3051	15.2550		6		
3052	15.2600		6		
3053	15.2650		6		
3054	15.2700		6		
3055	15.2750		6		
3056	15.2800		6		
3057	15.2850		6		
3058	15.2900		6		
3059	15.2950		6		
3060	15.3000		6		
3061	15.3050		6		
3062	15.3100		6		
3063	15.3150		6		
3064	15.3200		6		
3065	15.3250		6		
3066	15.3300		6		
3067	15.3350		6		
3068	15.3400		6		
3069	15.3450		6		
3070	15.3500		6		
3071	15.3550		6		
3072	15.3600		6		
3073	15.3650		6		
3074	15.3700		6		
3075	15.3750		6		
3076	15.3800		6		
3077	15.3850		6		
3078	15.3900		6		
3079	15.3950		6		
3080	15.4000		6		
3081	15.4050		6		
3082	15.4100		6		
3083	15.4150		6		
3084	15.4200		6		
3085	15.4250		6		
3086	15.4300		6		
3087	15.4350		6		
3088	15.4400		6		
3089	15.4450		6		
3090	15.4500		6		
3091	15.4550		6		
3092	15.4600		6		
3093	15.4650		6		
3094	15.4700		6		
3095	15.4750		6		
3096	15.4800		6		
3097	15.4850		6		
3098	15.4900		6		
3099	15.4950		6		
3100	15.5000		6		
3101	15.5050		6		
3102	15.5100		6		
3103	15.5150		6		
3104	15.5200		6		
3105	15.5250		6		
3106	15.5300		6		
3107	15.5350		6		
3108	15.5400		6		
3109	15.5450		6		
3110	15.5500		6		
3111	15.5550		6		
3112	15.5600		6		
3113	15.5650		6		
3114	15.5700		6		
3115	15.5750		6		
3116	15.5800		6		
3117	15.5850		6		
3118	15.5900		6		
3119	15.5950		6		
3120	15.6000		6		
3121	15.6050		6		
3122	15.6100		6		
3123	15.6150		6		
3124	15.6200		6		
3125	15.6250		6		
3126	15.6300		6		
3127	15.6350		6		
3128	15.6400		6		
3129	15.6450		6		
3130	15.6500		6		
3131	15.6550		6		
3132	15.6600		6		
3133	15.6650		6		
3134	15.6700		6		
3135	15.6750		6		
3136	15.6800		6		
3137	15.6850		6		
3138	15.6900		6		
3139	15.6950		6		
3140	15.7000		6		
3141	15.7050		6		
3142	15.7100		6		
3143	15.7150		6		
3144	15.7200		6		
3145	15.7250		6		
3146	15.7300		6		
3147	15.7350		6		
3148	15.7400		6		
3149	15.7450		6		
3150	15.7500		6		
3151	15.7550		6		
3152	15.7600		6		
3153	15.7650		6		
3154	15.7700		6		
3155	15.7750		6		
3156	15.7800		6		
3157	15.7850		6		
3158	15.7900		6		
3159	15.7950		6		
3160	15.8000		6		
3161	15.8050		6		
3162	15.8100		6		
3163	15.8150		6		
3164	15.8200		6		
3165	15.8250		6		
3166	15.8300		6		
3167	15.8350		6		
3168	15.8400		6		
3169	15.8450		6		
3170	15.8500		6		
3171	15.8550		6		
3172	15.8600		6		
3173	15.8650		6		
3174	15.8700		6		
3175	15.8750		6		
3176	15.8800		6		
3177	15.8850		6		
3178	15.8900		6		
3179	15.8950		6		
3180	15.9000		6		
3181	15.9050		6		
3182	15.9100		6		
3183	15.9150		6		
3184	15.9200		6		
3185	15.9250		6		
3186	15.9300		6		
3187	15.9350		6		
3188	15.9400		6		
3189	15.9450		6		
3190	15.9500		6		
3191	15.9550		6		
3192	15.9600		6		
3193	15.9650		6		
3194	15.9700		6		
3195	15.9750		6		
3196	15.9800		6		
3197	15.9850		6		
3198	15.9900		6		
3199	15.9950		6		
3200	16.0000		6		
3201	16.0050		6		
3202	16.0100		6		
3203	16.0150		6		
3204	16.0200		6		
3205	16.0250		6		
3206	16.0300		6		
3207	16.0350		6		
3208	16.0400		6		
3209	16.0450		6		
3210	16.0500		6		
3211	16.0550		6		
3212	16.0600		6		
3213	16.0650		6		
3214	16.0700		6		
3215	16.0750		6		
3216	16.0800		6		
3217	16.0850		6		
3218	16.0900		6		
3219	16.0950		6		
3220	16.1000		6		
3221	16.1050		6		
3222	16.1100		6		
3223	16.1150		6		
3224	16.1200		6		
3225	16.1250		6		
3226	16.1300		6		
3227	16.1350		6		
3228	16.1400		6		
3229	16.1450		6		
3230	16.1500		6		
3231	16.1550		6		
3232	16.1600		6		
3233	16.1650		6		
3234	16.1700		6		
3235	16.1750		6		
3236	16.1800		6		
3237	16.1850		6		
3238	16.1900		6		
3239	16.1950		6		
3240	16.2000		6		
3241	16.2050		6		
3242	16.2100		6		
3243	16.2150		6		
3244	16.2200		6		
3245	16.2250		6		
3246	16.2300		6		
3247	16.2350		6		
3248	16.2400		6		
3249	16.2450		6		
3250	16.2500		6		
3251	16.2550		6		
3252	16.2600		6		
3253	16.2650		6		
3254	16.2700		6		
3255	16.2750		6		
3256	16.2800		6		
3257	16.2850		6		
3258	16.2900		6		
3259	16.2950		6		
3260	16.3000		6		
3261	16.3050		6		
3262	16.3100		6		
3263	16.3150		6		
3264	16.3200		6		
3265	16.3250		6		
3266	16.3300		6		
3267	16.3350		6		
3268	16.3400		6		
3269	16.3450		6		
3270	16.3500		6		
3271	16.3550		6		
3272	16.3600		6		
3273	16.3650		6		
3274	16.3700		6		
3275	16.3750		6		
3276	16.3800		6		
3277	16.3850		6		
3278	16.3900		6		
3279	16.3950		6		
3280	16.4000		6		
3281	16.4050		6		
3282	16.4100		6		
3283	16.4150		6		
3284	16.4200		6		
3285	16.4250		6		
3286	16.4300		6		
3287	16.4350		6		
3288	16.4400		6		
3289	16.4450		6		
3290	16.4500		6		
3291	16.4550		6		
3292	16.4600		6		
3293	16.4650		6		
3294	16.4700		6		
3295	16.4750		6		
3296	16.4800		6		
3297	16.4850		6		
3298	16.4900		6		
3299	16.4950		6		
3300	16.5000		6		
3301	16.5050		6		
3302	16.5100		6		
3303	16.5150		6		
3304	16.5200		6		
3305	16.5250		6		
3306	16.5300		6		
3307	16.5350		6		
3308	16.5400		6		
3309	16.5450		6		
3310	16.5500		6		
3311	16.5550		6		
3312	16.5600		6		
3313	16.5650		6		
3314	16.5700		6		
3315	16.5750		6		
3316	16.5800		6		
3317	16.5850		6		
3318	16.5900		6		
3319	16.5950		6		
3320	16.6000		6		
3321	16.6050		6		
3322	16.6100		6		
3323	16.6150		6		
3324	16.6200		6		
3325	16.6250		6		
3326	16.6300		6		
3327	16.6350		6		
3328	16.6400		6		
3329	16.6450		6		
3330	16.6500		6		
3331	16.6550		6		
3332	16.6600		6		
3333	16.6650		6		
3334	16.6700		6		
3335	16.6750		6		
3336	16.6800		6		
3337	16.6850		6		
3338	16.6900		6		
3339	16.6950		6		
3340	16.7000		6		
3341	16.7050		6		
3342	16.7100		6		
3343	16.7150		6		
3344	16.7200		6		
3345	16.7250		6		
3346	16.7300		6		
3347	16.7350		6		
3348	16.7400		6		
3349	16.7450		6		
3350	16.7500		6		
3351	16.7550		6		
3352	16.7600		6		
3353	16.7650		6		
3354	16.7700		6		
3355	16.7750		6		
3356	16.7800		6		
3357	16.7850		6		
3358	16.7900		6		
3359	16.7950		6		
3360	16.8000		6		
3361	16.8050		6		
3362	16.8100		6		
3363	16.8150		6		
3364	16.8200		6		
3365	16.8250		6		
3366	16.8300		6		
3367	16.8350		6		
3368	16.8400		6		
3369	16.8450		6		
3370	16.8500		6		
3371	16.8550		6		
3372	16.8600		6		
3373	16.8650		6		
3374	16.8700		6		
3375	16.8750		6		
3376	16.8800		6		
3377	16.8850		6		
3378	16.8900		6		
3379	16.8950		6		
3380	16.9000		6		
3381	16.9050		6		
3382	16.9100		6		
3383	16.9150		6		
3384	16.9200		6		
3385	16.9250		6		
3386	16.9300		6		
3387	16.9350		6		
3388	16.9400		6		
3389	16.9450		6		
3390	16.9500		6		
3391	16.9550		6		
3392	16.9600		6		
3393	16.9650		6		
3394	16.9700		6		
3395	16.9750		6		
3396	16.9800		6		
3397	16.9850		6		
3398	16.9900		6		
3399	16.9950		6		
3400	17.0000		6		
3401	17.0050		6		
3402	17.0100		6		
3403	17.0150		6		
3404	17.0200		6		
3405	17.0250		6		
3406	17.0300		6		
3407	17.0350		6		
3408	17.0400		6		
3409	17.0450		6		
3410	17.0500		6		
3411	17.0550		6		
3412	17.0600		6		
3413	17.0650		6		
3414	17.0700		6		
3415	17.0750		6		
3416	17.0800		6		
3417	17.0850		6		
3418	17.0900		6		
3419	17.0950		6		
3420	17.1000		6		
3421	17.1050		6		
3422	17.1100		6		
3423	17.1150		6		
3424	17.1200		6		
3425	17.1250		6		
3426	17.1300		6		
3427	17.1350		6		
3428	17.1400		6		
3429	17.1450		6		
3430	17.1500		6		
3431	17.1550		6		
3432	17.1600		6		
3433	17.1650		6		
3434	17.1700		6		
3435	17.1750		6		
3436	17.1800		6		
3437	17.1850		6		
3438	17.1900		6		
3439	17.1950		6		
3440	17.2000		6		
3441	17.2050		6		
3442	17.2100		6		
3443	17.2150		6		
3444	17.2200		6		
3445	17.2250		6		
3446	17.2300		6		
3447	17.2350		6		
3448	17.2400		6		
3449	17.2450		6		
3450	17.2500		6		
3451	17.2550		6		
3452	17.2600		6		
3453	17.2650		6		
3454	17.2700		6		
3455	17.2750		6		
3456	17.2800		6		
3457	17.2850		6		
3458	17.2900		6		
3459	17.2950		6		
3460	17.3000		6		
3461	17.3050		6		
3462	17.3100		6		
3463	17.3150		6		
3464	17.3200		6		
3465	17.3250		6		
3466	17.3300		6		
3467	17.3350		6		
3468	17.3400		6		
3469	17.3450		6		
3470	17.3500		6		
3471	17.3550		6		
3472	17.3600		6		
3473	17.3650		6		
3474	17.3700		6		
3475	17.3750		6		
3476	17.3800		6		
3477	17.3850		6		
3478	17.3900		6		
3479	17.3950		6		
3480	17.4000		6		
3481	17.4050		6		
3482	17.4100		6		
3483	17.4150		6		
3484	17.4200		6		
3485	17.4250		6		
3486	17.4300		6		
3487	17.4350		6		
3488	17.4400		6		
3489	17.4450		6		
3490	17.4500		6		
3491	17.4550		6		
3492	17.4600		6		
3493	17.4650		6		
3494	17.4700		6		
3495	17.4750		6		
3496	17.4800		6		
3497	17.4850		6		
3498	17.4900		6		
3499	17.4950		6		
3500	17.5000		6		
3501	17.5050		6		
3502	17.5100		6		
3503	17.5150		6		
3504	17.5200		6		
3505	17.5250		6		
3506	17.5300		6		
3507	17.5350		6		
3508	17.5400		6		
3509	17.5450		6		
3510	17.5500		6		
3511	17.5550		6		
3512	17.5600		6		
3513	17.5650		6		
3514	17.5700		6		
3515	17.5750		6		
3516	17.5800		6		
3517	17.5850		6		
3518	17.5900		6		
3519	17.5950		6		
3520	17.6000		6		
3521	17.6050		6		
3522	17.6100		6		
3523	17.6150		6		
3524	17.6200		6		
3525	17.6250		6		
3526	17.6300		6		
3527	17.6350		5		
3528	17.6400		5		
3529	17.6450		4		
3530	17.6500		3		
3531	17.6550		2		
3532	17.6600		2		
3533	17.6650		1		
3534	17.6700		0		
3535	17.6750		-1		
3536	17.6800		-2		
3537	17.6850		-3		
3538	17.6900		-4		
3539	17.6950		-5		
3540	17.7000		-6		
3541	17.7050		-7		
3542	17.7100		-8		
3543	17.7150		-9		
3544	17.7200		-10		
3545	17.7250		-11		
3546	17.7300		-12		
3547	17.7350		-13		
3548	17.7400		-14		
3549	17.7450		-15		
3550	17.7500		-16		
3551	17.7550		-17		
3552	17.7600		-18		
3553	17.7650		-19		
3554	17.7700		-20		
3555	17.7750		-21		
3556	17.7800		-22		
3557	17.7850		-23		
3558	17.7900		-24		
3559	17.7950		-25		
3560	17.8000		-26		
3561	17.8050		-28		
3562	17.8100		-28		
3563	17.8150		-30		
3564	17.8200		-31		
3565	17.8250		-32		
3566	17.8300		-33		
3567	17.8350		-34		
3568	17.8400		-35		
3569	17.8450		-36		
3570	17.8500		-37		
3571	17.8550		-38		
3572	17.8600		-39		
3573	17.8650		-40		
3574	17.8700		-42		
3575	17.8750		-42		
3576	17.8800		-44		
3577	17.8850		-45		
3578	17.8900		-46		
3579	17.8950		-47		
3580	17.9000		-48		
3581	17.9050		-49		
3582	17.9100		-50		
3583	17.9150		-52		
3584	17.9200		-52		
3585	17.9250		-54		
3586	17.9300		-55		
3587	17.9350		-56		
3588	17.9400		-57		
3589	17.9450		-58		
3590	17.9500		-59		
3591	17.9550		-60		
3592	17.9600		-62		
3593	17.9650		-63		
3594	17.9700		-64		
3595	17.9750		-65		
3596	17.9800		-66		
3597	17.9850		-67		
3598	17.9900		-68		
3599	17.9950		-70		
3600	18.0000		-71		
3601	18.0050		-72		
3602	18.0100		-73		
3603	18.0150		-74		
3604	18.0200		-76		
3605	18.0250		-76		
3606	18.0300		-78		
3607	18.0350		-79		
3608	18.0400		-80		
3609	18.0450		-81		
3610	18.0500		-82		
3611	18.0550		-84		
3612	18.0600		-85		
3613	18.0650		-86		
3614	18.0700		-87		
3615	18.0750		-88		
3616	18.0800		-90		
3617	18.0850		-91		
3618	18.0900		-92		
3619	18.0950		-93		
3620	18.1000		-94		
3621	18.1050		-96		
3622	18.1100		-97		
3623	18.1150		-98		
3624	18.1200		-99		
3625	18.1250		-100		
3626	18.1300		-102		
3627	18.1350		-103		
3628	18.1400		-104		
3629	18.1450		-106		
3630	18.1500		-107		
3631	18.1550		-108		
3632	18.1600		-109		
3633	18.1650		-110		
3634	18.1700		-112		
3635	18.1750		-113		
3636	18.1800		-114		
3637	18.1850		-115		
3638	18.1900		-117		
3639	18.1950		-118		
3640	18.2000		-119		
3641	18.2050		-120		
3642	18.2100		-122		
3643	18.2150		-123		
3644	18.2200		-124		
3645	18.2250		-126		
3646	18.2300		-127		
3647	18.2350		-128		
3648	18.2400		-130		
3649	18.2450		-131		
3650	18.2500		-132		
3651	18.2550		-133		
3652	18.2600		-134		
3653	18.2650		-136		
3654	18.2700		-137		
3655	18.2750		-138		
3656	18.2800		-140		
3657	18.2850		-140		
3658	18.2900		-141		
3659	18.2950		-143		
3660	18.3000		-144		
3661	18.3050		-145		
3662	18.3100		-147		
3663	18.3150		-148		
3664	18.3200		-150		
3665	18.3250		-150		
3666	18.3300		-151		
3667	18.3350		-152		
3668	18.3400		-154		
3669	18.3450		-155		
3670	18.3500		-156		
3671	18.3550		-158		
3672	18.3600		-159		
3673	18.3650		-160		
3674	18.3700		-162		
3675	18.3750		-163		
3676	18.3800		-164		
3677	18.3850		-166		
3678	18.3900		-167		
3679	18.3950		-168		
3680	18.4000		-170		
3681	18.4050		-171		
3682	18.4100		-173		
3683	18.4150		-174		
3684	18.4200		-176		
3685	18.4250		-177		
3686	18.4300		-178		
3687	18.4350		-180		
3688	18.4400		-181		
3689	18.4450		-182		
3690	18.4500		-184		
3691	18.4550		-185		
3692	18.4600		-187		
3693	18.4650		-188		
3694	18.4700		-190		
3695	18.4750		-191		
3696	18.4800		-192		
3697	18.4850		-194		
3698	18.4900		-195		
3699	18.4950		-196		
3700	18.5000		-198		
3701	18.5050		-200		
3702	18.5100		-201		
3703	18.5150		-202		
3704	18.5200		-204		
3705	18.5250		-205		
3706	18.5300		-207		
3707	18.5350		-208		
3708	18.5400		-210		
3709	18.5450		-211		
3710	18.5500		-212		
3711	18.5550		-214		
3712	18.5600		-215		
3713	18.5650		-217		
3714	18.5700		-218		
3715	18.5750		-219		
3716	18.5800		-219		
3717	18.5850		-220		
3718	18.5900		-220		
3719	18.5950		-220		
3720	18.6000		-221		
3721	18.6050		-221		
3722	18.6100		-221		
3723	18.6150		-220		
3724	18.6200		-221		
3725	18.6250		-221		
3726	18.6300		-221		
3727	18.6350		-221		
3728	18.6400		-221		
3729	18.6450		-221		
3730	18.6500		-221		
3731	18.6550		-221		
3732	18.6600		-221		
3733	18.6650		-221		
3734	18.6700		-221		
3735	18.6750		-221		
3736	18.6800		-221		
3737	18.6850		-221		
3738	18.6900		-221		
3739	18.6950		-221		
3740	18.7000		-221		
3741	18.7050		-221		
3742	18.7100		-221		
3743	18.7150		-221		
3744	18.7200		-221		
3745	18.7250		-221		
3746	18.7300		-221		
3747	18.7350		-221		
3748	18.7400		-221		
3749	18.7450		-221		
3750	18.7500		-221		
3751	18.7550		-221		
3752	18.7600		-221		
3753	18.7650		-221		
3754	18.7700		-221		
3755	18.7750		-221		
3756	18.7800		-221		
3757	18.7850		-221		
3758	18.7900		-221		
3759	18.7950		-221		
3760	18.8000		-221		
3761	18.8050		-221		
3762	18.8100		-221		
3763	18.8150		-221		
3764	18.8200		-221		
3765	18.8250		-221		
3766	18.8300		-221		
3767	18.8350		-221		
3768	18.8400		-221		
3769	18.8450		-221		
3770	18.8500		-221		
3771	18.8550		-221		
3772	18.8600		-221		
3773	18.8650		-221		
3774	18.8700		-221		
3775	18.8750		-221		
3776	18.8800		-221		
3777	18.8850		-221		
3778	18.8900		-221		
3779	18.8950		-221		
3780	18.9000		-221		
3781	18.9050		-221		
3782	18.9100		-221		
3783	18.9150		-221		
3784	18.9200		-221		
3785	18.9250		-221		
3786	18.9300		-221		
3787	18.9350		-221		
3788	18.9400		-221		
3789	18.9450		-221		
3790	18.9500		-221		
3791	18.9550		-221		
3792	18.9600		-221		
3793	18.9650		-221		
3794	18.9700		-221		
3795	18.9750		-221		
3796	18.9800		-221		
3797	18.9850		-221		
3798	18.9900		-221		
3799	18.9950		-221		
3800	19.0000		-221		
3801	19.0050		-221		
3802	19.0100		-221		
3803	19.0150		-221		
3804	19.0200		-221		
3805	19.0250		-221		
3806	19.0300		-221		
3807	19.0350		-221		
3808	19.0400		-221		
3809	19.0450		-221		
3810	19.0500		-221		
3811	19.0550		-221		
3812	19.0600		-221		
3813	19.0650		-221		
3814	19.0700		-221		
3815	19.0750		-221		
3816	19.0800		-221		
3817	19.0850		-221		
3818	19.0900		-221		
3819	19.0950		-221		
3820	19.1000		-221		
3821	19.1050		-221		
3822	19.1100		-221		
3823	19.1150		-221		
3824	19.1200		-221		
3825	19.1250		-221		
3826	19.1300		-221		
3827	19.1350		-221		
3828	19.1400		-221		
3829	19.1450		-221		
3830	19.1500		-221		
3831	19.1550		-221		
3832	19.1600		-221		
3833	19.1650		-221		
3834	19.1700		-221		
3835	19.1750		-221		
3836	19.1800		-221		
3837	19.1850		-221		
3838	19.1900		-221		
3839	19.1950		-221		
3840	19.2000		-221		
3841	19.2050		-221		
3842	19.2100		-221		
3843	19.2150		-221		
3844	19.2200		-221		
3845	19.2250		-221		
3846	19.2300		-221		
3847	19.2350		-221		
3848	19.2400		-221		
3849	19.2450		-221		
3850	19.2500		-221		
3851	19.2550		-221		
3852	19.2600		-221		
3853	19.2650		-221		
3854	19.2700		-221		
3855	19.2750		-221		
3856	19.2800		-221		
3857	19.2850		-221		
3858	19.2900		-221		
3859	19.2950		-221		
3860	19.3000		-221		
3861	19.3050		-221		
3862	19.3100		-221		
3863	19.3150		-221		
3864	19.3200		-221		
3865	19.3250		-221		
3866	19.3300		-221		
3867	19.3350		-221		
3868	19.3400		-221		
3869	19.3450		-221		
3870	19.3500		-221		
3871	19.3550		-221		
3872	19.3600		-221		
3873	19.3650		-221		
3874	19.3700		-221		
3875	19.3750		-221		
3876	19.3800		-221		
3877	19.3850		-221		
3878	19.3900		-221		
3879	19.3950		-221		
3880	19.4000		-221		
3881	19.4050		-221		
3882	19.4100		-221		
3883	19.4150		-221		
3884	19.4200		-221		
3885	19.4250		-221		
3886	19.4300		-221		
3887	19.4350		-221		
3888	19.4400		-221		
3889	19.4450		-221		
3890	19.4500		-221		
3891	19.4550		-221		
3892	19.4600		-221		
3893	19.4650		-221		
3894	19.4700		-221		
3895	19.4750		-221		
3896	19.4800		-221		
3897	19.4850		-221		
3898	19.4900		-221		
3899	19.4950		-221		
3900	19.5000		-221		
3901	19.5050		-221		
3902	19.5100		-221		
3903	19.5150		-221		
3904	19.5200		-221		
3905	19.5250		-221		
3906	19.5300		-221		
3907	19.5350		-221		
3908	19.5400		-221		
3909	19.5450		-221		
3910	19.5500		-221		
3911	19.5550		-221		
3912	19.5600		-221		
3913	19.5650		-221		
3914	19.5700		-221		
3915	19.5750		-221		
3916	19.5800		-221		
3917	19.5850		-221		
3918	19.5900		-221		
3919	19.5950		-221		
3920	19.6000		-221		
3921	19.6050		-221		
3922	19.6100		-221		
3923	19.6150		-221		
3924	19.6200		-221		
3925	19.6250		-221		
3926	19.6300		-221		
3927	19.6350		-221		
3928	19.6400		-221		
3929	19.6450		-221		
3930	19.6500		-221		
3931	19.6550		-221		
3932	19.6600		-221		
3933	19.6650		-221		
3934	19.6700		-221		
3935	19.6750		-221		
3936	19.6800		-221		
3937	19.6850		-221		
3938	19.6900		-221		
3939	19.6950		-221		
3940	19.7000		-221		
3941	19.7050		-221		
3942	19.7100		-221		
3943	19.7150		-221		
3944	19.7200		-221		
3945	19.7250		-221		
3946	19.7300		-221		
3947	19.7350		-221		
3948	19.7400		-221		
3949	19.7450		-221		
3950	19.7500		-221		
3951	19.7550		-221		
3952	19.7600		-221		
3953	19.7650		-221		
3954	19.7700		-221		
3955	19.7750		-221		
3956	19.7800		-221		
3957	19.7850		-221		
3958	19.7900		-221		
3959	19.7950		-221		
3960	19.8000		-221		
3961	19.8050		-221		
3962	19.8100		-221		
3963	19.8150		-221		
3964	19.8200		-221		
3965	19.8250		-221		
3966	19.8300		-221		
3967	19.8350		-221		
3968	19.8400		-221		
3969	19.8450		-221		
3970	19.8500		-221		
3971	19.8550		-221		
3972	19.8600		-221		
3973	19.8650		-221		
3974	19.8700		-221		
3975	19.8750		-221		
3976	19.8800		-221		
3977	19.8850		-221		
3978	19.8900		-221		
3979	19.8950		-221		
3980	19.9000		-221		
3981	19.9050		-221		
3982	19.9100		-221		
3983	19.9150		-221		
3984	19.9200		-221		
3985	19.9250		-221		
3986	19.9300		-221		
3987	19.9350		-221		
3988	19.9400		-221		
3989	19.9450		-221		
3990	19.9500		-221		
3991	19.9550		-221		
3992	19.9600		-221		
3993	19.9650		-221		
3994	19.9700		-221		
3995	19.9750		-221		
3996	19.9800		-221		
3997	19.9850		-221		
3998	19.9900		-221		
3999	19.9950		-221		
4000	20.0000		-221		
4001	20.0050		-221		
4002	20.0100		-221		
4003	20.0150		-221		
4004	20.0200		-221		
4005	20.0250		-221		
4006	20.0300		-221		
4007	20.0350		-221		
4008	20.0400		-221		
4009	20.0450		-221		
4010	20.0500		-221		
4011	20.0550		-221		
4012	20.0600		-221		
4013	20.0650		-221		
4014	20.0700		-221		
4015	20.0750		-221		
4016	20.0800		-221		
4017	20.0850		-221		
4018	20.0900		-221		
4019	20.0950		-221		
4020	20.1000		-221		
4021	20.1050		-221		
4022	20.1100		-221		
4023	20.1150		-221		
4024	20.1200		-221		
4025	20.1250		-221		
4026	20.1300		-221		
4027	20.1350		-221		
4028	20.1400		-221		
4029	20.1450		-221		
4030	20.1500		-221		
4031	20.1550		-221		
4032	20.1600		-221		
4033	20.1650		-221		
4034	20.1700		-221		
4035	20.1750		-221		
4036	20.1800		-221		
4037	20.1850		-221		
4038	20.1900		-221		
4039	20.1950		-221		
4040	20.2000		-221		
4041	20.2050		-221		
4042	20.2100		-221		
4043	20.2150		-221		
4044	20.2200		-221		
4045	20.2250		-221		
4046	20.2300		-221		
4047	20.2350		-221		
4048	20.2400		-221		
4049	20.2450		-221		
4050	20.2500		-221		
4051	20.2550		-221		
4052	20.2600		-221		
4053	20.2650		-221		
4054	20.2700		-221		
4055	20.2750		-221		
4056	20.2800		-221		
4057	20.2850		-221		
4058	20.2900		-221		
4059	20.2950		-221		
4060	20.3000		-221		
4061	20.3050		-221		
4062	20.3100		-221		
4063	20.3150		-221		
4064	20.3200		-221		
4065	20.3250		-221		
4066	20.3300		-221		
4067	20.3350		-221		
4068	20.3400		-221		
4069	20.3450		-221		
4070	20.3500		-221		
4071	20.3550		-221		
4072	20.3600		-221		
4073	20.3650		-221		
4074	20.3700		-221		
4075	20.3750		-221		
4076	20.3800		-221		
4077	20.3850		-221		
4078	20.3900		-221		
4079	20.3950		-221		
4080	20.4000		-221		
4081	20.4050		-221		
4082	20.4100		-221		
4083	20.4150		-221		
4084	20.4200		-221		
4085	20.4250		-221		
4086	20.4300		-221		
4087	20.4350		-221		
4088	20.4400		-221		
4089	20.4450		-221		
4090	20.4500		-221		
4091	20.4550		-221		
4092	20.4600		-221		
4093	20.4650		-221		
4094	20.4700		-221		
4095	20.4750		-221		
4096	20.4800		-221		
4097	20.4850		-221		
4098	20.4900		-221		
4099	20.4950		-221		
4100	20.5000		-221		
4101	20.5050		-221		
4102	20.5100		-221		
4103	20.5150		-221		
4104	20.5200		-221		
4105	20.5250		-221		
4106	20.5300		-221		
4107	20.5350		-221		
4108	20.5400		-221		
4109	20.5450		-221		
4110	20.5500		-221		
4111	20.5550		-221		
4112	20.5600		-221		
4113	20.5650		-221		
4114	20.5700		-221		
4115	20.5750		-221		
4116	20.5800		-221		
4117	20.5850		-221		
4118	20.5900		-221		
4119	20.5950		-221		
4120	20.6000		-221		
4121	20.6050		-221		
4122	20.6100		-221		
4123	20.6150		-221		
4124	20.6200		-221		
4125	20.6250		-221		
4126	20.6300		-221		
4127	20.6350		-221		
4128	20.6400		-221		
4129	20.6450		-221		
4130	20.6500		-221		
4131	20.6550		-221		
4132	20.6600		-221		
4133	20.6650		-221		
4134	20.6700		-221		
4135	20.6750		-221		
4136	20.6800		-221		
4137	20.6850		-221		
4138	20.6900		-221		
4139	20.6950		-221		
4140	20.7000		-221		
4141	20.7050		-221		
4142	20.7100		-221		
4143	20.7150		-221		
4144	20.7200		-221		
4145	20.7250		-221		
4146	20.7300		-221		
4147	20.7350		-221		
4148	20.7400		-221		
4149	20.7450		-221		
4150	20.7500		-221		
4151	20.7550		-221		
4152	20.7600		-221		
4153	20.7650		-221		
4154	20.7700		-221		
4155	20.7750		-221		
4156	20.7800		-221		
4157	20.7850		-221		
4158	20.7900		-221		
4159	20.7950		-221		
4160	20.8000		-221		
4161	20.8050		-221		
4162	20.8100		-221		
4163	20.8150		-221		
4164	20.8200		-221		
4165	20.8250		-221		
4166	20.8300		-221		
4167	20.8350		-221		
4168	20.8400		-221		
4169	20.8450		-221		
4170	20.8500		-221		
4171	20.8550		-221		
4172	20.8600		-221		
4173	20.8650		-221		
4174	20.8700		-221		
4175	20.8750		-221		
4176	20.8800		-221		
4177	20.8850		-221		
4178	20.8900		-221		
4179	20.8950		-221		
4180	20.9000		-221		
4181	20.9050		-221		
4182	20.9100		-221		
4183	20.9150		-221		
4184	20.9200		-221		
4185	20.9250		-220		
4186	20.9300		-221		
4187	20.9350		-221		
4188	20.9400		-220		
4189	20.9450		-220		
4190	20.9500		-219		
4191	20.9550		-218		
4192	20.9600		-218		
4193	20.9650		-218		
4194	20.9700		-216		
4195	20.9750		-215		
4196	20.9800		-214		
4197	20.9850		-212		
4198	20.9900		-211		
4199	20.9950		-210		
4200	21.0000		-208		
4201	21.0050		-207		
4202	21.0100		-206		
4203	21.0150		-204		
4204	21.0200		-203		
4205	21.0250		-202		
4206	21.0300		-200		
4207	21.0350		-199		
4208	21.0400		-198		
4209	21.0450		-196		
4210	21.0500		-195		
4211	21.0550		-194		
4212	21.0600		-192		
4213	21.0650		-191		
4214	21.0700		-190		
4215	21.0750		-189		
4216	21.0800		-188		
4217	21.0850		-186		
4218	21.0900		-185		
4219	21.0950		-184		
4220	21.1000		-182		
4221	21.1050		-181		
4222	21.1100		-180		
4223	21.1150		-178		
4224	21.1200		-177		
4225	21.1250		-176		
4226	21.1300		-175		
4227	21.1350		-174		
4228	21.1400		-172		
4229	21.1450		-171		
4230	21.1500		-170		
4231	21.1550		-168		
4232	21.1600		-167		
4233	21.1650		-166		
4234	21.1700		-165		
4235	21.1750		-164		
4236	21.1800		-162		
4237	21.1850		-161		
4238	21.1900		-160		
4239	21.1950		-159		
4240	21.2000		-158		
4241	21.2050		-156		
4242	21.2100		-155		
4243	21.2150		-154		
4244	21.2200		-152		
4245	21.2250		-152		
4246	21.2300		-150		
4247	21.2350		-149		
4248	21.2400		-149		
4249	21.2450		-148		
4250	21.2500		-146		
4251	21.2550		-145		
4252	21.2600		-144		
4253	21.2650		-143		
4254	21.2700		-142		
4255	21.2750		-140		
4256	21.2800		-140		
4257	21.2850		-139		
4258	21.2900		-138		
4259	21.2950		-137		
4260	21.3000		-136		
4261	21.3050		-134		
4262	21.3100		-133		
4263	21.3150		-132		
4264	21.3200		-131		
4265	21.3250		-130		
4266	21.3300		-129		
4267	21.3350		-128		
4268	21.3400		-126		
4269	21.3450		-126		
4270	21.3500		-124		
4271	21.3550		-123		
4272	21.3600		-122		
4273	21.3650		-121		
4274	21.3700		-120		
4275	21.3750		-119		
4276	21.3800		-118		
4277	21.3850		-116		
4278	21.3900		-116		
4279	21.3950		-114		
4280	21.4000		-113		
4281	21.4050		-112		
4282	21.4100		-111		
4283	21.4150		-110		
4284	21.4200		-109		
4285	21.4250		-108		
4286	21.4300		-106		
4287	21.4350		-106		
4288	21.4400		-104		
4289	21.4450		-103		
4290	21.4500		-102		
4291	21.4550		-101		
4292	21.4600		-100		
4293	21.4650		-99		
4294	21.4700		-98		
4295	21.4750		-97		
4296	21.4800		-96		
4297	21.4850		-95		
4298	21.4900		-94		
4299	21.4950		-93		
4300	21.5000		-92		
4301	21.5050		-90		
4302	21.5100		-90		
4303	21.5150		-88		
4304	21.5200		-88		
4305	21.5250		-86		
4306	21.5300		-86		
4307	21.5350		-84		
4308	21.5400		-83		
4309	21.5450		-82		
4310	21.5500		-81		
4311	21.5550		-80		
4312	21.5600		-79		
4313	21.5650		-78		
4314	21.5700		-77		
4315	21.5750		-76		
4316	21.5800		-75		
4317	21.5850		-74		
4318	21.5900		-73		
4319	21.5950		-72		
4320	21.6000		-71		
4321	21.6050		-70		
4322	21.6100		-69		
4323	21.6150		-68		
4324	21.6200		-67		
4325	21.6250		-66		
4326	21.6300		-65		
4327	21.6350		-64		
4328	21.6400		-63		
4329	21.6450		-62		
4330	21.6500		-62		
4331	21.6550		-60		
4332	21.6600		-60		
4333	21.6650		-58		
4334	21.6700		-58		
4335	21.6750		-57		
4336	21.6800		-56		
4337	21.6850		-55		
4338	21.6900		-54		
4339	21.6950		-53		
4340	21.7000		-52		
4341	21.7050		-51		
4342	21.7100		-50		
4343	21.7150		-49		
4344	21.7200		-48		
4345	21.7250		-47		
4346	21.7300		-46		
4347	21.7350		-45		
4348	21.7400		-44		
4349	21.7450		-44		
4350	21.7500		-43		
4351	21.7550		-42		
4352	21.7600		-41		
4353	21.7650		-40		
4354	21.7700		-39		
4355	21.7750		-38		
4356	21.7800		-37		
4357	21.7850		-36		
4358	21.7900		-36		
4359	21.7950		-34		
4360	21.8000		-34		
4361	21.8050		-33		
4362	21.8100		-32		
4363	21.8150		-31		
4364	21.8200		-30		
4365	21.8250		-29		
4366	21.8300		-28		
4367	21.8350		-28		
4368	21.8400		-27		
4369	21.8450		-26		
4370	21.8500		-25		
4371	21.8550		-24		
4372	21.8600		-23		
4373	21.8650		-22		
4374	21.8700		-22		
4375	21.8750		-21		
4376	21.8800		-20		
4377	21.8850		-19		
4378	21.8900		-18		
4379	21.8950		-17		
4380	21.9000		-16		
4381	21.9050		-16		
4382	21.9100		-15		
4383	21.9150		-14		
4384	21.9200		-13		
4385	21.9250		-12		
4386	21.9300		-12		
4387	21.9350		-11		
4388	21.9400		-10		
4389	21.9450		-9		
4390	21.9500		-8		
4391	21.9550		-8		
4392	21.9600		-7		
4393	21.9650		-6		
4394	21.9700		-5		
4395	21.9750		-4		
4396	21.9800		-4		
4397	21.9850		-3		
4398	21.9900		-2		
4399	21.9950		-1		
4400	22.0000		0		
4401	22.0050		0		
4402	22.0100		1		
4403	22.0150		2		
4404	22.0200		2		
4405	22.0250		3		
4406	22.0300		4		
4407	22.0350		5		
4408	22.0400		6		
4409	22.0450		6		
4410	22.0500		7		
4411	22.0550		8		
4412	22.0600		8		
4413	22.0650		8		
4414	22.0700		8		
4415	22.0750		8		
4416	22.0800		8		
4417	22.0850		8		
4418	22.0900		8		
4419	22.0950		8		
4420	22.1000		8		
4421	22.1050		8		
4422	22.1100		8		
4423	22.1150		8		
4424	22.1200		8		
4425	22.1250		8		
4426	22.1300		8		
4427	22.1350		8		
4428	22.1400		8		
4429	22.1450		8		
4430	22.1500		8		
4431	22.1550		8		
4432	22.1600		8		
4433	22.1650		8		
4434	22.1700		8		
4435	22.1750		8		
4436	22.1800		8		
4437	22.1850		8		
4438	22.1900		8		
4439	22.1950		8		
4440	22.2000		8		
4441	22.2050		8		
4442	22.2100		8		
4443	22.2150		8		
4444	22.2200		8		
4445	22.2250		8		
4446	22.2300		8		
4447	22.2350		8		
4448	22.2400		8		
4449	22.2450		8		
4450	22.2500		8		
4451	22.2550		8		
4452	22.2600		8		
4453	22.2650		8		
4454	22.2700		8		
4455	22.2750		8		
4456	22.2800		8		
4457	22.2850		8		
4458	22.2900		8		
4459	22.2950		8		
4460	22.3000		8		
4461	22.3050		8		
4462	22.3100		8		
4463	22.3150		8		
4464	22.3200		8		
4465	22.3250		8		
4466	22.3300		8		
4467	22.3350		8		
4468	22.3400		8		
4469	22.3450		8		
4470	22.3500		8		
4471	22.3550		8		
4472	22.3600		8		
4473	22.3650		8		
4474	22.3700		8		
4475	22.3750		8		
4476	22.3800		8		
4477	22.3850		8		
4478	22.3900		8		
4479	22.3950		8		
4480	22.4000		8		
4481	22.4050		8		
4482	22.4100		8		
4483	22.4150		8		
4484	22.4200		8		
4485	22.4250		8		
4486	22.4300		8		
4487	22.4350		8		
4488	22.4400		8		
4489	22.4450		8		
4490	22.4500		8		
4491	22.4550		8		
4492	22.4600		8		
4493	22.4650		8		
4494	22.4700		8		
4495	22.4750		8		
4496	22.4800		8		
4497	22.4850		8		
4498	22.4900		8		
4499	22.4950		8		
4500	22.5000		8		
4501	22.5050		8		
4502	22.5100		8		
4503	22.5150		8		
4504	22.5200		8		
4505	22.5250		8		
4506	22.5300		8		
4507	22.5350		8		
4508	22.5400		8		
4509	22.5450		8		
4510	22.5500		8		
4511	22.5550		8		
4512	22.5600		8		
4513	22.5650		8		
4514	22.5700		8		
4515	22.5750		8		
4516	22.5800		8		
4517	22.5850		8		
4518	22.5900		8		
4519	22.5950		8		
4520	22.6000		8		
4521	22.6050		8		
4522	22.6100		8		
4523	22.6150		8		
4524	22.6200		8		
4525	22.6250		8		
4526	22.6300		8		
4527	22.6350		8		
4528	22.6400		8		
4529	22.6450		8		
4530	22.6500		8		
4531	22.6550		8		
4532	22.6600		8		
4533	22.6650		8		
4534	22.6700		8		
4535	22.6750		8		
4536	22.6800		8		
4537	22.6850		8		
4538	22.6900		8		
4539	22.6950		8		
4540	22.7000		8		
4541	22.7050		8		
4542	22.7100		8		
4543	22.7150		8		
4544	22.7200		8		
4545	22.7250		8		
4546	22.7300		8		
4547	22.7350		8		
4548	22.7400		8		
4549	22.7450		8		
4550	22.7500		8		
4551	22.7550		8		
4552	22.7600		8		
4553	22.7650		8		
4554	22.7700		8		
4555	22.7750		8		
4556	22.7800		8		
4557	22.7850		8		
4558	22.7900		8		
4559	22.7950		8		
4560	22.8000		8		
4561	22.8050		8		
4562	22.8100		8		
4563	22.8150		8		
4564	22.8200		8		
4565	22.8250		8		
4566	22.8300		8		
4567	22.8350		8		
4568	22.8400		8		
4569	22.8450		8		
4570	22.8500		8		
4571	22.8550		8		
4572	22.8600		8		
4573	22.8650		8		
4574	22.8700		8		
4575	22.8750		8		
4576	22.8800		8		
4577	22.8850		8		
4578	22.8900		8		
4579	22.8950		8		
4580	22.9000		8		
4581	22.9050		8		
4582	22.9100		8		
4583	22.9150		8		
4584	22.9200		8		
4585	22.9250		8		
4586	22.9300		8		
4587	22.9350		8		
4588	22.9400		8		
4589	22.9450		8		
4590	22.9500		8		
4591	22.9550		8		
4592	22.9600		8		
4593	22.9650		8		
4594	22.9700		8		
4595	22.9750		8		
4596	22.9800		8		
4597	22.9850		8		
4598	22.9900		8		
4599	22.9950		8		
4600	23.0000		8		
4601	23.0050		8		
4602	23.0100		8		
4603	23.0150		8		
4604	23.0200		8		
4605	23.0250		8		
4606	23.0300		8		
4607	23.0350		8		
4608	23.0400		8		
4609	23.0450		8		
4610	23.0500		8		
4611	23.0550		8		
4612	23.0600		8		
4613	23.0650		8		
4614	23.0700		8		
4615	23.0750		8		
4616	23.0800		8		
4617	23.0850		8		
4618	23.0900		8		
4619	23.0950		8		
4620	23.1000		8		
4621	23.1050		8		
4622	23.1100		8		
4623	23.1150		8		
4624	23.1200		8		
4625	23.1250		8		
4626	23.1300		8		
4627	23.1350		8		
4628	23.1400		8		
4629	23.1450		8		
4630	23.1500		8		
4631	23.1550		8		
4632	23.1600		8		
4633	23.1650		8		
4634	23.1700		8		
4635	23.1750		8		
4636	23.1800		8		
4637	23.1850		8		
4638	23.1900		8		
4639	23.1950		8		
4640	23.2000		8		
4641	23.2050		8		
4642	23.2100		8		
4643	23.2150		8		
4644	23.2200		8		
4645	23.2250		8		
4646	23.2300		8		
4647	23.2350		8		
4648	23.2400		8		
4649	23.2450		8		
4650	23.2500		8		
4651	23.2550		8		
4652	23.2600		8		
4653	23.2650		8		
4654	23.2700		8		
4655	23.2750		8		
4656	23.2800		8		
4657	23.2850		8		
4658	23.2900		8		
4659	23.2950		8		
4660	23.3000		8		
4661	23.3050		8		
4662	23.3100		8		
4663	23.3150		8		
4664	23.3200		8		
4665	23.3250		8		
4666	23.3300		8		
4667	23.3350		8		
4668	23.3400		8		
4669	23.3450		8		
4670	23.3500		8		
4671	23.3550		8		
4672	23.3600		8		
4673	23.3650		8		
4674	23.3700		8		
4675	23.3750		8		
4676	23.3800		8		
4677	23.3850		8		
4678	23.3900		8		
4679	23.3950		8		
4680	23.4000		8		
4681	23.4050		8		
4682	23.4100		8		
4683	23.4150		8		
4684	23.4200		8		
4685	23.4250		8		
4686	23.4300		8		
4687	23.4350		8		
4688	23.4400		8		
4689	23.4450		8		
4690	23.4500		8		
4691	23.4550		8		
4692	23.4600		8		
4693	23.4650		8		
4694	23.4700		8		
4695	23.4750		8		
4696	23.4800		8		
4697	23.4850		8		
4698	23.4900		8		
4699	23.4950		8		
4700	23.5000		8		
4701	23.5050		8		
4702	23.5100		8		
4703	23.5150		8		
4704	23.5200		8		
4705	23.5250		8		
4706	23.5300		8		
4707	23.5350		8		
4708	23.5400		8		
4709	23.5450		8		
4710	23.5500		8		
4711	23.5550		8		
4712	23.5600		8		
4713	23.5650		8		
4714	23.5700		8		
4715	23.5750		8		
4716	23.5800		8		
4717	23.5850		8		
4718	23.5900		8		
4719	23.5950		8		
4720	23.6000		8		
4721	23.6050		8		
4722	23.6100		8		
4723	23.6150		8		
4724	23.6200		8		
4725	23.6250		8		
4726	23.6300		8		
4727	23.6350		8		
4728	23.6400		8		
4729	23.6450		8		
4730	23.6500		8		
4731	23.6550		8		
4732	23.6600		8		
4733	23.6650		8		
4734	23.6700		8		
4735	23.6750		8		
4736	23.6800		8		
4737	23.6850		8		
4738	23.6900		8		
4739	23.6950		8		
4740	23.7000		8		
4741	23.7050		8		
4742	23.7100		8		
4743	23.7150		8		
4744	23.7200		8		
4745	23.7250		8		
4746	23.7300		8		
4747	23.7350		8		
4748	23.7400		8		
4749	23.7450		8		
4750	23.7500		8		
4751	23.7550		8		
4752	23.7600		8		
4753	23.7650		8		
4754	23.7700		8		
4755	23.7750		8		
4756	23.7800		8		
4757	23.7850		8		
4758	23.7900		8		
4759	23.7950		8		
4760	23.8000		8		
4761	23.8050		8		
4762	23.8100		8		
4763	23.8150		8		
4764	23.8200		8		
4765	23.8250		8		
4766	23.8300		8		
4767	23.8350		8		
4768	23.8400		8		
4769	23.8450		8		
4770	23.8500		8		
4771	23.8550		8		
4772	23.8600		8		
4773	23.8650		8		
4774	23.8700		8		
4775	23.8750		8		
4776	23.8800		8		
4777	23.8850		8		
4778	23.8900		8		
4779	23.8950		8		
4780	23.9000		8		
4781	23.9050		8		
4782	23.9100		8		
4783	23.9150		8		
4784	23.9200		8		
4785	23.9250		8		
4786	23.9300		8		
4787	23.9350		8		
4788	23.9400		8		
4789	23.9450		8		
4790	23.9500		8		
4791	23.9550		8		
4792	23.9600		8		
4793	23.9650		8		
4794	23.9700		8		
4795	23.9750		8		
4796	23.9800		8		
4797	23.9850		8		
4798	23.9900		8		
4799	23.9950		8		
4800	24.0000		8		
4801	24.0050		8		
4802	24.0100		8		
4803	24.0150		8		
4804	24.0200		8		
4805	24.0250		8		
4806	24.0300		8		
4807	24.0350		8		
4808	24.0400		8		
4809	24.0450		8		
4810	24.0500		8		
4811	24.0550		8		
4812	24.0600		8		
4813	24.0650		8		
4814	24.0700		8		
4815	24.0750		8		
4816	24.0800		8		
4817	24.0850		8		
4818	24.0900		8		
4819	24.0950		8		
4820	24.1000		8		
4821	24.1050		8		
4822	24.1100		8		
4823	24.1150		8		
4824	24.1200		8		
4825	24.1250		8		
4826	24.1300		8		
4827	24.1350		8		
4828	24.1400		8		
4829	24.1450		8		
4830	24.1500		8		
4831	24.1550		8		
4832	24.1600		8		
4833	24.1650		8		
4834	24.1700		8		
4835	24.1750		8		
4836	24.1800		8		
4837	24.1850		8		
4838	24.1900		8		
4839	24.1950		8		
4840	24.2000		8		
4841	24.2050		8		
4842	24.2100		8		
4843	24.2150		8		
4844	24.2200		8		
4845	24.2250		8		
4846	24.2300		8		
4847	24.2350		8		
4848	24.2400		8		
4849	24.2450		8		
4850	24.2500		8		
4851	24.2550		8		
4852	24.2600		8		
4853	24.2650		8		
4854	24.2700		8		
4855	24.2750		8		
4856	24.2800		8		
4857	24.2850		8		
4858	24.2900		8		
4859	24.2950		8		
4860	24.3000		8		
4861	24.3050		8		
4862	24.3100		8		
4863	24.3150		8		
4864	24.3200		8		
4865	24.3250		8		
4866	24.3300		8		
4867	24.3350		8		
4868	24.3400		8		
4869	24.3450		8		
4870	24.3500		8		
4871	24.3550		8		
4872	24.3600		8		
4873	24.3650		8		
4874	24.3700		8		
4875	24.3750		8		
4876	24.3800		8		
4877	24.3850		8		
4878	24.3900		8		
4879	24.3950		8		
4880	24.4000		8		
4881	24.4050		8		
4882	24.4100		8		
4883	24.4150		8		
4884	24.4200		8		
4885	24.4250		8		
4886	24.4300		8		
4887	24.4350		8		
4888	24.4400		8		
4889	24.4450		8		
4890	24.4500		8		
4891	24.4550		8		
4892	24.4600		8		
4893	24.4650		8		
4894	24.4700		8		
4895	24.4750		8		
4896	24.4800		8		
4897	24.4850		8		
4898	24.4900		8		
4899	24.4950		8		
4900	24.5000		8		
4901	24.5050		8		
4902	24.5100		8		
4903	24.5150		8		
4904	24.5200		8		
4905	24.5250		8		
4906	24.5300		8		
4907	24.5350		8		
4908	24.5400		8		
4909	24.5450		8		
4910	24.5500		8		
4911	24.5550		8		
4912	24.5600		8		
4913	24.5650		8		
4914	24.5700		8		
4915	24.5750		8		
4916	24.5800		8		
4917	24.5850		8		
4918	24.5900		8		
4919	24.5950		8		
4920	24.6000		8		
4921	24.6050		8		
4922	24.6100		8		
4923	24.6150		8		
4924	24.6200		8		
4925	24.6250		8		
4926	24.6300		8		
4927	24.6350		7		
4928	24.6400		8		
4929	24.6450		7		
4930	24.6500		6		
4931	24.6550		5		
4932	24.6600		4		
4933	24.6650		4		
4934	24.6700		4		
4935	24.6750		3		
4936	24.6800		2		
4937	24.6850		2		
4938	24.6900		1		
4939	24.6950		0		
4940	24.7000		0		
4941	24.7050		-2		
4942	24.7100		-2		
4943	24.7150		-3		
4944	24.7200		-4		
4945	24.7250		-4		
4946	24.7300		-5		
4947	24.7350		-6		
4948	24.7400		-7		
4949	24.7450		-8		
4950	24.7500		-8		
4951	24.7550		-9		
4952	24.7600		-10		
4953	24.7650		-11		
4954	24.7700		-12		
4955	24.7750		-12		
4956	24.7800		-13		
4957	24.7850		-14		
4958	24.7900		-15		
4959	24.7950		-16		
4960	24.8000		-16		
4961	24.8050		-17		
4962	24.8100		-18		
4963	24.8150		-19		
4964	24.8200		-20		
4965	24.8250		-21		
4966	24.8300		-22		
4967	24.8350		-22		
4968	24.8400		-23		
4969	24.8450		-24		
4970	24.8500		-25		
4971	24.8550		-26		
4972	24.8600		-26		
4973	24.8650		-28		
4974	24.8700		-28		
4975	24.8750		-29		
4976	24.8800		-30		
4977	24.8850		-31		
4978	24.8900		-32		
4979	24.8950		-32		
4980	24.9000		-34		
4981	24.9050		-34		
4982	24.9100		-35		
4983	24.9150		-36		
4984	24.9200		-37		
4985	24.9250		-38		
4986	24.9300		-39		
4987	24.9350		-40		
4988	24.9400		-40		
4989	24.9450		-42		
4990	24.9500		-42		
4991	24.9550		-43		
4992	24.9600		-44		
4993	24.9650		-45		
4994	24.9700		-46		
4995	24.9750		-47		
4996	24.9800		-48		
4997	24.9850		-49		
4998	24.9900		-50		
4999	24.9950		-50		
5000	25.0000		-52		
