#	time(s)	count A	count B	count C	count D
1	0.0100		101		
2	0.0200		97		
3	0.0300		93		
4	0.0400		88		
5	0.0500		83		
6	0.0600		77		
7	0.0700		71		
8	0.0800		64		
9	0.0900		57		
10	0.1000		50		
11	0.1100		42		
12	0.1200		35		
13	0.1300		27		
14	0.1400		19		
15	0.1500		11		
16	0.1600		3		
17	0.1700		-5		
18	0.1800		-13		
19	0.1900		-22		
20	0.2000		-30		
21	0.2100		-37		
22	0.2200		-45		
23	0.2300		-52		
24	0.2400		-60		
25	0.2500		-66		
26	0.2600		-73		
27	0.2700		-79		
28	0.2800		-84		
29	0.2900		-89		
30	0.3000		-94		
31	0.3100		-98		
32	0.3200		-102		
33	0.3300		-105		
34	0.3400		-108		
35	0.3500		-110		
36	0.3600		-111		
37	0.3700		-112		
38	0.3800		-112		
39	0.3900		-112		
40	0.4000		-111		
41	0.4100		-109		
42	0.4200		-107		
43	0.4300		-104		
44	0.4400		-101		
45	0.4500		-97		
46	0.4600		-93		
47	0.4700		-88		
48	0.4800		-83		
49	0.4900		-77		
50	0.5000		-71		
51	0.5100		-64		
52	0.5200		-58		
53	0.5300		-50		
54	0.5400		-43		
55	0.5500		-35		
56	0.5600		-28		
57	0.5700		-20		
58	0.5800		-12		
59	0.5900		-4		
60	0.6000		4		
61	0.6100		13		
62	0.6200		21		
63	0.6300		29		
64	0.6400		37		
65	0.6500		44		
66	0.6600		52		
67	0.6700		58		
68	0.6800		65		
69	0.6900		72		
70	0.7000		78		
71	0.7100		84		
72	0.7200		89		
73	0.7300		93		
74	0.7400		98		
75	0.7500		101		
76	0.7600		105		
77	0.7700		107		
78	0.7800		109		
79	0.7900		111		
80	0.8000		112		
81	0.8100		112		
82	0.8200		112		
83	0.8300		111		
84	0.8400		110		
85	0.8500		107		
86	0.8600		105		
87	0.8700		102		
88	0.8800		98		
89	0.8900		94		
90	0.9000		89		
91	0.9100		84		
92	0.9200		78		
93	0.9300		72		
94	0.9400		66		
95	0.9500		59		
96	0.9600		52		
97	0.9700		45		
98	0.9800		37		
99	0.9900		30		
100	1.0000		22		
101	1.0100		14		
102	1.0200		5		
103	1.0300		-3		
104	1.0400		-11		
105	1.0500		-19		
106	1.0600		-27		
107	1.0700		-35		
108	1.0800		-42		
109	1.0900		-49		
110	1.1000		-57		
111	1.1100		-64		
112	1.1200		-70		
113	1.1300		-76		
114	1.1400		-82		
115	1.1500		-87		
116	1.1600		-92		
117	1.1700		-96		
118	1.1800		-100		
119	1.1900		-103		
120	1.2000		-106		
121	1.2100		-108		
122	1.2200		-110		
123	1.2300		-110		
124	1.2400		-111		
125	1.2500		-111		
126	1.2600		-110		
127	1.2700		-109		
128	1.2800		-107		
129	1.2900		-104		
130	1.3000		-101		
131	1.3100		-98		
132	1.3200		-94		
133	1.3300		-89		
134	1.3400		-84		
135	1.3500		-78		
136	1.3600		-72		
137	1.3700		-66		
138	1.3800		-60		
139	1.3900		-53		
140	1.4000		-45		
141	1.4100		-38		
142	1.4200		-30		
143	1.4300		-22		
144	1.4400		-14		
145	1.4500		-6		
146	1.4600		2		
147	1.4700		10		
148	1.4800		18		
149	1.4900		26		
150	1.5000		34		
151	1.5100		41		
152	1.5200		49		
153	1.5300		56		
154	1.5400		63		
155	1.5500		69		
156	1.5600		75		
157	1.5700		81		
158	1.5800		86		
159	1.5900		91		
160	1.6000		96		
161	1.6100		99		
162	1.6200		103		
163	1.6300		106		
164	1.6400		108		
165	1.6500		110		
166	1.6600		111		
167	1.6700		111		
168	1.6800		111		
169	1.6900		110		
170	1.7000		109		
171	1.7100		107		
172	1.7200		105		
173	1.7300		102		
174	1.7400		98		
175	1.7500		94		
176	1.7600		90		
177	1.7700		85		
178	1.7800		80		
179	1.7900		74		
180	1.8000		68		
181	1.8100		61		
182	1.8200		54		
183	1.8300		47		
184	1.8400		40		
185	1.8500		32		
186	1.8600		24		
187	1.8700		16		
188	1.8800		8		
189	1.8900		0		
190	1.9000		-8		
191	1.9100		-16		
192	1.9200		-24		
193	1.9300		-32		
194	1.9400		-39		
195	1.9500		-47		
196	1.9600		-54		
197	1.9700		-61		
198	1.9800		-67		
199	1.9900		-73		
200	2.0000		-79		
201	2.0100		-84		
202	2.0200		-89		
203	2.0300		-94		
204	2.0400		-98		
205	2.0500		-101		
206	2.0600		-104		
207	2.0700		-106		
208	2.0800		-108		
209	2.0900		-109		
210	2.1000		-110		
211	2.1100		-110		
212	2.1200		-109		
213	2.1300		-108		
214	2.1400		-106		
215	2.1500		-104		
216	2.1600		-102		
217	2.1700		-98		
218	2.1800		-94		
219	2.1900		-90		
220	2.2000		-85		
221	2.2100		-80		
222	2.2200		-74		
223	2.2300		-68		
224	2.2400		-61		
225	2.2500		-54		
226	2.2600		-47		
227	2.2700		-40		
228	2.2800		-32		
229	2.2900		-25		
230	2.3000		-17		
231	2.3100		-9		
232	2.3200		-1		
233	2.3300		7		
234	2.3400		15		
235	2.3500		23		
236	2.3600		31		
237	2.3700		38		
238	2.3800		46		
239	2.3900		53		
240	2.4000		60		
241	2.4100		66		
242	2.4200		73		
243	2.4300		78		
244	2.4400		84		
245	2.4500		89		
246	2.4600		93		
247	2.4700		97		
248	2.4800		101		
249	2.4900		104		
250	2.5000		106		
251	2.5100		108		
252	2.5200		109		
253	2.5300		110		
254	2.5400		110		
255	2.5500		110		
256	2.5600		109		
257	2.5700		107		
258	2.5800		105		
259	2.5900		102		
260	2.6000		99		
261	2.6100		95		
262	2.6200		91		
263	2.6300		86		
264	2.6400		81		
265	2.6500		75		
266	2.6600		69		
267	2.6700		63		
268	2.6800		56		
269	2.6900		49		
270	2.7000		42		
271	2.7100		34		
272	2.7200		26		
273	2.7300		19		
274	2.7400		11		
275	2.7500		3		
276	2.7600		-5		
277	2.7700		-13		
278	2.7800		-21		
279	2.7900		-29		
280	2.8000		-36		
281	2.8100		-44		
282	2.8200		-51		
283	2.8300		-58		
284	2.8400		-64		
285	2.8500		-71		
286	2.8600		-76		
287	2.8700		-82		
288	2.8800		-87		
289	2.8900		-92		
290	2.9000		-96		
291	2.9100		-99		
292	2.9200		-102		
293	2.9300		-105		
294	2.9400		-107		
295	2.9500		-108		
296	2.9600		-109		
297	2.9700		-109		
298	2.9800		-109		
299	2.9900		-108		
300	3.0000		-106		
301	3.0100		-104		
302	3.0200		-102		
303	3.0300		-98		
304	3.0400		-95		
305	3.0500		-90		
306	3.0600		-86		
307	3.0700		-81		
308	3.0800		-75		
309	3.0900		-69		
310	3.1000		-63		
311	3.1100		-56		
312	3.1200		-49		
313	3.1300		-42		
314	3.1400		-35		
315	3.1500		-27		
316	3.1600		-19		
317	3.1700		-12		
318	3.1800		-4		
319	3.1900		4		
320	3.2000		12		
321	3.2100		20		
322	3.2200		28		
323	3.2300		36		
324	3.2400		43		
325	3.2500		50		
326	3.2600		57		
327	3.2700		64		
328	3.2800		70		
329	3.2900		76		
330	3.3000		81		
331	3.3100		86		
332	3.3200		91		
333	3.3300		95		
334	3.3400		99		
335	3.3500		102		
336	3.3600		104		
337	3.3700		106		
338	3.3800		108		
339	3.3900		109		
340	3.4000		109		
341	3.4100		109		
342	3.4200		108		
343	3.4300		107		
344	3.4400		105		
345	3.4500		102		
346	3.4600		99		
347	3.4700		96		
348	3.4800		92		
349	3.4900		87		
350	3.5000		82		
351	3.5100		76		
352	3.5200		71		
353	3.5300		64		
354	3.5400		58		
355	3.5500		51		
356	3.5600		44		
357	3.5700		36		
358	3.5800		29		
359	3.5900		21		
360	3.6000		13		
361	3.6100		5		
362	3.6200		-2		
363	3.6300		-10		
364	3.6400		-18		
365	3.6500		-26		
366	3.6600		-34		
367	3.6700		-41		
368	3.6800		-48		
369	3.6900		-55		
370	3.7000		-62		
371	3.7100		-68		
372	3.7200		-74		
373	3.7300		-79		
374	3.7400		-85		
375	3.7500		-89		
376	3.7600		-94		
377	3.7700		-97		
378	3.7800		-100		
379	3.7900		-103		
380	3.8000		-105		
381	3.8100		-107		
382	3.8200		-108		
383	3.8300		-108		
384	3.8400		-108		
385	3.8500		-107		
386	3.8600		-106		
387	3.8700		-104		
388	3.8800		-102		
389	3.8900		-99		
390	3.9000		-95		
391	3.9100		-91		
392	3.9200		-87		
393	3.9300		-82		
394	3.9400		-76		
395	3.9500		-71		
396	3.9600		-64		
397	3.9700		-58		
398	3.9800		-51		
399	3.9900		-44		
400	4.0000		-37		
401	4.0100		-29		
402	4.0200		-22		
403	4.0300		-14		
404	4.0400		-6		
405	4.0500		2		
406	4.0600		10		
407	4.0700		17		
408	4.0800		25		
409	4.0900		33		
410	4.1000		40		
411	4.1100		47		
412	4.1200		54		
413	4.1300		61		
414	4.1400		67		
415	4.1500		73		
416	4.1600		79		
417	4.1700		84		
418	4.1800		89		
419	4.1900		93		
420	4.2000		97		
421	4.2100		100		
422	4.2200		103		
423	4.2300		105		
424	4.2400		107		
425	4.2500		108		
426	4.2600		108		
427	4.2700		108		
428	4.2800		108		
429	4.2900		106		
430	4.3000		105		
431	4.3100		102		
432	4.3200		100		
433	4.3300		96		
434	4.3400		92		
435	4.3500		88		
436	4.3600		83		
437	4.3700		78		
438	4.3800		72		
439	4.3900		66		
440	4.4000		60		
441	4.4100		53		
442	4.4200		46		
443	4.4300		39		
444	4.4400		31		
445	4.4500		24		
446	4.4600		16		
447	4.4700		8		
448	4.4800		0		
449	4.4900		-8		
450	4.5000		-15		
451	4.5100		-23		
452	4.5200		-31		
453	4.5300		-38		
454	4.5400		-45		
455	4.5500		-52		
456	4.5600		-59		
457	4.5700		-65		
458	4.5800		-71		
459	4.5900		-77		
460	4.6000		-82		
461	4.6100		-87		
462	4.6200		-91		
463	4.6300		-95		
464	4.6400		-98		
465	4.6500		-101		
466	4.6600		-104		
467	4.6700		-105		
468	4.6800		-106		
469	4.6900		-107		
470	4.7000		-107		
471	4.7100		-107		
472	4.7200		-106		
473	4.7300		-104		
474	4.7400		-102		
475	4.7500		-99		
476	4.7600		-96		
477	4.7700		-92		
478	4.7800		-88		
479	4.7900		-83		
480	4.8000		-78		
481	4.8100		-72		
482	4.8200		-66		
483	4.8300		-60		
484	4.8400		-53		
485	4.8500		-46		
486	4.8600		-39		
487	4.8700		-32		
488	4.8800		-24		
489	4.8900		-16		
490	4.9000		-9		
491	4.9100		-1		
492	4.9200		7		
493	4.9300		15		
494	4.9400		22		
495	4.9500		30		
496	4.9600		38		
497	4.9700		45		
498	4.9800		52		
499	4.9900		58		
500	5.0000		65		
501	5.0100		71		
502	5.0200		76		
503	5.0300		82		
504	5.0400		86		
505	5.0500		91		
506	5.0600		95		
507	5.0700		98		
508	5.0800		101		
509	5.0900		104		
510	5.1000		105		
511	5.1100		107		
512	5.1200		107		
513	5.1300		108		
514	5.1400		107		
515	5.1500		106		
516	5.1600		104		
517	5.1700		102		
518	5.1800		100		
519	5.1900		96		
520	5.2000		93		
521	5.2100		88		
522	5.2200		84		
523	5.2300		79		
524	5.2400		73		
525	5.2500		68		
526	5.2600		61		
527	5.2700		55		
528	5.2800		48		
529	5.2900		41		
530	5.3000		34		
531	5.3100		26		
532	5.3200		18		
533	5.3300		10		
534	5.3400		3		
535	5.3500		-5		
536	5.3600		-13		
537	5.3700		-20		
538	5.3800		-28		
539	5.3900		-35		
540	5.4000		-42		
541	5.4100		-50		
542	5.4200		-56		
543	5.4300		-63		
544	5.4400		-69		
545	5.4500		-74		
546	5.4600		-80		
547	5.4700		-85		
548	5.4800		-89		
549	5.4900		-93		
550	5.5000		-97		
551	5.5100		-100		
552	5.5200		-102		
553	5.5300		-104		
554	5.5400		-105		
555	5.5500		-106		
556	5.5600		-106		
557	5.5700		-106		
558	5.5800		-105		
559	5.5900		-104		
560	5.6000		-102		
561	5.6100		-99		
562	5.6200		-96		
563	5.6300		-92		
564	5.6400		-88		
565	5.6500		-84		
566	5.6600		-79		
567	5.6700		-73		
568	5.6800		-68		
569	5.6900		-61		
570	5.7000		-55		
571	5.7100		-48		
572	5.7200		-41		
573	5.7300		-34		
574	5.7400		-26		
575	5.7500		-19		
576	5.7600		-11		
577	5.7700		-3		
578	5.7800		4		
579	5.7900		12		
580	5.8000		20		
581	5.8100		27		
582	5.8200		35		
583	5.8300		42		
584	5.8400		49		
585	5.8500		56		
586	5.8600		62		
587	5.8700		68		
588	5.8800		74		
589	5.8900		79		
590	5.9000		84		
591	5.9100		89		
592	5.9200		93		
593	5.9300		96		
594	5.9400		100		
595	5.9500		102		
596	5.9600		104		
597	5.9700		105		
598	5.9800		106		
599	5.9900		107		
600	6.0000		106		
601	6.0100		106		
602	6.0200		104		
603	6.0300		102		
604	6.0400		100		
605	6.0500		97		
606	6.0600		93		
607	6.0700		89		
608	6.0800		85		
609	6.0900		80		
610	6.1000		75		
611	6.1100		69		
612	6.1200		63		
613	6.1300		56		
614	6.1400		50		
615	6.1500		43		
616	6.1600		36		
617	6.1700		28		
618	6.1800		21		
619	6.1900		13		
620	6.2000		5		
621	6.2100		-2		
622	6.2200		-10		
623	6.2300		-18		
624	6.2400		-25		
625	6.2500		-33		
626	6.2600		-40		
627	6.2700		-47		
628	6.2800		-54		
629	6.2900		-60		
630	6.3000		-66		
631	6.3100		-72		
632	6.3200		-78		
633	6.3300		-83		
634	6.3400		-87		
635	6.3500		-91		
636	6.3600		-95		
637	6.3700		-98		
638	6.3800		-100		
639	6.3900		-103		
640	6.4000		-104		
641	6.4100		-105		
642	6.4200		-105		
643	6.4300		-105		
644	6.4400		-105		
645	6.4500		-103		
646	6.4600		-102		
647	6.4700		-99		
648	6.4800		-96		
649	6.4900		-93		
650	6.5000		-89		
651	6.5100		-84		
652	6.5200		-80		
653	6.5300		-74		
654	6.5400		-69		
655	6.5500		-63		
656	6.5600		-57		
657	6.5700		-50		
658	6.5800		-43		
659	6.5900		-36		
660	6.6000		-29		
661	6.6100		-21		
662	6.6200		-14		
663	6.6300		-6		
664	6.6400		2		
665	6.6500		10		
666	6.6600		17		
667	6.6700		24		
668	6.6800		32		
669	6.6900		39		
670	6.7000		46		
671	6.7100		53		
672	6.7200		60		
673	6.7300		66		
674	6.7400		72		
675	6.7500		77		
676	6.7600		82		
677	6.7700		87		
678	6.7800		91		
679	6.7900		94		
680	6.8000		98		
681	6.8100		100		
682	6.8200		102		
683	6.8300		104		
684	6.8400		105		
685	6.8500		106		
686	6.8600		106		
687	6.8700		105		
688	6.8800		104		
689	6.8900		102		
690	6.9000		100		
691	6.9100		97		
692	6.9200		94		
693	6.9300		90		
694	6.9400		86		
695	6.9500		81		
696	6.9600		76		
697	6.9700		70		
698	6.9800		64		
699	6.9900		58		
700	7.0000		52		
701	7.0100		44		
702	7.0200		38		
703	7.0300		30		
704	7.0400		23		
705	7.0500		15		
706	7.0600		8		
707	7.0700		0		
708	7.0800		-8		
709	7.0900		-15		
710	7.1000		-23		
711	7.1100		-30		
712	7.1200		-37		
713	7.1300		-44		
714	7.1400		-51		
715	7.1500		-58		
716	7.1600		-64		
717	7.1700		-70		
718	7.1800		-75		
719	7.1900		-80		
720	7.2000		-85		
721	7.2100		-89		
722	7.2200		-93		
723	7.2300		-96		
724	7.2400		-99		
725	7.2500		-101		
726	7.2600		-103		
727	7.2700		-104		
728	7.2800		-104		
729	7.2900		-105		
730	7.3000		-104		
731	7.3100		-103		
732	7.3200		-101		
733	7.3300		-99		
734	7.3400		-96		
735	7.3500		-93		
736	7.3600		-90		
737	7.3700		-85		
738	7.3800		-81		
739	7.3900		-76		
740	7.4000		-70		
741	7.4100		-64		
742	7.4200		-58		
743	7.4300		-52		
744	7.4400		-45		
745	7.4500		-38		
746	7.4600		-31		
747	7.4700		-23		
748	7.4800		-16		
749	7.4900		-8		
750	7.5000		-1		
751	7.5100		7		
752	7.5200		14		
753	7.5300		22		
754	7.5400		29		
755	7.5500		37		
756	7.5600		44		
757	7.5700		50		
758	7.5800		57		
759	7.5900		63		
760	7.6000		69		
761	7.6100		75		
762	7.6200		80		
763	7.6300		84		
764	7.6400		89		
765	7.6500		93		
766	7.6600		96		
767	7.6700		99		
768	7.6800		101		
769	7.6900		103		
770	7.7000		104		
771	7.7100		105		
772	7.7200		105		
773	7.7300		104		
774	7.7400		103		
775	7.7500		102		
776	7.7600		100		
777	7.7700		97		
778	7.7800		94		
779	7.7900		90		
780	7.8000		86		
781	7.8100		82		
782	7.8200		77		
783	7.8300		72		
784	7.8400		66		
785	7.8500		60		
786	7.8600		53		
787	7.8700		46		
788	7.8800		40		
789	7.8900		32		
790	7.9000		25		
791	7.9100		18		
792	7.9200		10		
793	7.9300		3		
794	7.9400		-5		
795	7.9500		-12		
796	7.9600		-20		
797	7.9700		-27		
798	7.9800		-35		
799	7.9900		-42		
800	8.0000		-48		
801	8.0100		-55		
802	8.0200		-61		
803	8.0300		-67		
804	8.0400		-73		
805	8.0500		-78		
806	8.0600		-83		
807	8.0700		-87		
808	8.0800		-91		
809	8.0900		-94		
810	8.1000		-97		
811	8.1100		-100		
812	8.1200		-102		
813	8.1300		-103		
814	8.1400		-104		
815	8.1500		-104		
816	8.1600		-103		
817	8.1700		-102		
818	8.1800		-101		
819	8.1900		-99		
820	8.2000		-96		
821	8.2100		-94		
822	8.2200		-90		
823	8.2300		-86		
824	8.2400		-82		
825	8.2500		-77		
826	8.2600		-71		
827	8.2700		-66		
828	8.2800		-60		
829	8.2900		-54		
830	8.3000		-47		
831	8.3100		-40		
832	8.3200		-33		
833	8.3300		-26		
834	8.3400		-18		
835	8.3500		-11		
836	8.3600		-3		
837	8.3700		4		
838	8.3800		12		
839	8.3900		19		
840	8.4000		27		
841	8.4100		34		
842	8.4200		41		
843	8.4300		48		
844	8.4400		54		
845	8.4500		61		
846	8.4600		67		
847	8.4700		72		
848	8.4800		78		
849	8.4900		82		
850	8.5000		87		
851	8.5100		91		
852	8.5200		94		
853	8.5300		97		
854	8.5400		100		
855	8.5500		102		
856	8.5600		103		
857	8.5700		104		
858	8.5800		104		
859	8.5900		104		
860	8.6000		103		
861	8.6100		102		
862	8.6200		100		
863	8.6300		97		
864	8.6400		94		
865	8.6500		91		
866	8.6600		87		
867	8.6700		83		
868	8.6800		78		
869	8.6900		73		
870	8.7000		67		
871	8.7100		61		
872	8.7200		55		
873	8.7300		48		
874	8.7400		42		
875	8.7500		35		
876	8.7600		27		
877	8.7700		20		
878	8.7800		13		
879	8.7900		5		
880	8.8000		-2		
881	8.8100		-10		
882	8.8200		-17		
883	8.8300		-25		
884	8.8400		-32		
885	8.8500		-39		
886	8.8600		-46		
887	8.8700		-52		
888	8.8800		-59		
889	8.8900		-65		
890	8.9000		-70		
891	8.9100		-76		
892	8.9200		-81		
893	8.9300		-85		
894	8.9400		-89		
895	8.9500		-92		
896	8.9600		-96		
897	8.9700		-98		
898	8.9800		-100		
899	8.9900		-102		
900	9.0000		-102		
901	9.0100		-103		
902	9.0200		-103		
903	9.0300		-102		
904	9.0400		-101		
905	9.0500		-99		
906	9.0600		-97		
907	9.0700		-94		
908	9.0800		-90		
909	9.0900		-87		
910	9.1000		-82		
911	9.1100		-78		
912	9.1200		-73		
913	9.1300		-67		
914	9.1400		-61		
915	9.1500		-55		
916	9.1600		-49		
917	9.1700		-42		
918	9.1800		-35		
919	9.1900		-28		
920	9.2000		-21		
921	9.2100		-13		
922	9.2200		-6		
923	9.2300		2		
924	9.2400		9		
925	9.2500		17		
926	9.2600		24		
927	9.2700		31		
928	9.2800		38		
929	9.2900		45		
930	9.3000		52		
931	9.3100		58		
932	9.3200		64		
933	9.3300		70		
934	9.3400		75		
935	9.3500		80		
936	9.3600		84		
937	9.3700		89		
938	9.3800		92		
939	9.3900		95		
940	9.4000		98		
941	9.4100		100		
942	9.4200		102		
943	9.4300		103		
944	9.4400		103		
945	9.4500		103		
946	9.4600		102		
947	9.4700		101		
948	9.4800		100		
949	9.4900		97		
950	9.5000		95		
951	9.5100		91		
952	9.5200		88		
953	9.5300		83		
954	9.5400		79		
955	9.5500		74		
956	9.5600		68		
957	9.5700		63		
958	9.5800		57		
959	9.5900		50		
960	9.6000		44		
961	9.6100		37		
962	9.6200		30		
963	9.6300		22		
964	9.6400		15		
965	9.6500		8		
966	9.6600		0		
967	9.6700		-7		
968	9.6800		-15		
969	9.6900		-22		
970	9.7000		-29		
971	9.7100		-36		
972	9.7200		-43		
973	9.7300		-50		
974	9.7400		-56		
975	9.7500		-62		
976	9.7600		-68		
977	9.7700		-73		
978	9.7800		-78		
979	9.7900		-83		
980	9.8000		-87		
981	9.8100		-91		
982	9.8200		-94		
983	9.8300		-96		
984	9.8400		-99		
985	9.8500		-100		
986	9.8600		-101		
987	9.8700		-102		
988	9.8800		-102		
989	9.8900		-101		
990	9.9000		-100		
991	9.9100		-99		
992	9.9200		-97		
993	9.9300		-94		
994	9.9400		-91		
995	9.9500		-87		
996	9.9600		-83		
997	9.9700		-79		
998	9.9800		-74		
999	9.9900		-68		
1000	10.0000		-63		
