#	time(s)	count A	count B	count C	count D
1	0.0050		112		
2	0.0100		112		
3	0.0150		114		
4	0.0200		114		
5	0.0250		115		
6	0.0300		115		
7	0.0350		116		
8	0.0400		116		
9	0.0450		116		
10	0.0500		116		
11	0.0550		116		
12	0.0600		115		
13	0.0650		114		
14	0.0700		114		
15	0.0750		113		
16	0.0800		112		
17	0.0850		110		
18	0.0900		109		
19	0.0950		108		
20	0.1000		106		
21	0.1050		104		
22	0.1100		102		
23	0.1150		100		
24	0.1200		98		
25	0.1250		96		
26	0.1300		93		
27	0.1350		91		
28	0.1400		88		
29	0.1450		85		
30	0.1500		82		
31	0.1550		80		
32	0.1600		76		
33	0.1650		73		
34	0.1700		70		
35	0.1750		66		
36	0.1800		63		
37	0.1850		59		
38	0.1900		56		
39	0.1950		52		
40	0.2000		48		
41	0.2050		44		
42	0.2100		40		
43	0.2150		36		
44	0.2200		32		
45	0.2250		28		
46	0.2300		24		
47	0.2350		20		
48	0.2400		16		
49	0.2450		12		
50	0.2500		8		
51	0.2550		3		
52	0.2600		-1		
53	0.2650		-5		
54	0.2700		-9		
55	0.2750		-13		
56	0.2800		-17		
57	0.2850		-21		
58	0.2900		-26		
59	0.2950		-30		
60	0.3000		-34		
61	0.3050		-38		
62	0.3100		-42		
63	0.3150		-46		
64	0.3200		-49		
65	0.3250		-53		
66	0.3300		-57		
67	0.3350		-61		
68	0.3400		-64		
69	0.3450		-68		
70	0.3500		-71		
71	0.3550		-74		
72	0.3600		-77		
73	0.3650		-80		
74	0.3700		-83		
75	0.3750		-86		
76	0.3800		-89		
77	0.3850		-91		
78	0.3900		-94		
79	0.3950		-96		
80	0.4000		-98		
81	0.4050		-100		
82	0.4100		-102		
83	0.4150		-104		
84	0.4200		-106		
85	0.4250		-107		
86	0.4300		-109		
87	0.4350		-110		
88	0.4400		-111		
89	0.4450		-112		
90	0.4500		-113		
91	0.4550		-114		
92	0.4600		-114		
93	0.4650		-114		
94	0.4700		-115		
95	0.4750		-115		
96	0.4800		-115		
97	0.4850		-114		
98	0.4900		-114		
99	0.4950		-114		
100	0.5000		-113		
101	0.5050		-112		
102	0.5100		-111		
103	0.5150		-110		
104	0.5200		-108		
105	0.5250		-107		
106	0.5300		-105		
107	0.5350		-104		
108	0.5400		-102		
109	0.5450		-100		
110	0.5500		-98		
111	0.5550		-96		
112	0.5600		-93		
113	0.5650		-91		
114	0.5700		-88		
115	0.5750		-85		
116	0.5800		-82		
117	0.5850		-80		
118	0.5900		-76		
119	0.5950		-73		
120	0.6000		-70		
121	0.6050		-66		
122	0.6100		-63		
123	0.6150		-60		
124	0.6200		-56		
125	0.6250		-52		
126	0.6300		-48		
127	0.6350		-45		
128	0.6400		-41		
129	0.6450		-37		
130	0.6500		-33		
131	0.6550		-29		
132	0.6600		-25		
133	0.6650		-21		
134	0.6700		-17		
135	0.6750		-13		
136	0.6800		-8		
137	0.6850		-4		
138	0.6900		0		
139	0.6950		4		
140	0.7000		8		
141	0.7050		12		
142	0.7100		17		
143	0.7150		21		
144	0.7200		25		
145	0.7250		29		
146	0.7300		33		
147	0.7350		37		
148	0.7400		41		
149	0.7450		45		
150	0.7500		48		
151	0.7550		52		
152	0.7600		56		
153	0.7650		59		
154	0.7700		63		
155	0.7750		66		
156	0.7800		70		
157	0.7850		73		
158	0.7900		76		
159	0.7950		79		
160	0.8000		82		
161	0.8050		85		
162	0.8100		88		
163	0.8150		91		
164	0.8200		93		
165	0.8250		96		
166	0.8300		98		
167	0.8350		100		
168	0.8400		102		
169	0.8450		104		
170	0.8500		106		
171	0.8550		107		
172	0.8600		108		
173	0.8650		110		
174	0.8700		111		
175	0.8750		112		
176	0.8800		113		
177	0.8850		114		
178	0.8900		114		
179	0.8950		115		
180	0.9000		115		
181	0.9050		115		
182	0.9100		115		
183	0.9150		115		
184	0.9200		114		
185	0.9250		114		
186	0.9300		113		
187	0.9350		112		
188	0.9400		112		
189	0.9450		110		
190	0.9500		109		
191	0.9550		108		
192	0.9600		106		
193	0.9650		104		
194	0.9700		103		
195	0.9750		101		
196	0.9800		99		
197	0.9850		97		
198	0.9900		94		
199	0.9950		92		
200	1.0000		89		
201	1.0050		86		
202	1.0100		84		
203	1.0150		81		
204	1.0200		78		
205	1.0250		75		
206	1.0300		71		
207	1.0350		68		
208	1.0400		65		
209	1.0450		61		
210	1.0500		58		
211	1.0550		54		
212	1.0600		50		
213	1.0650		46		
214	1.0700		43		
215	1.0750		39		
216	1.0800		35		
217	1.0850		31		
218	1.0900		27		
219	1.0950		23		
220	1.1000		19		
221	1.1050		14		
222	1.1100		10		
223	1.1150		6		
224	1.1200		2		
225	1.1250		-2		
226	1.1300		-6		
227	1.1350		-10		
228	1.1400		-14		
229	1.1450		-19		
230	1.1500		-23		
231	1.1550		-27		
232	1.1600		-31		
233	1.1650		-35		
234	1.1700		-39		
235	1.1750		-42		
236	1.1800		-46		
237	1.1850		-50		
238	1.1900		-54		
239	1.1950		-57		
240	1.2000		-61		
241	1.2050		-65		
242	1.2100		-68		
243	1.2150		-71		
244	1.2200		-74		
245	1.2250		-77		
246	1.2300		-80		
247	1.2350		-83		
248	1.2400		-86		
249	1.2450		-89		
250	1.2500		-91		
251	1.2550		-94		
252	1.2600		-96		
253	1.2650		-98		
254	1.2700		-100		
255	1.2750		-102		
256	1.2800		-104		
257	1.2850		-105		
258	1.2900		-107		
259	1.2950		-108		
260	1.3000		-109		
261	1.3050		-110		
262	1.3100		-112		
263	1.3150		-112		
264	1.3200		-113		
265	1.3250		-113		
266	1.3300		-114		
267	1.3350		-114		
268	1.3400		-114		
269	1.3450		-114		
270	1.3500		-113		
271	1.3550		-113		
272	1.3600		-112		
273	1.3650		-112		
274	1.3700		-111		
275	1.3750		-110		
276	1.3800		-108		
277	1.3850		-107		
278	1.3900		-106		
279	1.3950		-104		
280	1.4000		-102		
281	1.4050		-100		
282	1.4100		-98		
283	1.4150		-96		
284	1.4200		-94		
285	1.4250		-92		
286	1.4300		-89		
287	1.4350		-86		
288	1.4400		-84		
289	1.4450		-81		
290	1.4500		-78		
291	1.4550		-75		
292	1.4600		-72		
293	1.4650		-68		
294	1.4700		-65		
295	1.4750		-62		
296	1.4800		-58		
297	1.4850		-54		
298	1.4900		-51		
299	1.4950		-47		
300	1.5000		-43		
301	1.5050		-39		
302	1.5100		-35		
303	1.5150		-31		
304	1.5200		-27		
305	1.5250		-23		
306	1.5300		-19		
307	1.5350		-15		
308	1.5400		-11		
309	1.5450		-7		
310	1.5500		-3		
311	1.5550		1		
312	1.5600		5		
313	1.5650		10		
314	1.5700		14		
315	1.5750		18		
316	1.5800		22		
317	1.5850		26		
318	1.5900		30		
319	1.5950		34		
320	1.6000		38		
321	1.6050		42		
322	1.6100		46		
323	1.6150		50		
324	1.6200		53		
325	1.6250		57		
326	1.6300		60		
327	1.6350		64		
328	1.6400		67		
329	1.6450		70		
330	1.6500		74		
331	1.6550		77		
332	1.6600		80		
333	1.6650		83		
334	1.6700		85		
335	1.6750		88		
336	1.6800		91		
337	1.6850		93		
338	1.6900		95		
339	1.6950		98		
340	1.7000		100		
341	1.7050		102		
342	1.7100		104		
343	1.7150		105		
344	1.7200		107		
345	1.7250		108		
346	1.7300		109		
347	1.7350		110		
348	1.7400		112		
349	1.7450		112		
350	1.7500		113		
351	1.7550		114		
352	1.7600		114		
353	1.7650		114		
354	1.7700		114		
355	1.7750		114		
356	1.7800		114		
357	1.7850		113		
358	1.7900		113		
359	1.7950		112		
360	1.8000		111		
361	1.8050		110		
362	1.8100		109		
363	1.8150		108		
364	1.8200		106		
365	1.8250		105		
366	1.8300		103		
367	1.8350		101		
368	1.8400		99		
369	1.8450		97		
370	1.8500		95		
371	1.8550		93		
372	1.8600		90		
373	1.8650		88		
374	1.8700		85		
375	1.8750		82		
376	1.8800		79		
377	1.8850		76		
378	1.8900		73		
379	1.8950		70		
380	1.9000		67		
381	1.9050		63		
382	1.9100		59		
383	1.9150		56		
384	1.9200		52		
385	1.9250		49		
386	1.9300		45		
387	1.9350		41		
388	1.9400		37		
389	1.9450		33		
390	1.9500		29		
391	1.9550		25		
392	1.9600		21		
393	1.9650		17		
394	1.9700		13		
395	1.9750		9		
396	1.9800		5		
397	1.9850		1		
398	1.9900		-3		
399	1.9950		-7		
400	2.0000		-11		
401	2.0050		-16		
402	2.0100		-20		
403	2.0150		-24		
404	2.0200		-28		
405	2.0250		-32		
406	2.0300		-36		
407	2.0350		-40		
408	2.0400		-43		
409	2.0450		-47		
410	2.0500		-51		
411	2.0550		-54		
412	2.0600		-58		
413	2.0650		-62		
414	2.0700		-65		
415	2.0750		-68		
416	2.0800		-72		
417	2.0850		-75		
418	2.0900		-78		
419	2.0950		-80		
420	2.1000		-83		
421	2.1050		-86		
422	2.1100		-89		
423	2.1150		-91		
424	2.1200		-94		
425	2.1250		-96		
426	2.1300		-98		
427	2.1350		-100		
428	2.1400		-102		
429	2.1450		-104		
430	2.1500		-105		
431	2.1550		-106		
432	2.1600		-108		
433	2.1650		-109		
434	2.1700		-110		
435	2.1750		-111		
436	2.1800		-112		
437	2.1850		-112		
438	2.1900		-112		
439	2.1950		-113		
440	2.2000		-113		
441	2.2050		-113		
442	2.2100		-113		
443	2.2150		-112		
444	2.2200		-112		
445	2.2250		-111		
446	2.2300		-110		
447	2.2350		-110		
448	2.2400		-108		
449	2.2450		-107		
450	2.2500		-106		
451	2.2550		-104		
452	2.2600		-103		
453	2.2650		-101		
454	2.2700		-99		
455	2.2750		-97		
456	2.2800		-95		
457	2.2850		-93		
458	2.2900		-90		
459	2.2950		-88		
460	2.3000		-85		
461	2.3050		-82		
462	2.3100		-79		
463	2.3150		-76		
464	2.3200		-73		
465	2.3250		-70		
466	2.3300		-67		
467	2.3350		-63		
468	2.3400		-60		
469	2.3450		-56		
470	2.3500		-53		
471	2.3550		-49		
472	2.3600		-45		
473	2.3650		-42		
474	2.3700		-38		
475	2.3750		-34		
476	2.3800		-30		
477	2.3850		-26		
478	2.3900		-22		
479	2.3950		-18		
480	2.4000		-14		
481	2.4050		-10		
482	2.4100		-6		
483	2.4150		-1		
484	2.4200		3		
485	2.4250		7		
486	2.4300		11		
487	2.4350		15		
488	2.4400		19		
489	2.4450		23		
490	2.4500		27		
491	2.4550		31		
492	2.4600		35		
493	2.4650		39		
494	2.4700		43		
495	2.4750		46		
496	2.4800		50		
497	2.4850		54		
498	2.4900		57		
499	2.4950		61		
500	2.5000		64		
501	2.5050		68		
502	2.5100		71		
503	2.5150		74		
504	2.5200		77		
505	2.5250		80		
506	2.5300		83		
507	2.5350		86		
508	2.5400		88		
509	2.5450		91		
510	2.5500		93		
511	2.5550		95		
512	2.5600		97		
513	2.5650		100		
514	2.5700		101		
515	2.5750		103		
516	2.5800		105		
517	2.5850		106		
518	2.5900		108		
519	2.5950		109		
520	2.6000		110		
521	2.6050		111		
522	2.6100		112		
523	2.6150		112		
524	2.6200		113		
525	2.6250		113		
526	2.6300		113		
527	2.6350		113		
528	2.6400		113		
529	2.6450		113		
530	2.6500		112		
531	2.6550		112		
532	2.6600		111		
533	2.6650		110		
534	2.6700		109		
535	2.6750		108		
536	2.6800		106		
537	2.6850		105		
538	2.6900		104		
539	2.6950		102		
540	2.7000		100		
541	2.7050		98		
542	2.7100		96		
543	2.7150		94		
544	2.7200		91		
545	2.7250		89		
546	2.7300		86		
547	2.7350		83		
548	2.7400		80		
549	2.7450		78		
550	2.7500		75		
551	2.7550		72		
552	2.7600		68		
553	2.7650		65		
554	2.7700		62		
555	2.7750		58		
556	2.7800		54		
557	2.7850		51		
558	2.7900		47		
559	2.7950		44		
560	2.8000		40		
561	2.8050		36		
562	2.8100		32		
563	2.8150		28		
564	2.8200		24		
565	2.8250		20		
566	2.8300		16		
567	2.8350		12		
568	2.8400		8		
569	2.8450		4		
570	2.8500		-1		
571	2.8550		-5		
572	2.8600		-9		
573	2.8650		-13		
574	2.8700		-17		
575	2.8750		-21		
576	2.8800		-25		
577	2.8850		-29		
578	2.8900		-33		
579	2.8950		-36		
580	2.9000		-40		
581	2.9050		-44		
582	2.9100		-48		
583	2.9150		-52		
584	2.9200		-55		
585	2.9250		-59		
586	2.9300		-62		
587	2.9350		-66		
588	2.9400		-69		
589	2.9450		-72		
590	2.9500		-75		
591	2.9550		-78		
592	2.9600		-81		
593	2.9650		-84		
594	2.9700		-86		
595	2.9750		-89		
596	2.9800		-91		
597	2.9850		-94		
598	2.9900		-96		
599	2.9950		-98		
600	3.0000		-100		
601	3.0050		-102		
602	3.0100		-103		
603	3.0150		-105		
604	3.0200		-106		
605	3.0250		-107		
606	3.0300		-108		
607	3.0350		-109		
608	3.0400		-110		
609	3.0450		-111		
610	3.0500		-111		
611	3.0550		-112		
612	3.0600		-112		
613	3.0650		-112		
614	3.0700		-112		
615	3.0750		-112		
616	3.0800		-111		
617	3.0850		-111		
618	3.0900		-110		
619	3.0950		-109		
620	3.1000		-108		
621	3.1050		-107		
622	3.1100		-106		
623	3.1150		-104		
624	3.1200		-103		
625	3.1250		-101		
626	3.1300		-99		
627	3.1350		-98		
628	3.1400		-95		
629	3.1450		-93		
630	3.1500		-91		
631	3.1550		-88		
632	3.1600		-86		
633	3.1650		-83		
634	3.1700		-80		
635	3.1750		-78		
636	3.1800		-75		
637	3.1850		-72		
638	3.1900		-68		
639	3.1950		-65		
640	3.2000		-62		
641	3.2050		-58		
642	3.2100		-55		
643	3.2150		-51		
644	3.2200		-47		
645	3.2250		-44		
646	3.2300		-40		
647	3.2350		-36		
648	3.2400		-32		
649	3.2450		-28		
650	3.2500		-24		
651	3.2550		-20		
652	3.2600		-17		
653	3.2650		-12		
654	3.2700		-8		
655	3.2750		-4		
656	3.2800		0		
657	3.2850		4		
658	3.2900		8		
659	3.2950		12		
660	3.3000		16		
661	3.3050		20		
662	3.3100		24		
663	3.3150		28		
664	3.3200		32		
665	3.3250		36		
666	3.3300		40		
667	3.3350		44		
668	3.3400		47		
669	3.3450		51		
670	3.3500		54		
671	3.3550		58		
672	3.3600		61		
673	3.3650		65		
674	3.3700		68		
675	3.3750		71		
676	3.3800		74		
677	3.3850		77		
678	3.3900		80		
679	3.3950		83		
680	3.4000		86		
681	3.4050		88		
682	3.4100		91		
683	3.4150		93		
684	3.4200		95		
685	3.4250		97		
686	3.4300		99		
687	3.4350		101		
688	3.4400		103		
689	3.4450		104		
690	3.4500		106		
691	3.4550		107		
692	3.4600		108		
693	3.4650		109		
694	3.4700		110		
695	3.4750		111		
696	3.4800		111		
697	3.4850		112		
698	3.4900		112		
699	3.4950		112		
700	3.5000		112		
701	3.5050		112		
702	3.5100		112		
703	3.5150		111		
704	3.5200		110		
705	3.5250		110		
706	3.5300		109		
707	3.5350		108		
708	3.5400		106		
709	3.5450		105		
710	3.5500		104		
711	3.5550		102		
712	3.5600		100		
713	3.5650		98		
714	3.5700		96		
715	3.5750		94		
716	3.5800		92		
717	3.5850		90		
718	3.5900		87		
719	3.5950		85		
720	3.6000		82		
721	3.6050		79		
722	3.6100		76		
723	3.6150		73		
724	3.6200		70		
725	3.6250		67		
726	3.6300		63		
727	3.6350		60		
728	3.6400		56		
729	3.6450		53		
730	3.6500		49		
731	3.6550		46		
732	3.6600		42		
733	3.6650		38		
734	3.6700		34		
735	3.6750		30		
736	3.6800		26		
737	3.6850		22		
738	3.6900		18		
739	3.6950		14		
740	3.7000		10		
741	3.7050		6		
742	3.7100		2		
743	3.7150		-2		
744	3.7200		-6		
745	3.7250		-10		
746	3.7300		-14		
747	3.7350		-18		
748	3.7400		-22		
749	3.7450		-26		
750	3.7500		-30		
751	3.7550		-34		
752	3.7600		-38		
753	3.7650		-41		
754	3.7700		-45		
755	3.7750		-49		
756	3.7800		-52		
757	3.7850		-56		
758	3.7900		-59		
759	3.7950		-63		
760	3.8000		-66		
761	3.8050		-69		
762	3.8100		-72		
763	3.8150		-75		
764	3.8200		-78		
765	3.8250		-81		
766	3.8300		-84		
767	3.8350		-86		
768	3.8400		-89		
769	3.8450		-91		
770	3.8500		-93		
771	3.8550		-96		
772	3.8600		-98		
773	3.8650		-99		
774	3.8700		-101		
775	3.8750		-103		
776	3.8800		-104		
777	3.8850		-105		
778	3.8900		-107		
779	3.8950		-108		
780	3.9000		-108		
781	3.9050		-109		
782	3.9100		-110		
783	3.9150		-110		
784	3.9200		-111		
785	3.9250		-111		
786	3.9300		-111		
787	3.9350		-111		
788	3.9400		-110		
789	3.9450		-110		
790	3.9500		-110		
791	3.9550		-109		
792	3.9600		-108		
793	3.9650		-107		
794	3.9700		-106		
795	3.9750		-104		
796	3.9800		-103		
797	3.9850		-102		
798	3.9900		-100		
799	3.9950		-98		
800	4.0000		-96		
801	4.0050		-94		
802	4.0100		-92		
803	4.0150		-89		
804	4.0200		-87		
805	4.0250		-84		
806	4.0300		-82		
807	4.0350		-79		
808	4.0400		-76		
809	4.0450		-73		
810	4.0500		-70		
811	4.0550		-67		
812	4.0600		-64		
813	4.0650		-60		
814	4.0700		-57		
815	4.0750		-53		
816	4.0800		-50		
817	4.0850		-46		
818	4.0900		-42		
819	4.0950		-39		
820	4.1000		-35		
821	4.1050		-31		
822	4.1100		-27		
823	4.1150		-23		
824	4.1200		-19		
825	4.1250		-15		
826	4.1300		-11		
827	4.1350		-7		
828	4.1400		-3		
829	4.1450		1		
830	4.1500		5		
831	4.1550		9		
832	4.1600		13		
833	4.1650		17		
834	4.1700		21		
835	4.1750		25		
836	4.1800		29		
837	4.1850		33		
838	4.1900		37		
839	4.1950		41		
840	4.2000		44		
841	4.2050		48		
842	4.2100		52		
843	4.2150		55		
844	4.2200		59		
845	4.2250		62		
846	4.2300		65		
847	4.2350		69		
848	4.2400		72		
849	4.2450		75		
850	4.2500		78		
851	4.2550		80		
852	4.2600		83		
853	4.2650		86		
854	4.2700		88		
855	4.2750		91		
856	4.2800		93		
857	4.2850		95		
858	4.2900		97		
859	4.2950		99		
860	4.3000		101		
861	4.3050		103		
862	4.3100		104		
863	4.3150		106		
864	4.3200		107		
865	4.3250		108		
866	4.3300		109		
867	4.3350		110		
868	4.3400		110		
869	4.3450		111		
870	4.3500		111		
871	4.3550		111		
872	4.3600		111		
873	4.3650		111		
874	4.3700		111		
875	4.3750		110		
876	4.3800		110		
877	4.3850		109		
878	4.3900		109		
879	4.3950		108		
880	4.4000		107		
881	4.4050		105		
882	4.4100		104		
883	4.4150		102		
884	4.4200		101		
885	4.4250		99		
886	4.4300		97		
887	4.4350		95		
888	4.4400		93		
889	4.4450		90		
890	4.4500		88		
891	4.4550		86		
892	4.4600		83		
893	4.4650		80		
894	4.4700		77		
895	4.4750		74		
896	4.4800		72		
897	4.4850		68		
898	4.4900		65		
899	4.4950		62		
900	4.5000		58		
901	4.5050		55		
902	4.5100		51		
903	4.5150		48		
904	4.5200		44		
905	4.5250		40		
906	4.5300		36		
907	4.5350		33		
908	4.5400		29		
909	4.5450		25		
910	4.5500		21		
911	4.5550		17		
912	4.5600		13		
913	4.5650		9		
914	4.5700		5		
915	4.5750		1		
916	4.5800		-3		
917	4.5850		-7		
918	4.5900		-11		
919	4.5950		-15		
920	4.6000		-19		
921	4.6050		-23		
922	4.6100		-27		
923	4.6150		-31		
924	4.6200		-35		
925	4.6250		-38		
926	4.6300		-42		
927	4.6350		-46		
928	4.6400		-49		
929	4.6450		-53		
930	4.6500		-56		
931	4.6550		-60		
932	4.6600		-63		
933	4.6650		-66		
934	4.6700		-70		
935	4.6750		-73		
936	4.6800		-76		
937	4.6850		-78		
938	4.6900		-81		
939	4.6950		-84		
940	4.7000		-86		
941	4.7050		-89		
942	4.7100		-91		
943	4.7150		-93		
944	4.7200		-96		
945	4.7250		-97		
946	4.7300		-99		
947	4.7350		-101		
948	4.7400		-102		
949	4.7450		-104		
950	4.7500		-105		
951	4.7550		-106		
952	4.7600		-107		
953	4.7650		-108		
954	4.7700		-109		
955	4.7750		-109		
956	4.7800		-110		
957	4.7850		-110		
958	4.7900		-110		
959	4.7950		-110		
960	4.8000		-110		
961	4.8050		-110		
962	4.8100		-109		
963	4.8150		-108		
964	4.8200		-108		
965	4.8250		-107		
966	4.8300		-106		
967	4.8350		-105		
968	4.8400		-103		
969	4.8450		-102		
970	4.8500		-100		
971	4.8550		-98		
972	4.8600		-97		
973	4.8650		-95		
974	4.8700		-93		
975	4.8750		-90		
976	4.8800		-88		
977	4.8850		-86		
978	4.8900		-83		
979	4.8950		-80		
980	4.9000		-78		
981	4.9050		-74		
982	4.9100		-71		
983	4.9150		-68		
984	4.9200		-65		
985	4.9250		-62		
986	4.9300		-58		
987	4.9350		-55		
988	4.9400		-52		
989	4.9450		-48		
990	4.9500		-44		
991	4.9550		-41		
992	4.9600		-37		
993	4.9650		-33		
994	4.9700		-29		
995	4.9750		-26		
996	4.9800		-22		
997	4.9850		-18		
998	4.9900		-14		
999	4.9950		-10		
1000	5.0000		-6		
1001	5.0050		-1		
1002	5.0100		3		
1003	5.0150		6		
1004	5.0200		10		
1005	5.0250		14		
1006	5.0300		18		
1007	5.0350		22		
1008	5.0400		26		
1009	5.0450		30		
1010	5.0500		34		
1011	5.0550		38		
1012	5.0600		42		
1013	5.0650		45		
1014	5.0700		49		
1015	5.0750		52		
1016	5.0800		56		
1017	5.0850		59		
1018	5.0900		62		
1019	5.0950		66		
1020	5.1000		69		
1021	5.1050		72		
1022	5.1100		75		
1023	5.1150		78		
1024	5.1200		81		
1025	5.1250		83		
1026	5.1300		86		
1027	5.1350		88		
1028	5.1400		91		
1029	5.1450		93		
1030	5.1500		95		
1031	5.1550		97		
1032	5.1600		99		
1033	5.1650		101		
1034	5.1700		102		
1035	5.1750		104		
1036	5.1800		105		
1037	5.1850		106		
1038	5.1900		107		
1039	5.1950		108		
1040	5.2000		109		
1041	5.2050		109		
1042	5.2100		110		
1043	5.2150		110		
1044	5.2200		110		
1045	5.2250		110		
1046	5.2300		110		
1047	5.2350		110		
1048	5.2400		110		
1049	5.2450		109		
1050	5.2500		108		
1051	5.2550		108		
1052	5.2600		106		
1053	5.2650		105		
1054	5.2700		104		
1055	5.2750		103		
1056	5.2800		101		
1057	5.2850		100		
1058	5.2900		98		
1059	5.2950		96		
1060	5.3000		94		
1061	5.3050		91		
1062	5.3100		89		
1063	5.3150		87		
1064	5.3200		84		
1065	5.3250		82		
1066	5.3300		79		
1067	5.3350		76		
1068	5.3400		73		
1069	5.3450		70		
1070	5.3500		67		
1071	5.3550		64		
1072	5.3600		60		
1073	5.3650		57		
1074	5.3700		54		
1075	5.3750		50		
1076	5.3800		46		
1077	5.3850		43		
1078	5.3900		39		
1079	5.3950		35		
1080	5.4000		32		
1081	5.4050		27		
1082	5.4100		24		
1083	5.4150		20		
1084	5.4200		16		
1085	5.4250		12		
1086	5.4300		8		
1087	5.4350		4		
1088	5.4400		0		
1089	5.4450		-4		
1090	5.4500		-8		
1091	5.4550		-12		
1092	5.4600		-16		
1093	5.4650		-20		
1094	5.4700		-24		
1095	5.4750		-28		
1096	5.4800		-32		
1097	5.4850		-35		
1098	5.4900		-39		
1099	5.4950		-43		
1100	5.5000		-46		
1101	5.5050		-50		
1102	5.5100		-54		
1103	5.5150		-57		
1104	5.5200		-61		
1105	5.5250		-64		
1106	5.5300		-67		
1107	5.5350		-70		
1108	5.5400		-73		
1109	5.5450		-76		
1110	5.5500		-79		
1111	5.5550		-81		
1112	5.5600		-84		
1113	5.5650		-86		
1114	5.5700		-89		
1115	5.5750		-91		
1116	5.5800		-93		
1117	5.5850		-95		
1118	5.5900		-97		
1119	5.5950		-99		
1120	5.6000		-100		
1121	5.6050		-102		
1122	5.6100		-104		
1123	5.6150		-105		
1124	5.6200		-106		
1125	5.6250		-107		
1126	5.6300		-107		
1127	5.6350		-108		
1128	5.6400		-108		
1129	5.6450		-109		
1130	5.6500		-109		
1131	5.6550		-109		
1132	5.6600		-109		
1133	5.6650		-109		
1134	5.6700		-108		
1135	5.6750		-108		
1136	5.6800		-107		
1137	5.6850		-107		
1138	5.6900		-106		
1139	5.6950		-105		
1140	5.7000		-103		
1141	5.7050		-102		
1142	5.7100		-100		
1143	5.7150		-99		
1144	5.7200		-97		
1145	5.7250		-95		
1146	5.7300		-93		
1147	5.7350		-91		
1148	5.7400		-89		
1149	5.7450		-86		
1150	5.7500		-84		
1151	5.7550		-81		
1152	5.7600		-79		
1153	5.7650		-76		
1154	5.7700		-73		
1155	5.7750		-70		
1156	5.7800		-67		
1157	5.7850		-64		
1158	5.7900		-60		
1159	5.7950		-57		
1160	5.8000		-54		
1161	5.8050		-50		
1162	5.8100		-46		
1163	5.8150		-43		
1164	5.8200		-39		
1165	5.8250		-35		
1166	5.8300		-32		
1167	5.8350		-28		
1168	5.8400		-24		
1169	5.8450		-20		
1170	5.8500		-16		
1171	5.8550		-12		
1172	5.8600		-8		
1173	5.8650		-4		
1174	5.8700		0		
1175	5.8750		4		
1176	5.8800		8		
1177	5.8850		11		
1178	5.8900		15		
1179	5.8950		19		
1180	5.9000		23		
1181	5.9050		27		
1182	5.9100		31		
1183	5.9150		35		
1184	5.9200		39		
1185	5.9250		42		
1186	5.9300		46		
1187	5.9350		50		
1188	5.9400		53		
1189	5.9450		56		
1190	5.9500		60		
1191	5.9550		63		
1192	5.9600		66		
1193	5.9650		69		
1194	5.9700		72		
1195	5.9750		75		
1196	5.9800		78		
1197	5.9850		81		
1198	5.9900		84		
1199	5.9950		86		
1200	6.0000		88		
1201	6.0050		91		
1202	6.0100		93		
1203	6.0150		95		
1204	6.0200		97		
1205	6.0250		99		
1206	6.0300		100		
1207	6.0350		102		
1208	6.0400		103		
1209	6.0450		104		
1210	6.0500		106		
1211	6.0550		107		
1212	6.0600		108		
1213	6.0650		108		
1214	6.0700		109		
1215	6.0750		109		
1216	6.0800		110		
1217	6.0850		110		
1218	6.0900		110		
1219	6.0950		109		
1220	6.1000		109		
1221	6.1050		109		
1222	6.1100		108		
1223	6.1150		107		
1224	6.1200		106		
1225	6.1250		105		
1226	6.1300		104		
1227	6.1350		103		
1228	6.1400		102		
1229	6.1450		100		
1230	6.1500		98		
1231	6.1550		96		
1232	6.1600		94		
1233	6.1650		92		
1234	6.1700		90		
1235	6.1750		88		
1236	6.1800		85		
1237	6.1850		83		
1238	6.1900		80		
1239	6.1950		78		
1240	6.2000		75		
1241	6.2050		71		
1242	6.2100		68		
1243	6.2150		65		
1244	6.2200		62		
1245	6.2250		59		
1246	6.2300		55		
1247	6.2350		52		
1248	6.2400		48		
1249	6.2450		45		
1250	6.2500		41		
1251	6.2550		38		
1252	6.2600		34		
1253	6.2650		30		
1254	6.2700		26		
1255	6.2750		22		
1256	6.2800		18		
1257	6.2850		14		
1258	6.2900		10		
1259	6.2950		6		
1260	6.3000		3		
1261	6.3050		-2		
1262	6.3100		-6		
1263	6.3150		-9		
1264	6.3200		-13		
1265	6.3250		-17		
1266	6.3300		-21		
1267	6.3350		-25		
1268	6.3400		-29		
1269	6.3450		-33		
1270	6.3500		-36		
1271	6.3550		-40		
1272	6.3600		-44		
1273	6.3650		-47		
1274	6.3700		-51		
1275	6.3750		-54		
1276	6.3800		-58		
1277	6.3850		-61		
1278	6.3900		-64		
1279	6.3950		-67		
1280	6.4000		-70		
1281	6.4050		-73		
1282	6.4100		-76		
1283	6.4150		-79		
1284	6.4200		-82		
1285	6.4250		-84		
1286	6.4300		-86		
1287	6.4350		-89		
1288	6.4400		-91		
1289	6.4450		-93		
1290	6.4500		-95		
1291	6.4550		-97		
1292	6.4600		-98		
1293	6.4650		-100		
1294	6.4700		-102		
1295	6.4750		-103		
1296	6.4800		-104		
1297	6.4850		-105		
1298	6.4900		-106		
1299	6.4950		-107		
1300	6.5000		-107		
1301	6.5050		-108		
1302	6.5100		-108		
1303	6.5150		-108		
1304	6.5200		-108		
1305	6.5250		-108		
1306	6.5300		-108		
1307	6.5350		-108		
1308	6.5400		-107		
1309	6.5450		-106		
1310	6.5500		-105		
1311	6.5550		-104		
1312	6.5600		-103		
1313	6.5650		-102		
1314	6.5700		-101		
1315	6.5750		-99		
1316	6.5800		-98		
1317	6.5850		-96		
1318	6.5900		-94		
1319	6.5950		-92		
1320	6.6000		-90		
1321	6.6050		-87		
1322	6.6100		-85		
1323	6.6150		-82		
1324	6.6200		-80		
1325	6.6250		-77		
1326	6.6300		-74		
1327	6.6350		-71		
1328	6.6400		-68		
1329	6.6450		-65		
1330	6.6500		-62		
1331	6.6550		-59		
1332	6.6600		-56		
1333	6.6650		-52		
1334	6.6700		-49		
1335	6.6750		-45		
1336	6.6800		-42		
1337	6.6850		-38		
1338	6.6900		-34		
1339	6.6950		-30		
1340	6.7000		-27		
1341	6.7050		-22		
1342	6.7100		-19		
1343	6.7150		-15		
1344	6.7200		-11		
1345	6.7250		-7		
1346	6.7300		-3		
1347	6.7350		1		
1348	6.7400		5		
1349	6.7450		9		
1350	6.7500		13		
1351	6.7550		17		
1352	6.7600		20		
1353	6.7650		24		
1354	6.7700		28		
1355	6.7750		32		
1356	6.7800		36		
1357	6.7850		39		
1358	6.7900		43		
1359	6.7950		47		
1360	6.8000		50		
1361	6.8050		54		
1362	6.8100		57		
1363	6.8150		60		
1364	6.8200		64		
1365	6.8250		67		
1366	6.8300		70		
1367	6.8350		73		
1368	6.8400		76		
1369	6.8450		78		
1370	6.8500		81		
1371	6.8550		84		
1372	6.8600		86		
1373	6.8650		88		
1374	6.8700		91		
1375	6.8750		93		
1376	6.8800		95		
1377	6.8850		97		
1378	6.8900		98		
1379	6.8950		100		
1380	6.9000		102		
1381	6.9050		103		
1382	6.9100		104		
1383	6.9150		105		
1384	6.9200		106		
1385	6.9250		107		
1386	6.9300		108		
1387	6.9350		108		
1388	6.9400		108		
1389	6.9450		109		
1390	6.9500		109		
1391	6.9550		109		
1392	6.9600		108		
1393	6.9650		108		
1394	6.9700		108		
1395	6.9750		107		
1396	6.9800		106		
1397	6.9850		105		
1398	6.9900		104		
1399	6.9950		103		
1400	7.0000		102		
1401	7.0050		100		
1402	7.0100		98		
1403	7.0150		97		
1404	7.0200		95		
1405	7.0250		93		
1406	7.0300		91		
1407	7.0350		88		
1408	7.0400		86		
1409	7.0450		84		
1410	7.0500		81		
1411	7.0550		78		
1412	7.0600		76		
1413	7.0650		73		
1414	7.0700		70		
1415	7.0750		67		
1416	7.0800		64		
1417	7.0850		61		
1418	7.0900		57		
1419	7.0950		54		
1420	7.1000		50		
1421	7.1050		47		
1422	7.1100		43		
1423	7.1150		40		
1424	7.1200		36		
1425	7.1250		32		
1426	7.1300		28		
1427	7.1350		24		
1428	7.1400		21		
1429	7.1450		17		
1430	7.1500		13		
1431	7.1550		9		
1432	7.1600		5		
1433	7.1650		1		
1434	7.1700		-3		
1435	7.1750		-6		
1436	7.1800		-10		
1437	7.1850		-14		
1438	7.1900		-18		
1439	7.1950		-22		
1440	7.2000		-26		
1441	7.2050		-30		
1442	7.2100		-34		
1443	7.2150		-37		
1444	7.2200		-41		
1445	7.2250		-44		
1446	7.2300		-48		
1447	7.2350		-52		
1448	7.2400		-55		
1449	7.2450		-58		
1450	7.2500		-62		
1451	7.2550		-65		
1452	7.2600		-68		
1453	7.2650		-71		
1454	7.2700		-74		
1455	7.2750		-76		
1456	7.2800		-79		
1457	7.2850		-82		
1458	7.2900		-84		
1459	7.2950		-86		
1460	7.3000		-89		
1461	7.3050		-91		
1462	7.3100		-93		
1463	7.3150		-95		
1464	7.3200		-97		
1465	7.3250		-98		
1466	7.3300		-100		
1467	7.3350		-101		
1468	7.3400		-102		
1469	7.3450		-104		
1470	7.3500		-105		
1471	7.3550		-105		
1472	7.3600		-106		
1473	7.3650		-107		
1474	7.3700		-107		
1475	7.3750		-107		
1476	7.3800		-108		
1477	7.3850		-108		
1478	7.3900		-107		
1479	7.3950		-107		
1480	7.4000		-106		
1481	7.4050		-106		
1482	7.4100		-105		
1483	7.4150		-104		
1484	7.4200		-103		
1485	7.4250		-102		
1486	7.4300		-101		
1487	7.4350		-100		
1488	7.4400		-98		
1489	7.4450		-96		
1490	7.4500		-94		
1491	7.4550		-92		
1492	7.4600		-90		
1493	7.4650		-88		
1494	7.4700		-86		
1495	7.4750		-84		
1496	7.4800		-81		
1497	7.4850		-78		
1498	7.4900		-76		
1499	7.4950		-73		
1500	7.5000		-70		
1501	7.5050		-67		
1502	7.5100		-64		
1503	7.5150		-61		
1504	7.5200		-57		
1505	7.5250		-54		
1506	7.5300		-50		
1507	7.5350		-47		
1508	7.5400		-44		
1509	7.5450		-40		
1510	7.5500		-36		
1511	7.5550		-33		
1512	7.5600		-29		
1513	7.5650		-25		
1514	7.5700		-21		
1515	7.5750		-18		
1516	7.5800		-14		
1517	7.5850		-10		
1518	7.5900		-6		
1519	7.5950		-2		
1520	7.6000		2		
1521	7.6050		6		
1522	7.6100		10		
1523	7.6150		14		
1524	7.6200		18		
1525	7.6250		22		
1526	7.6300		25		
1527	7.6350		29		
1528	7.6400		33		
1529	7.6450		37		
1530	7.6500		40		
1531	7.6550		44		
1532	7.6600		47		
1533	7.6650		51		
1534	7.6700		54		
1535	7.6750		58		
1536	7.6800		61		
1537	7.6850		64		
1538	7.6900		67		
1539	7.6950		70		
1540	7.7000		73		
1541	7.7050		76		
1542	7.7100		79		
1543	7.7150		81		
1544	7.7200		84		
1545	7.7250		86		
1546	7.7300		88		
1547	7.7350		91		
1548	7.7400		93		
1549	7.7450		95		
1550	7.7500		96		
1551	7.7550		98		
1552	7.7600		100		
1553	7.7650		101		
1554	7.7700		102		
1555	7.7750		104		
1556	7.7800		104		
1557	7.7850		106		
1558	7.7900		106		
1559	7.7950		107		
1560	7.8000		107		
1561	7.8050		108		
1562	7.8100		108		
1563	7.8150		108		
1564	7.8200		108		
1565	7.8250		108		
1566	7.8300		107		
1567	7.8350		106		
1568	7.8400		106		
1569	7.8450		105		
1570	7.8500		104		
1571	7.8550		103		
1572	7.8600		102		
1573	7.8650		100		
1574	7.8700		99		
1575	7.8750		97		
1576	7.8800		96		
1577	7.8850		94		
1578	7.8900		92		
1579	7.8950		90		
1580	7.9000		87		
1581	7.9050		85		
1582	7.9100		82		
1583	7.9150		80		
1584	7.9200		77		
1585	7.9250		74		
1586	7.9300		71		
1587	7.9350		68		
1588	7.9400		65		
1589	7.9450		62		
1590	7.9500		59		
1591	7.9550		56		
1592	7.9600		52		
1593	7.9650		49		
1594	7.9700		45		
1595	7.9750		42		
1596	7.9800		38		
1597	7.9850		35		
1598	7.9900		31		
1599	7.9950		27		
1600	8.0000		23		
1601	8.0050		19		
1602	8.0100		15		
1603	8.0150		12		
1604	8.0200		8		
1605	8.0250		4		
1606	8.0300		0		
1607	8.0350		-4		
1608	8.0400		-8		
1609	8.0450		-12		
1610	8.0500		-16		
1611	8.0550		-19		
1612	8.0600		-23		
1613	8.0650		-27		
1614	8.0700		-31		
1615	8.0750		-34		
1616	8.0800		-38		
1617	8.0850		-42		
1618	8.0900		-45		
1619	8.0950		-49		
1620	8.1000		-52		
1621	8.1050		-56		
1622	8.1100		-59		
1623	8.1150		-62		
1624	8.1200		-65		
1625	8.1250		-68		
1626	8.1300		-71		
1627	8.1350		-74		
1628	8.1400		-77		
1629	8.1450		-79		
1630	8.1500		-82		
1631	8.1550		-84		
1632	8.1600		-87		
1633	8.1650		-89		
1634	8.1700		-91		
1635	8.1750		-93		
1636	8.1800		-95		
1637	8.1850		-96		
1638	8.1900		-98		
1639	8.1950		-99		
1640	8.2000		-101		
1641	8.2050		-102		
1642	8.2100		-103		
1643	8.2150		-104		
1644	8.2200		-105		
1645	8.2250		-105		
1646	8.2300		-106		
1647	8.2350		-106		
1648	8.2400		-106		
1649	8.2450		-106		
1650	8.2500		-106		
1651	8.2550		-106		
1652	8.2600		-106		
1653	8.2650		-105		
1654	8.2700		-105		
1655	8.2750		-104		
1656	8.2800		-103		
1657	8.2850		-102		
1658	8.2900		-101		
1659	8.2950		-100		
1660	8.3000		-98		
1661	8.3050		-96		
1662	8.3100		-95		
1663	8.3150		-93		
1664	8.3200		-91		
1665	8.3250		-89		
1666	8.3300		-87		
1667	8.3350		-84		
1668	8.3400		-82		
1669	8.3450		-80		
1670	8.3500		-77		
1671	8.3550		-74		
1672	8.3600		-71		
1673	8.3650		-68		
1674	8.3700		-65		
1675	8.3750		-62		
1676	8.3800		-59		
1677	8.3850		-56		
1678	8.3900		-53		
1679	8.3950		-49		
1680	8.4000		-46		
1681	8.4050		-42		
1682	8.4100		-38		
1683	8.4150		-35		
1684	8.4200		-31		
1685	8.4250		-27		
1686	8.4300		-24		
1687	8.4350		-20		
1688	8.4400		-16		
1689	8.4450		-12		
1690	8.4500		-8		
1691	8.4550		-4		
1692	8.4600		0		
1693	8.4650		3		
1694	8.4700		7		
1695	8.4750		11		
1696	8.4800		15		
1697	8.4850		19		
1698	8.4900		22		
1699	8.4950		26		
1700	8.5000		30		
1701	8.5050		34		
1702	8.5100		38		
1703	8.5150		41		
1704	8.5200		45		
1705	8.5250		48		
1706	8.5300		52		
1707	8.5350		55		
1708	8.5400		58		
1709	8.5450		62		
1710	8.5500		65		
1711	8.5550		68		
1712	8.5600		71		
1713	8.5650		74		
1714	8.5700		76		
1715	8.5750		79		
1716	8.5800		82		
1717	8.5850		84		
1718	8.5900		86		
1719	8.5950		88		
1720	8.6000		91		
1721	8.6050		93		
1722	8.6100		95		
1723	8.6150		96		
1724	8.6200		98		
1725	8.6250		100		
1726	8.6300		101		
1727	8.6350		102		
1728	8.6400		103		
1729	8.6450		104		
1730	8.6500		105		
1731	8.6550		106		
1732	8.6600		106		
1733	8.6650		106		
1734	8.6700		107		
1735	8.6750		107		
1736	8.6800		107		
1737	8.6850		107		
1738	8.6900		106		
1739	8.6950		106		
1740	8.7000		106		
1741	8.7050		105		
1742	8.7100		104		
1743	8.7150		103		
1744	8.7200		102		
1745	8.7250		100		
1746	8.7300		99		
1747	8.7350		98		
1748	8.7400		96		
1749	8.7450		94		
1750	8.7500		92		
1751	8.7550		90		
1752	8.7600		88		
1753	8.7650		86		
1754	8.7700		83		
1755	8.7750		81		
1756	8.7800		78		
1757	8.7850		76		
1758	8.7900		73		
1759	8.7950		70		
1760	8.8000		67		
1761	8.8050		64		
1762	8.8100		61		
1763	8.8150		57		
1764	8.8200		54		
1765	8.8250		51		
1766	8.8300		47		
1767	8.8350		44		
1768	8.8400		40		
1769	8.8450		37		
1770	8.8500		33		
1771	8.8550		29		
1772	8.8600		26		
1773	8.8650		22		
1774	8.8700		18		
1775	8.8750		14		
1776	8.8800		10		
1777	8.8850		6		
1778	8.8900		3		
1779	8.8950		-1		
1780	8.9000		-5		
1781	8.9050		-9		
1782	8.9100		-13		
1783	8.9150		-17		
1784	8.9200		-21		
1785	8.9250		-24		
1786	8.9300		-28		
1787	8.9350		-32		
1788	8.9400		-35		
1789	8.9450		-39		
1790	8.9500		-43		
1791	8.9550		-46		
1792	8.9600		-50		
1793	8.9650		-53		
1794	8.9700		-56		
1795	8.9750		-59		
1796	8.9800		-63		
1797	8.9850		-66		
1798	8.9900		-69		
1799	8.9950		-71		
1800	9.0000		-74		
1801	9.0050		-77		
1802	9.0100		-80		
1803	9.0150		-82		
1804	9.0200		-84		
1805	9.0250		-87		
1806	9.0300		-89		
1807	9.0350		-91		
1808	9.0400		-93		
1809	9.0450		-95		
1810	9.0500		-96		
1811	9.0550		-98		
1812	9.0600		-99		
1813	9.0650		-100		
1814	9.0700		-102		
1815	9.0750		-103		
1816	9.0800		-103		
1817	9.0850		-104		
1818	9.0900		-105		
1819	9.0950		-105		
1820	9.1000		-105		
1821	9.1050		-106		
1822	9.1100		-106		
1823	9.1150		-106		
1824	9.1200		-105		
1825	9.1250		-105		
1826	9.1300		-104		
1827	9.1350		-104		
1828	9.1400		-103		
1829	9.1450		-102		
1830	9.1500		-101		
1831	9.1550		-100		
1832	9.1600		-98		
1833	9.1650		-97		
1834	9.1700		-95		
1835	9.1750		-94		
1836	9.1800		-92		
1837	9.1850		-90		
1838	9.1900		-88		
1839	9.1950		-85		
1840	9.2000		-83		
1841	9.2050		-80		
1842	9.2100		-78		
1843	9.2150		-75		
1844	9.2200		-73		
1845	9.2250		-70		
1846	9.2300		-67		
1847	9.2350		-64		
1848	9.2400		-61		
1849	9.2450		-58		
1850	9.2500		-54		
1851	9.2550		-51		
1852	9.2600		-48		
1853	9.2650		-44		
1854	9.2700		-40		
1855	9.2750		-37		
1856	9.2800		-33		
1857	9.2850		-30		
1858	9.2900		-26		
1859	9.2950		-22		
1860	9.3000		-18		
1861	9.3050		-14		
1862	9.3100		-11		
1863	9.3150		-7		
1864	9.3200		-3		
1865	9.3250		1		
1866	9.3300		5		
1867	9.3350		9		
1868	9.3400		12		
1869	9.3450		16		
1870	9.3500		20		
1871	9.3550		24		
1872	9.3600		27		
1873	9.3650		31		
1874	9.3700		35		
1875	9.3750		38		
1876	9.3800		42		
1877	9.3850		46		
1878	9.3900		49		
1879	9.3950		52		
1880	9.4000		56		
1881	9.4050		59		
1882	9.4100		62		
1883	9.4150		65		
1884	9.4200		68		
1885	9.4250		71		
1886	9.4300		74		
1887	9.4350		77		
1888	9.4400		79		
1889	9.4450		82		
1890	9.4500		84		
1891	9.4550		86		
1892	9.4600		88		
1893	9.4650		91		
1894	9.4700		92		
1895	9.4750		94		
1896	9.4800		96		
1897	9.4850		98		
1898	9.4900		99		
1899	9.4950		100		
1900	9.5000		102		
1901	9.5050		103		
1902	9.5100		104		
1903	9.5150		104		
1904	9.5200		105		
1905	9.5250		106		
1906	9.5300		106		
1907	9.5350		106		
1908	9.5400		106		
1909	9.5450		106		
1910	9.5500		106		
1911	9.5550		106		
1912	9.5600		105		
1913	9.5650		104		
1914	9.5700		104		
1915	9.5750		103		
1916	9.5800		102		
1917	9.5850		100		
1918	9.5900		99		
1919	9.5950		98		
1920	9.6000		96		
1921	9.6050		94		
1922	9.6100		92		
1923	9.6150		91		
1924	9.6200		88		
1925	9.6250		86		
1926	9.6300		84		
1927	9.6350		82		
1928	9.6400		79		
1929	9.6450		77		
1930	9.6500		74		
1931	9.6550		71		
1932	9.6600		68		
1933	9.6650		65		
1934	9.6700		62		
1935	9.6750		59		
1936	9.6800		56		
1937	9.6850		53		
1938	9.6900		49		
1939	9.6950		46		
1940	9.7000		42		
1941	9.7050		38		
1942	9.7100		35		
1943	9.7150		31		
1944	9.7200		28		
1945	9.7250		24		
1946	9.7300		20		
1947	9.7350		16		
1948	9.7400		13		
1949	9.7450		9		
1950	9.7500		5		
1951	9.7550		1		
1952	9.7600		-3		
1953	9.7650		-6		
1954	9.7700		-10		
1955	9.7750		-14		
1956	9.7800		-18		
1957	9.7850		-22		
1958	9.7900		-25		
1959	9.7950		-29		
1960	9.8000		-33		
1961	9.8050		-36		
1962	9.8100		-40		
1963	9.8150		-44		
1964	9.8200		-47		
1965	9.8250		-50		
1966	9.8300		-54		
1967	9.8350		-57		
1968	9.8400		-60		
1969	9.8450		-63		
1970	9.8500		-66		
1971	9.8550		-69		
1972	9.8600		-72		
1973	9.8650		-75		
1974	9.8700		-77		
1975	9.8750		-80		
1976	9.8800		-82		
1977	9.8850		-84		
1978	9.8900		-87		
1979	9.8950		-89		
1980	9.9000		-91		
1981	9.9050		-93		
1982	9.9100		-94		
1983	9.9150		-96		
1984	9.9200		-98		
1985	9.9250		-99		
1986	9.9300		-100		
1987	9.9350		-101		
1988	9.9400		-102		
1989	9.9450		-103		
1990	9.9500		-104		
1991	9.9550		-104		
1992	9.9600		-104		
1993	9.9650		-105		
1994	9.9700		-105		
1995	9.9750		-105		
1996	9.9800		-105		
1997	9.9850		-104		
1998	9.9900		-104		
1999	9.9950		-103		
2000	10.0000		-103		
