#	time(s)	count A	count B	count C	count D
1	0.0100		38		
2	0.0200		45		
3	0.0300		52		
4	0.0400		59		
5	0.0500		65		
6	0.0600		71		
7	0.0700		76		
8	0.0800		81		
9	0.0900		86		
10	0.1000		90		
11	0.1100		94		
12	0.1200		97		
13	0.1300		100		
14	0.1400		102		
15	0.1500		104		
16	0.1600		105		
17	0.1700		106		
18	0.1800		106		
19	0.1900		106		
20	0.2000		104		
21	0.2100		103		
22	0.2200		101		
23	0.2300		98		
24	0.2400		95		
25	0.2500		92		
26	0.2600		88		
27	0.2700		83		
28	0.2800		79		
29	0.2900		73		
30	0.3000		68		
31	0.3100		62		
32	0.3200		56		
33	0.3300		49		
34	0.3400		42		
35	0.3500		35		
36	0.3600		28		
37	0.3700		21		
38	0.3800		14		
39	0.3900		6		
40	0.4000		-1		
41	0.4100		-8		
42	0.4200		-16		
43	0.4300		-23		
44	0.4400		-30		
45	0.4500		-37		
46	0.4600		-43		
47	0.4700		-50		
48	0.4800		-56		
49	0.4900		-62		
50	0.5000		-67		
51	0.5100		-72		
52	0.5200		-77		
53	0.5300		-81		
54	0.5400		-85		
55	0.5500		-89		
56	0.5600		-92		
57	0.5700		-94		
58	0.5800		-96		
59	0.5900		-98		
60	0.6000		-99		
61	0.6100		-100		
62	0.6200		-100		
63	0.6300		-99		
64	0.6400		-98		
65	0.6500		-96		
66	0.6600		-94		
67	0.6700		-92		
68	0.6800		-89		
69	0.6900		-85		
70	0.7000		-82		
71	0.7100		-77		
72	0.7200		-73		
73	0.7300		-68		
74	0.7400		-62		
75	0.7500		-57		
76	0.7600		-51		
77	0.7700		-44		
78	0.7800		-38		
79	0.7900		-32		
80	0.8000		-25		
81	0.8100		-18		
82	0.8200		-11		
83	0.8300		-4		
84	0.8400		3		
85	0.8500		10		
86	0.8600		17		
87	0.8700		24		
88	0.8800		30		
89	0.8900		37		
90	0.9000		43		
91	0.9100		49		
92	0.9200		55		
93	0.9300		60		
94	0.9400		65		
95	0.9500		70		
96	0.9600		75		
97	0.9700		79		
98	0.9800		82		
99	0.9900		86		
100	1.0000		88		
101	1.0100		91		
102	1.0200		92		
103	1.0300		94		
104	1.0400		95		
105	1.0500		95		
106	1.0600		95		
107	1.0700		94		
108	1.0800		93		
109	1.0900		92		
110	1.1000		90		
111	1.1100		87		
112	1.1200		84		
113	1.1300		81		
114	1.1400		77		
115	1.1500		73		
116	1.1600		69		
117	1.1700		64		
118	1.1800		59		
119	1.1900		53		
120	1.2000		48		
121	1.2100		42		
122	1.2200		36		
123	1.2300		30		
124	1.2400		23		
125	1.2500		17		
126	1.2600		10		
127	1.2700		4		
128	1.2800		-3		
129	1.2900		-10		
130	1.3000		-16		
131	1.3100		-23		
132	1.3200		-29		
133	1.3300		-35		
134	1.3400		-41		
135	1.3500		-46		
136	1.3600		-52		
137	1.3700		-57		
138	1.3800		-62		
139	1.3900		-66		
140	1.4000		-70		
141	1.4100		-74		
142	1.4200		-78		
143	1.4300		-81		
144	1.4400		-83		
145	1.4500		-85		
146	1.4600		-87		
147	1.4700		-88		
148	1.4800		-89		
149	1.4900		-89		
150	1.5000		-89		
151	1.5100		-88		
152	1.5200		-87		
153	1.5300		-86		
154	1.5400		-84		
155	1.5500		-81		
156	1.5600		-79		
157	1.5700		-75		
158	1.5800		-72		
159	1.5900		-68		
160	1.6000		-64		
161	1.6100		-59		
162	1.6200		-54		
163	1.6300		-49		
164	1.6400		-43		
165	1.6500		-38		
166	1.6600		-32		
167	1.6700		-26		
168	1.6800		-20		
169	1.6900		-14		
170	1.7000		-7		
171	1.7100		-1		
172	1.7200		5		
173	1.7300		11		
174	1.7400		18		
175	1.7500		24		
176	1.7600		30		
177	1.7700		35		
178	1.7800		41		
179	1.7900		46		
180	1.8000		51		
181	1.8100		56		
182	1.8200		60		
183	1.8300		65		
184	1.8400		68		
185	1.8500		72		
186	1.8600		75		
187	1.8700		78		
188	1.8800		80		
189	1.8900		82		
190	1.9000		83		
191	1.9100		84		
192	1.9200		85		
193	1.9300		85		
194	1.9400		85		
195	1.9500		84		
196	1.9600		83		
197	1.9700		82		
198	1.9800		80		
199	1.9900		77		
200	2.0000		75		
201	2.0100		72		
202	2.0200		68		
203	2.0300		64		
204	2.0400		60		
205	2.0500		56		
206	2.0600		51		
207	2.0700		46		
208	2.0800		41		
209	2.0900		36		
210	2.1000		30		
211	2.1100		24		
212	2.1200		18		
213	2.1300		13		
214	2.1400		7		
215	2.1500		1		
216	2.1600		-5		
217	2.1700		-11		
218	2.1800		-17		
219	2.1900		-22		
220	2.2000		-28		
221	2.2100		-33		
222	2.2200		-39		
223	2.2300		-44		
224	2.2400		-48		
225	2.2500		-53		
226	2.2600		-57		
227	2.2700		-61		
228	2.2800		-65		
229	2.2900		-68		
230	2.3000		-71		
231	2.3100		-73		
232	2.3200		-76		
233	2.3300		-77		
234	2.3400		-78		
235	2.3500		-79		
236	2.3600		-80		
237	2.3700		-80		
238	2.3800		-80		
239	2.3900		-79		
240	2.4000		-78		
241	2.4100		-76		
242	2.4200		-74		
243	2.4300		-72		
244	2.4400		-69		
245	2.4500		-66		
246	2.4600		-63		
247	2.4700		-59		
248	2.4800		-55		
249	2.4900		-51		
250	2.5000		-46		
251	2.5100		-42		
252	2.5200		-37		
253	2.5300		-32		
254	2.5400		-26		
255	2.5500		-21		
256	2.5600		-16		
257	2.5700		-10		
258	2.5800		-4		
259	2.5900		1		
260	2.6000		7		
261	2.6100		12		
262	2.6200		18		
263	2.6300		23		
264	2.6400		28		
265	2.6500		34		
266	2.6600		38		
267	2.6700		43		
268	2.6800		48		
269	2.6900		52		
270	2.7000		56		
271	2.7100		59		
272	2.7200		63		
273	2.7300		66		
274	2.7400		68		
275	2.7500		71		
276	2.7600		73		
277	2.7700		74		
278	2.7800		75		
279	2.7900		76		
280	2.8000		76		
281	2.8100		77		
282	2.8200		76		
283	2.8300		76		
284	2.8400		74		
285	2.8500		73		
286	2.8600		71		
287	2.8700		69		
288	2.8800		66		
289	2.8900		63		
290	2.9000		60		
291	2.9100		56		
292	2.9200		52		
293	2.9300		48		
294	2.9400		44		
295	2.9500		40		
296	2.9600		35		
297	2.9700		30		
298	2.9800		25		
299	2.9900		20		
300	3.0000		15		
301	3.0100		9		
302	3.0200		4		
303	3.0300		-1		
304	3.0400		-7		
305	3.0500		-12		
306	3.0600		-17		
307	3.0700		-22		
308	3.0800		-27		
309	3.0900		-32		
310	3.1000		-36		
311	3.1100		-41		
312	3.1200		-45		
313	3.1300		-49		
314	3.1400		-53		
315	3.1500		-56		
316	3.1600		-59		
317	3.1700		-62		
318	3.1800		-64		
319	3.1900		-66		
320	3.2000		-68		
321	3.2100		-70		
322	3.2200		-71		
323	3.2300		-71		
324	3.2400		-72		
325	3.2500		-72		
326	3.2600		-71		
327	3.2700		-70		
328	3.2800		-69		
329	3.2900		-68		
330	3.3000		-66		
331	3.3100		-64		
332	3.3200		-61		
333	3.3300		-58		
334	3.3400		-55		
335	3.3500		-52		
336	3.3600		-48		
337	3.3700		-44		
338	3.3800		-40		
339	3.3900		-36		
340	3.4000		-32		
341	3.4100		-27		
342	3.4200		-22		
343	3.4300		-17		
344	3.4400		-12		
345	3.4500		-7		
346	3.4600		-2		
347	3.4700		3		
348	3.4800		8		
349	3.4900		13		
350	3.5000		18		
351	3.5100		23		
352	3.5200		27		
353	3.5300		32		
354	3.5400		36		
355	3.5500		40		
356	3.5600		44		
357	3.5700		48		
358	3.5800		51		
359	3.5900		54		
360	3.6000		57		
361	3.6100		60		
362	3.6200		62		
363	3.6300		64		
364	3.6400		66		
365	3.6500		67		
366	3.6600		68		
367	3.6700		69		
368	3.6800		69		
369	3.6900		69		
370	3.7000		68		
371	3.7100		67		
372	3.7200		66		
373	3.7300		65		
374	3.7400		63		
375	3.7500		61		
376	3.7600		58		
377	3.7700		56		
378	3.7800		53		
379	3.7900		49		
380	3.8000		46		
381	3.8100		42		
382	3.8200		38		
383	3.8300		34		
384	3.8400		30		
385	3.8500		25		
386	3.8600		21		
387	3.8700		16		
388	3.8800		11		
389	3.8900		7		
390	3.9000		2		
391	3.9100		-3		
392	3.9200		-8		
393	3.9300		-12		
394	3.9400		-17		
395	3.9500		-22		
396	3.9600		-26		
397	3.9700		-30		
398	3.9800		-34		
399	3.9900		-38		
400	4.0000		-42		
401	4.0100		-45		
402	4.0200		-48		
403	4.0300		-51		
404	4.0400		-54		
405	4.0500		-56		
406	4.0600		-58		
407	4.0700		-60		
408	4.0800		-62		
409	4.0900		-63		
410	4.1000		-64		
411	4.1100		-64		
412	4.1200		-64		
413	4.1300		-64		
414	4.1400		-64		
415	4.1500		-63		
416	4.1600		-62		
417	4.1700		-60		
418	4.1800		-58		
419	4.1900		-56		
420	4.2000		-54		
421	4.2100		-51		
422	4.2200		-48		
423	4.2300		-45		
424	4.2400		-42		
425	4.2500		-38		
426	4.2600		-35		
427	4.2700		-31		
428	4.2800		-27		
429	4.2900		-22		
430	4.3000		-18		
431	4.3100		-14		
432	4.3200		-9		
433	4.3300		-4		
434	4.3400		0		
435	4.3500		4		
436	4.3600		9		
437	4.3700		13		
438	4.3800		18		
439	4.3900		22		
440	4.4000		26		
441	4.4100		30		
442	4.4200		34		
443	4.4300		38		
444	4.4400		41		
445	4.4500		44		
446	4.4600		47		
447	4.4700		50		
448	4.4800		52		
449	4.4900		55		
450	4.5000		57		
451	4.5100		58		
452	4.5200		60		
453	4.5300		61		
454	4.5400		61		
455	4.5500		62		
456	4.5600		62		
457	4.5700		62		
458	4.5800		61		
459	4.5900		60		
460	4.6000		59		
461	4.6100		58		
462	4.6200		56		
463	4.6300		54		
464	4.6400		52		
465	4.6500		49		
466	4.6600		46		
467	4.6700		43		
468	4.6800		40		
469	4.6900		37		
470	4.7000		33		
471	4.7100		29		
472	4.7200		25		
473	4.7300		21		
474	4.7400		17		
475	4.7500		13		
476	4.7600		9		
477	4.7700		4		
478	4.7800		0		
479	4.7900		-4		
480	4.8000		-8		
481	4.8100		-13		
482	4.8200		-17		
483	4.8300		-21		
484	4.8400		-25		
485	4.8500		-28		
486	4.8600		-32		
487	4.8700		-35		
488	4.8800		-39		
489	4.8900		-42		
490	4.9000		-44		
491	4.9100		-47		
492	4.9200		-49		
493	4.9300		-51		
494	4.9400		-53		
495	4.9500		-55		
496	4.9600		-56		
497	4.9700		-57		
498	4.9800		-57		
499	4.9900		-58		
500	5.0000		-58		
501	5.0100		-58		
502	5.0200		-57		
503	5.0300		-56		
504	5.0400		-55		
505	5.0500		-53		
506	5.0600		-52		
507	5.0700		-50		
508	5.0800		-48		
509	5.0900		-45		
510	5.1000		-42		
511	5.1100		-39		
512	5.1200		-36		
513	5.1300		-33		
514	5.1400		-30		
515	5.1500		-26		
516	5.1600		-22		
517	5.1700		-18		
518	5.1800		-15		
519	5.1900		-11		
520	5.2000		-7		
521	5.2100		-2		
522	5.2200		2		
523	5.2300		6		
524	5.2400		10		
525	5.2500		14		
526	5.2600		17		
527	5.2700		21		
528	5.2800		25		
529	5.2900		28		
530	5.3000		32		
531	5.3100		35		
532	5.3200		38		
533	5.3300		41		
534	5.3400		43		
535	5.3500		46		
536	5.3600		48		
537	5.3700		50		
538	5.3800		52		
539	5.3900		53		
540	5.4000		54		
541	5.4100		55		
542	5.4200		55		
543	5.4300		56		
544	5.4400		56		
545	5.4500		55		
546	5.4600		55		
547	5.4700		54		
548	5.4800		53		
549	5.4900		51		
550	5.5000		50		
551	5.5100		48		
552	5.5200		46		
553	5.5300		43		
554	5.5400		40		
555	5.5500		38		
556	5.5600		35		
557	5.5700		32		
558	5.5800		28		
559	5.5900		25		
560	5.6000		21		
561	5.6100		18		
562	5.6200		14		
563	5.6300		10		
564	5.6400		6		
565	5.6500		3		
566	5.6600		-1		
567	5.6700		-5		
568	5.6800		-9		
569	5.6900		-13		
570	5.7000		-16		
571	5.7100		-20		
572	5.7200		-23		
573	5.7300		-27		
574	5.7400		-30		
575	5.7500		-33		
576	5.7600		-36		
577	5.7700		-38		
578	5.7800		-41		
579	5.7900		-43		
580	5.8000		-45		
581	5.8100		-47		
582	5.8200		-48		
583	5.8300		-49		
584	5.8400		-50		
585	5.8500		-51		
586	5.8600		-52		
587	5.8700		-52		
588	5.8800		-52		
589	5.8900		-51		
590	5.9000		-51		
591	5.9100		-50		
592	5.9200		-49		
593	5.9300		-47		
594	5.9400		-46		
595	5.9500		-44		
596	5.9600		-42		
597	5.9700		-40		
598	5.9800		-37		
599	5.9900		-34		
600	6.0000		-32		
601	6.0100		-28		
602	6.0200		-25		
603	6.0300		-22		
604	6.0400		-19		
605	6.0500		-15		
606	6.0600		-12		
607	6.0700		-8		
608	6.0800		-4		
609	6.0900		-1		
610	6.1000		3		
611	6.1100		6		
612	6.1200		10		
613	6.1300		14		
614	6.1400		17		
615	6.1500		20		
616	6.1600		24		
617	6.1700		27		
618	6.1800		30		
619	6.1900		32		
620	6.2000		35		
621	6.2100		38		
622	6.2200		40		
623	6.2300		42		
624	6.2400		44		
625	6.2500		46		
626	6.2600		47		
627	6.2700		48		
628	6.2800		49		
629	6.2900		49		
630	6.3000		50		
631	6.3100		50		
632	6.3200		50		
633	6.3300		49		
634	6.3400		49		
635	6.3500		48		
636	6.3600		47		
637	6.3700		46		
638	6.3800		44		
639	6.3900		42		
640	6.4000		40		
641	6.4100		38		
642	6.4200		36		
643	6.4300		33		
644	6.4400		30		
645	6.4500		27		
646	6.4600		24		
647	6.4700		21		
648	6.4800		18		
649	6.4900		15		
650	6.5000		11		
651	6.5100		8		
652	6.5200		4		
653	6.5300		1		
654	6.5400		-2		
655	6.5500		-6		
656	6.5600		-9		
657	6.5700		-12		
658	6.5800		-16		
659	6.5900		-19		
660	6.6000		-22		
661	6.6100		-25		
662	6.6200		-28		
663	6.6300		-30		
664	6.6400		-33		
665	6.6500		-35		
666	6.6600		-37		
667	6.6700		-39		
668	6.6800		-41		
669	6.6900		-42		
670	6.7000		-44		
671	6.7100		-45		
672	6.7200		-45		
673	6.7300		-46		
674	6.7400		-46		
675	6.7500		-46		
676	6.7600		-46		
677	6.7700		-46		
678	6.7800		-45		
679	6.7900		-44		
680	6.8000		-43		
681	6.8100		-42		
682	6.8200		-40		
683	6.8300		-39		
684	6.8400		-37		
685	6.8500		-35		
686	6.8600		-32		
687	6.8700		-30		
688	6.8800		-27		
689	6.8900		-24		
690	6.9000		-22		
691	6.9100		-19		
692	6.9200		-16		
693	6.9300		-12		
694	6.9400		-9		
695	6.9500		-6		
696	6.9600		-3		
697	6.9700		1		
698	6.9800		4		
699	6.9900		7		
700	7.0000		10		
701	7.0100		14		
702	7.0200		16		
703	7.0300		19		
704	7.0400		22		
705	7.0500		25		
706	7.0600		28		
707	7.0700		30		
708	7.0800		32		
709	7.0900		35		
710	7.1000		37		
711	7.1100		38		
712	7.1200		40		
713	7.1300		41		
714	7.1400		42		
715	7.1500		43		
716	7.1600		44		
717	7.1700		44		
718	7.1800		45		
719	7.1900		45		
720	7.2000		45		
721	7.2100		44		
722	7.2200		44		
723	7.2300		43		
724	7.2400		42		
725	7.2500		40		
726	7.2600		39		
727	7.2700		37		
728	7.2800		35		
729	7.2900		33		
730	7.3000		31		
731	7.3100		29		
732	7.3200		26		
733	7.3300		24		
734	7.3400		21		
735	7.3500		18		
736	7.3600		15		
737	7.3700		12		
738	7.3800		9		
739	7.3900		6		
740	7.4000		3		
741	7.4100		0		
742	7.4200		-3		
743	7.4300		-6		
744	7.4400		-9		
745	7.4500		-12		
746	7.4600		-15		
747	7.4700		-18		
748	7.4800		-21		
749	7.4900		-23		
750	7.5000		-26		
751	7.5100		-28		
752	7.5200		-30		
753	7.5300		-32		
754	7.5400		-34		
755	7.5500		-36		
756	7.5600		-37		
757	7.5700		-38		
758	7.5800		-39		
759	7.5900		-40		
760	7.6000		-41		
761	7.6100		-41		
762	7.6200		-42		
763	7.6300		-42		
764	7.6400		-41		
765	7.6500		-41		
766	7.6600		-40		
767	7.6700		-39		
768	7.6800		-38		
769	7.6900		-37		
770	7.7000		-36		
771	7.7100		-34		
772	7.7200		-32		
773	7.7300		-30		
774	7.7400		-28		
775	7.7500		-26		
776	7.7600		-24		
777	7.7700		-21		
778	7.7800		-18		
779	7.7900		-16		
780	7.8000		-13		
781	7.8100		-10		
782	7.8200		-7		
783	7.8300		-4		
784	7.8400		-1		
785	7.8500		2		
786	7.8600		5		
787	7.8700		8		
788	7.8800		10		
789	7.8900		13		
790	7.9000		16		
791	7.9100		18		
792	7.9200		21		
793	7.9300		24		
794	7.9400		26		
795	7.9500		28		
796	7.9600		30		
797	7.9700		32		
798	7.9800		34		
799	7.9900		35		
800	8.0000		36		
801	8.0100		38		
802	8.0200		38		
803	8.0300		39		
804	8.0400		40		
805	8.0500		40		
806	8.0600		40		
807	8.0700		40		
808	8.0800		40		
809	8.0900		40		
810	8.1000		39		
811	8.1100		38		
812	8.1200		37		
813	8.1300		36		
814	8.1400		34		
815	8.1500		33		
816	8.1600		31		
817	8.1700		29		
818	8.1800		27		
819	8.1900		25		
820	8.2000		23		
821	8.2100		20		
822	8.2200		18		
823	8.2300		15		
824	8.2400		12		
825	8.2500		10		
826	8.2600		7		
827	8.2700		4		
828	8.2800		1		
829	8.2900		-1		
830	8.3000		-4		
831	8.3100		-7		
832	8.3200		-10		
833	8.3300		-12		
834	8.3400		-15		
835	8.3500		-17		
836	8.3600		-20		
837	8.3700		-22		
838	8.3800		-24		
839	8.3900		-26		
840	8.4000		-28		
841	8.4100		-30		
842	8.4200		-31		
843	8.4300		-33		
844	8.4400		-34		
845	8.4500		-35		
846	8.4600		-36		
847	8.4700		-36		
848	8.4800		-37		
849	8.4900		-37		
850	8.5000		-37		
851	8.5100		-37		
852	8.5200		-37		
853	8.5300		-37		
854	8.5400		-36		
855	8.5500		-35		
856	8.5600		-34		
857	8.5700		-33		
858	8.5800		-31		
859	8.5900		-30		
860	8.6000		-28		
861	8.6100		-26		
862	8.6200		-24		
863	8.6300		-22		
864	8.6400		-20		
865	8.6500		-18		
866	8.6600		-16		
867	8.6700		-13		
868	8.6800		-10		
869	8.6900		-8		
870	8.7000		-5		
871	8.7100		-3		
872	8.7200		0		
873	8.7300		2		
874	8.7400		5		
875	8.7500		8		
876	8.7600		10		
877	8.7700		13		
878	8.7800		15		
879	8.7900		18		
880	8.8000		20		
881	8.8100		22		
882	8.8200		24		
883	8.8300		26		
884	8.8400		28		
885	8.8500		29		
886	8.8600		31		
887	8.8700		32		
888	8.8800		33		
889	8.8900		34		
890	8.9000		35		
891	8.9100		36		
892	8.9200		36		
893	8.9300		36		
894	8.9400		36		
895	8.9500		36		
896	8.9600		36		
897	8.9700		35		
898	8.9800		35		
899	8.9900		34		
900	9.0000		33		
901	9.0100		32		
902	9.0200		30		
903	9.0300		29		
904	9.0400		27		
905	9.0500		26		
906	9.0600		24		
907	9.0700		22		
908	9.0800		20		
909	9.0900		17		
910	9.1000		15		
911	9.1100		13		
912	9.1200		10		
913	9.1300		8		
914	9.1400		6		
915	9.1500		3		
916	9.1600		0		
917	9.1700		-2		
918	9.1800		-4		
919	9.1900		-7		
920	9.2000		-9		
921	9.2100		-12		
922	9.2200		-14		
923	9.2300		-16		
924	9.2400		-18		
925	9.2500		-20		
926	9.2600		-22		
927	9.2700		-24		
928	9.2800		-26		
929	9.2900		-27		
930	9.3000		-28		
931	9.3100		-30		
932	9.3200		-31		
933	9.3300		-32		
934	9.3400		-32		
935	9.3500		-33		
936	9.3600		-33		
937	9.3700		-33		
938	9.3800		-34		
939	9.3900		-33		
940	9.4000		-33		
941	9.4100		-32		
942	9.4200		-32		
943	9.4300		-31		
944	9.4400		-30		
945	9.4500		-29		
946	9.4600		-28		
947	9.4700		-26		
948	9.4800		-25		
949	9.4900		-23		
950	9.5000		-21		
951	9.5100		-19		
952	9.5200		-17		
953	9.5300		-15		
954	9.5400		-13		
955	9.5500		-11		
956	9.5600		-8		
957	9.5700		-6		
958	9.5800		-4		
959	9.5900		-2		
960	9.6000		1		
961	9.6100		3		
962	9.6200		6		
963	9.6300		8		
964	9.6400		10		
965	9.6500		12		
966	9.6600		14		
967	9.6700		16		
968	9.6800		18		
969	9.6900		20		
970	9.7000		22		
971	9.7100		24		
972	9.7200		25		
973	9.7300		27		
974	9.7400		28		
975	9.7500		29		
976	9.7600		30		
977	9.7700		31		
978	9.7800		32		
979	9.7900		32		
980	9.8000		32		
981	9.8100		32		
982	9.8200		33		
983	9.8300		32		
984	9.8400		32		
985	9.8500		32		
986	9.8600		31		
987	9.8700		30		
988	9.8800		29		
989	9.8900		28		
990	9.9000		27		
991	9.9100		26		
992	9.9200		24		
993	9.9300		22		
994	9.9400		21		
995	9.9500		19		
996	9.9600		17		
997	9.9700		15		
998	9.9800		13		
999	9.9900		11		
1000	10.0000		9		
1001	10.0100		6		
1002	10.0200		4		
1003	10.0300		2		
1004	10.0400		0		
1005	10.0500		-3		
1006	10.0600		-5		
1007	10.0700		-7		
1008	10.0800		-9		
1009	10.0900		-11		
1010	10.1000		-13		
1011	10.1100		-15		
1012	10.1200		-17		
1013	10.1300		-19		
1014	10.1400		-20		
1015	10.1500		-22		
1016	10.1600		-23		
1017	10.1700		-25		
1018	10.1800		-26		
1019	10.1900		-27		
1020	10.2000		-28		
1021	10.2100		-28		
1022	10.2200		-29		
1023	10.2300		-30		
1024	10.2400		-30		
1025	10.2500		-30		
1026	10.2600		-30		
1027	10.2700		-30		
1028	10.2800		-29		
1029	10.2900		-29		
1030	10.3000		-28		
1031	10.3100		-28		
1032	10.3200		-27		
1033	10.3300		-26		
1034	10.3400		-24		
1035	10.3500		-23		
1036	10.3600		-22		
1037	10.3700		-20		
1038	10.3800		-18		
1039	10.3900		-17		
1040	10.4000		-15		
1041	10.4100		-13		
1042	10.4200		-11		
1043	10.4300		-9		
1044	10.4400		-7		
1045	10.4500		-5		
1046	10.4600		-3		
1047	10.4700		0		
1048	10.4800		2		
1049	10.4900		4		
1050	10.5000		6		
1051	10.5100		8		
1052	10.5200		10		
1053	10.5300		12		
1054	10.5400		14		
1055	10.5500		16		
1056	10.5600		17		
1057	10.5700		19		
1058	10.5800		20		
1059	10.5900		22		
1060	10.6000		23		
1061	10.6100		24		
1062	10.6200		26		
1063	10.6300		26		
1064	10.6400		27		
1065	10.6500		28		
1066	10.6600		29		
1067	10.6700		29		
1068	10.6800		29		
1069	10.6900		29		
1070	10.7000		29		
1071	10.7100		29		
1072	10.7200		29		
1073	10.7300		28		
1074	10.7400		28		
1075	10.7500		27		
1076	10.7600		26		
1077	10.7700		25		
1078	10.7800		24		
1079	10.7900		22		
1080	10.8000		21		
1081	10.8100		20		
1082	10.8200		18		
1083	10.8300		16		
1084	10.8400		14		
1085	10.8500		13		
1086	10.8600		11		
1087	10.8700		9		
1088	10.8800		7		
1089	10.8900		5		
1090	10.9000		3		
1091	10.9100		1		
1092	10.9200		-1		
1093	10.9300		-3		
1094	10.9400		-5		
1095	10.9500		-7		
1096	10.9600		-9		
1097	10.9700		-11		
1098	10.9800		-12		
1099	10.9900		-14		
1100	11.0000		-16		
1101	11.0100		-17		
1102	11.0200		-19		
1103	11.0300		-20		
1104	11.0400		-21		
1105	11.0500		-22		
1106	11.0600		-24		
1107	11.0700		-24		
1108	11.0800		-25		
1109	11.0900		-26		
1110	11.1000		-26		
1111	11.1100		-27		
1112	11.1200		-27		
1113	11.1300		-27		
1114	11.1400		-27		
1115	11.1500		-27		
1116	11.1600		-26		
1117	11.1700		-26		
1118	11.1800		-25		
1119	11.1900		-24		
1120	11.2000		-24		
1121	11.2100		-22		
1122	11.2200		-21		
1123	11.2300		-20		
1124	11.2400		-19		
1125	11.2500		-17		
1126	11.2600		-16		
1127	11.2700		-14		
1128	11.2800		-13		
1129	11.2900		-11		
1130	11.3000		-9		
1131	11.3100		-7		
1132	11.3200		-5		
1133	11.3300		-4		
1134	11.3400		-2		
1135	11.3500		0		
1136	11.3600		2		
1137	11.3700		4		
1138	11.3800		6		
1139	11.3900		8		
1140	11.4000		10		
1141	11.4100		11		
1142	11.4200		13		
1143	11.4300		14		
1144	11.4400		16		
1145	11.4500		18		
1146	11.4600		19		
1147	11.4700		20		
1148	11.4800		21		
1149	11.4900		22		
1150	11.5000		23		
1151	11.5100		24		
1152	11.5200		25		
1153	11.5300		25		
1154	11.5400		26		
1155	11.5500		26		
1156	11.5600		26		
1157	11.5700		26		
1158	11.5800		26		
1159	11.5900		26		
1160	11.6000		26		
1161	11.6100		25		
1162	11.6200		24		
1163	11.6300		24		
1164	11.6400		23		
1165	11.6500		22		
1166	11.6600		21		
1167	11.6700		20		
1168	11.6800		18		
1169	11.6900		17		
1170	11.7000		16		
1171	11.7100		14		
1172	11.7200		12		
1173	11.7300		11		
1174	11.7400		9		
1175	11.7500		7		
1176	11.7600		6		
1177	11.7700		4		
1178	11.7800		2		
1179	11.7900		0		
1180	11.8000		-2		
1181	11.8100		-3		
1182	11.8200		-5		
1183	11.8300		-7		
1184	11.8400		-9		
1185	11.8500		-10		
1186	11.8600		-12		
1187	11.8700		-13		
1188	11.8800		-15		
1189	11.8900		-16		
1190	11.9000		-17		
1191	11.9100		-19		
1192	11.9200		-20		
1193	11.9300		-21		
1194	11.9400		-22		
1195	11.9500		-22		
1196	11.9600		-23		
1197	11.9700		-23		
1198	11.9800		-24		
1199	11.9900		-24		
1200	12.0000		-24		
1201	12.0100		-24		
1202	12.0200		-24		
1203	12.0300		-24		
1204	12.0400		-24		
1205	12.0500		-23		
1206	12.0600		-22		
1207	12.0700		-22		
1208	12.0800		-21		
1209	12.0900		-20		
1210	12.1000		-19		
1211	12.1100		-18		
1212	12.1200		-16		
1213	12.1300		-15		
1214	12.1400		-14		
1215	12.1500		-12		
1216	12.1600		-11		
1217	12.1700		-9		
1218	12.1800		-8		
1219	12.1900		-6		
1220	12.2000		-4		
1221	12.2100		-2		
1222	12.2200		-1		
1223	12.2300		1		
1224	12.2400		3		
1225	12.2500		4		
1226	12.2600		6		
1227	12.2700		8		
1228	12.2800		9		
1229	12.2900		11		
1230	12.3000		12		
1231	12.3100		14		
1232	12.3200		15		
1233	12.3300		16		
1234	12.3400		18		
1235	12.3500		18		
1236	12.3600		20		
1237	12.3700		20		
1238	12.3800		21		
1239	12.3900		22		
1240	12.4000		22		
1241	12.4100		23		
1242	12.4200		23		
1243	12.4300		24		
1244	12.4400		24		
1245	12.4500		24		
1246	12.4600		24		
1247	12.4700		23		
1248	12.4800		23		
1249	12.4900		22		
1250	12.5000		22		
1251	12.5100		21		
1252	12.5200		20		
1253	12.5300		19		
1254	12.5400		18		
1255	12.5500		17		
1256	12.5600		16		
1257	12.5700		15		
1258	12.5800		14		
1259	12.5900		12		
1260	12.6000		11		
1261	12.6100		9		
1262	12.6200		8		
1263	12.6300		6		
1264	12.6400		4		
1265	12.6500		3		
1266	12.6600		1		
1267	12.6700		0		
1268	12.6800		-2		
1269	12.6900		-4		
1270	12.7000		-5		
1271	12.7100		-7		
1272	12.7200		-8		
1273	12.7300		-10		
1274	12.7400		-11		
1275	12.7500		-12		
1276	12.7600		-14		
1277	12.7700		-15		
1278	12.7800		-16		
1279	12.7900		-17		
1280	12.8000		-18		
1281	12.8100		-19		
1282	12.8200		-19		
1283	12.8300		-20		
1284	12.8400		-21		
1285	12.8500		-21		
1286	12.8600		-21		
1287	12.8700		-22		
1288	12.8800		-22		
1289	12.8900		-22		
1290	12.9000		-21		
1291	12.9100		-21		
1292	12.9200		-21		
1293	12.9300		-20		
1294	12.9400		-20		
1295	12.9500		-19		
1296	12.9600		-18		
1297	12.9700		-17		
1298	12.9800		-16		
1299	12.9900		-15		
1300	13.0000		-14		
1301	13.0100		-13		
1302	13.0200		-12		
1303	13.0300		-10		
1304	13.0400		-9		
1305	13.0500		-8		
1306	13.0600		-6		
1307	13.0700		-5		
1308	13.0800		-3		
1309	13.0900		-2		
1310	13.1000		0		
1311	13.1100		1		
1312	13.1200		3		
1313	13.1300		4		
1314	13.1400		6		
1315	13.1500		7		
1316	13.1600		9		
1317	13.1700		10		
1318	13.1800		12		
1319	13.1900		13		
1320	13.2000		14		
1321	13.2100		15		
1322	13.2200		16		
1323	13.2300		17		
1324	13.2400		18		
1325	13.2500		19		
1326	13.2600		19		
1327	13.2700		20		
1328	13.2800		20		
1329	13.2900		21		
1330	13.3000		21		
1331	13.3100		21		
1332	13.3200		21		
1333	13.3300		21		
1334	13.3400		21		
1335	13.3500		21		
1336	13.3600		20		
1337	13.3700		20		
1338	13.3800		19		
1339	13.3900		19		
1340	13.4000		18		
1341	13.4100		17		
1342	13.4200		16		
1343	13.4300		15		
1344	13.4400		14		
1345	13.4500		13		
1346	13.4600		12		
1347	13.4700		10		
1348	13.4800		9		
1349	13.4900		8		
1350	13.5000		6		
1351	13.5100		5		
1352	13.5200		3		
1353	13.5300		2		
1354	13.5400		1		
1355	13.5500		-1		
1356	13.5600		-2		
1357	13.5700		-4		
1358	13.5800		-5		
1359	13.5900		-6		
1360	13.6000		-8		
1361	13.6100		-9		
1362	13.6200		-10		
1363	13.6300		-12		
1364	13.6400		-13		
1365	13.6500		-14		
1366	13.6600		-15		
1367	13.6700		-16		
1368	13.6800		-16		
1369	13.6900		-17		
1370	13.7000		-18		
1371	13.7100		-18		
1372	13.7200		-19		
1373	13.7300		-19		
1374	13.7400		-19		
1375	13.7500		-19		
1376	13.7600		-19		
1377	13.7700		-19		
1378	13.7800		-19		
1379	13.7900		-19		
1380	13.8000		-18		
1381	13.8100		-18		
1382	13.8200		-17		
1383	13.8300		-17		
1384	13.8400		-16		
1385	13.8500		-15		
1386	13.8600		-14		
1387	13.8700		-13		
1388	13.8800		-12		
1389	13.8900		-11		
1390	13.9000		-10		
1391	13.9100		-9		
1392	13.9200		-8		
1393	13.9300		-6		
1394	13.9400		-5		
1395	13.9500		-4		
1396	13.9600		-2		
1397	13.9700		-1		
1398	13.9800		1		
1399	13.9900		2		
1400	14.0000		3		
1401	14.0100		5		
1402	14.0200		6		
1403	14.0300		7		
1404	14.0400		9		
1405	14.0500		10		
1406	14.0600		11		
1407	14.0700		12		
1408	14.0800		13		
1409	14.0900		14		
1410	14.1000		15		
1411	14.1100		16		
1412	14.1200		16		
1413	14.1300		17		
1414	14.1400		18		
1415	14.1500		18		
1416	14.1600		18		
1417	14.1700		19		
1418	14.1800		19		
1419	14.1900		19		
1420	14.2000		19		
1421	14.2100		19		
1422	14.2200		19		
1423	14.2300		19		
1424	14.2400		18		
1425	14.2500		18		
1426	14.2600		17		
1427	14.2700		16		
1428	14.2800		16		
1429	14.2900		15		
1430	14.3000		14		
1431	14.3100		13		
1432	14.3200		12		
1433	14.3300		11		
1434	14.3400		10		
1435	14.3500		9		
1436	14.3600		8		
1437	14.3700		6		
1438	14.3800		5		
1439	14.3900		4		
1440	14.4000		3		
1441	14.4100		1		
1442	14.4200		0		
1443	14.4300		-1		
1444	14.4400		-3		
1445	14.4500		-4		
1446	14.4600		-5		
1447	14.4700		-6		
1448	14.4800		-8		
1449	14.4900		-9		
1450	14.5000		-10		
1451	14.5100		-11		
1452	14.5200		-12		
1453	14.5300		-13		
1454	14.5400		-13		
1455	14.5500		-14		
1456	14.5600		-15		
1457	14.5700		-16		
1458	14.5800		-16		
1459	14.5900		-16		
1460	14.6000		-17		
1461	14.6100		-17		
1462	14.6200		-17		
1463	14.6300		-17		
1464	14.6400		-17		
1465	14.6500		-17		
1466	14.6600		-17		
1467	14.6700		-17		
1468	14.6800		-16		
1469	14.6900		-16		
1470	14.7000		-15		
1471	14.7100		-15		
1472	14.7200		-14		
1473	14.7300		-13		
1474	14.7400		-12		
1475	14.7500		-11		
1476	14.7600		-10		
1477	14.7700		-9		
1478	14.7800		-8		
1479	14.7900		-7		
1480	14.8000		-6		
1481	14.8100		-5		
1482	14.8200		-4		
1483	14.8300		-2		
1484	14.8400		-1		
1485	14.8500		0		
1486	14.8600		1		
1487	14.8700		2		
1488	14.8800		4		
1489	14.8900		5		
1490	14.9000		6		
1491	14.9100		7		
1492	14.9200		8		
1493	14.9300		9		
1494	14.9400		10		
1495	14.9500		11		
1496	14.9600		12		
1497	14.9700		13		
1498	14.9800		14		
1499	14.9900		14		
1500	15.0000		15		
1501	15.0100		16		
1502	15.0200		16		
1503	15.0300		17		
1504	15.0400		17		
1505	15.0500		17		
1506	15.0600		17		
1507	15.0700		17		
1508	15.0800		17		
1509	15.0900		17		
1510	15.1000		17		
1511	15.1100		17		
1512	15.1200		16		
1513	15.1300		16		
1514	15.1400		15		
1515	15.1500		15		
1516	15.1600		14		
1517	15.1700		13		
1518	15.1800		12		
1519	15.1900		12		
1520	15.2000		11		
1521	15.2100		10		
1522	15.2200		8		
1523	15.2300		8		
1524	15.2400		6		
1525	15.2500		5		
1526	15.2600		4		
1527	15.2700		3		
1528	15.2800		2		
1529	15.2900		1		
1530	15.3000		-1		
1531	15.3100		-2		
1532	15.3200		-3		
1533	15.3300		-4		
1534	15.3400		-5		
1535	15.3500		-6		
1536	15.3600		-7		
1537	15.3700		-8		
1538	15.3800		-9		
1539	15.3900		-10		
1540	15.4000		-11		
1541	15.4100		-12		
1542	15.4200		-12		
1543	15.4300		-13		
1544	15.4400		-14		
1545	15.4500		-14		
1546	15.4600		-14		
1547	15.4700		-15		
1548	15.4800		-15		
1549	15.4900		-15		
1550	15.5000		-15		
1551	15.5100		-15		
1552	15.5200		-15		
1553	15.5300		-15		
1554	15.5400		-15		
1555	15.5500		-15		
1556	15.5600		-14		
1557	15.5700		-14		
1558	15.5800		-13		
1559	15.5900		-13		
1560	15.6000		-12		
1561	15.6100		-11		
1562	15.6200		-11		
1563	15.6300		-10		
1564	15.6400		-9		
1565	15.6500		-8		
1566	15.6600		-7		
1567	15.6700		-6		
1568	15.6800		-5		
1569	15.6900		-4		
1570	15.7000		-3		
1571	15.7100		-2		
1572	15.7200		-1		
1573	15.7300		1		
1574	15.7400		2		
1575	15.7500		3		
1576	15.7600		4		
1577	15.7700		5		
1578	15.7800		6		
1579	15.7900		7		
1580	15.8000		8		
1581	15.8100		9		
1582	15.8200		10		
1583	15.8300		11		
1584	15.8400		11		
1585	15.8500		12		
1586	15.8600		13		
1587	15.8700		13		
1588	15.8800		14		
1589	15.8900		14		
1590	15.9000		15		
1591	15.9100		15		
1592	15.9200		15		
1593	15.9300		15		
1594	15.9400		16		
1595	15.9500		16		
1596	15.9600		15		
1597	15.9700		15		
1598	15.9800		15		
1599	15.9900		15		
1600	16.0000		14		
1601	16.0100		14		
1602	16.0200		13		
1603	16.0300		13		
1604	16.0400		12		
1605	16.0500		11		
1606	16.0600		11		
1607	16.0700		10		
1608	16.0800		9		
1609	16.0900		8		
1610	16.1000		7		
1611	16.1100		6		
1612	16.1200		5		
1613	16.1300		4		
1614	16.1400		3		
1615	16.1500		2		
1616	16.1600		1		
1617	16.1700		0		
1618	16.1800		-1		
1619	16.1900		-2		
1620	16.2000		-3		
1621	16.2100		-4		
1622	16.2200		-5		
1623	16.2300		-6		
1624	16.2400		-7		
1625	16.2500		-8		
1626	16.2600		-9		
1627	16.2700		-9		
1628	16.2800		-10		
1629	16.2900		-11		
1630	16.3000		-11		
1631	16.3100		-12		
1632	16.3200		-12		
1633	16.3300		-13		
1634	16.3400		-13		
1635	16.3500		-13		
1636	16.3600		-14		
1637	16.3700		-14		
1638	16.3800		-14		
1639	16.3900		-14		
1640	16.4000		-14		
1641	16.4100		-14		
1642	16.4200		-13		
1643	16.4300		-13		
1644	16.4400		-13		
1645	16.4500		-12		
1646	16.4600		-12		
1647	16.4700		-11		
1648	16.4800		-10		
1649	16.4900		-10		
1650	16.5000		-9		
1651	16.5100		-8		
1652	16.5200		-8		
1653	16.5300		-7		
1654	16.5400		-6		
1655	16.5500		-5		
1656	16.5600		-4		
1657	16.5700		-3		
1658	16.5800		-2		
1659	16.5900		-1		
1660	16.6000		0		
1661	16.6100		1		
1662	16.6200		2		
1663	16.6300		3		
1664	16.6400		4		
1665	16.6500		5		
1666	16.6600		6		
1667	16.6700		7		
1668	16.6800		8		
1669	16.6900		8		
1670	16.7000		9		
1671	16.7100		10		
1672	16.7200		11		
1673	16.7300		11		
1674	16.7400		12		
1675	16.7500		12		
1676	16.7600		13		
1677	16.7700		13		
1678	16.7800		14		
1679	16.7900		14		
1680	16.8000		14		
1681	16.8100		14		
1682	16.8200		14		
1683	16.8300		14		
1684	16.8400		14		
1685	16.8500		14		
1686	16.8600		14		
1687	16.8700		13		
1688	16.8800		13		
1689	16.8900		12		
1690	16.9000		12		
1691	16.9100		11		
1692	16.9200		11		
1693	16.9300		10		
1694	16.9400		9		
1695	16.9500		9		
1696	16.9600		8		
1697	16.9700		7		
1698	16.9800		6		
1699	16.9900		5		
1700	17.0000		4		
1701	17.0100		3		
1702	17.0200		2		
1703	17.0300		2		
1704	17.0400		1		
1705	17.0500		0		
1706	17.0600		-1		
1707	17.0700		-2		
1708	17.0800		-3		
1709	17.0900		-4		
1710	17.1000		-5		
1711	17.1100		-6		
1712	17.1200		-6		
1713	17.1300		-7		
1714	17.1400		-8		
1715	17.1500		-9		
1716	17.1600		-9		
1717	17.1700		-10		
1718	17.1800		-10		
1719	17.1900		-11		
1720	17.2000		-11		
1721	17.2100		-12		
1722	17.2200		-12		
1723	17.2300		-12		
1724	17.2400		-12		
1725	17.2500		-12		
1726	17.2600		-12		
1727	17.2700		-12		
1728	17.2800		-12		
1729	17.2900		-12		
1730	17.3000		-12		
1731	17.3100		-12		
1732	17.3200		-11		
1733	17.3300		-11		
1734	17.3400		-10		
1735	17.3500		-10		
1736	17.3600		-9		
1737	17.3700		-8		
1738	17.3800		-8		
1739	17.3900		-7		
1740	17.4000		-6		
1741	17.4100		-6		
1742	17.4200		-5		
1743	17.4300		-4		
1744	17.4400		-3		
1745	17.4500		-2		
1746	17.4600		-1		
1747	17.4700		0		
1748	17.4800		0		
1749	17.4900		1		
1750	17.5000		2		
1751	17.5100		3		
1752	17.5200		4		
1753	17.5300		5		
1754	17.5400		6		
1755	17.5500		6		
1756	17.5600		7		
1757	17.5700		8		
1758	17.5800		9		
1759	17.5900		9		
1760	17.6000		10		
1761	17.6100		10		
1762	17.6200		11		
1763	17.6300		11		
1764	17.6400		12		
1765	17.6500		12		
1766	17.6600		12		
1767	17.6700		12		
1768	17.6800		12		
1769	17.6900		13		
1770	17.7000		13		
1771	17.7100		12		
1772	17.7200		12		
1773	17.7300		12		
1774	17.7400		12		
1775	17.7500		12		
1776	17.7600		11		
1777	17.7700		11		
1778	17.7800		10		
1779	17.7900		10		
1780	17.8000		9		
1781	17.8100		9		
1782	17.8200		8		
1783	17.8300		8		
1784	17.8400		7		
1785	17.8500		6		
1786	17.8600		5		
1787	17.8700		4		
1788	17.8800		4		
1789	17.8900		3		
1790	17.9000		2		
1791	17.9100		1		
1792	17.9200		0		
1793	17.9300		-1		
1794	17.9400		-2		
1795	17.9500		-2		
1796	17.9600		-3		
1797	17.9700		-4		
1798	17.9800		-5		
1799	17.9900		-5		
1800	18.0000		-6		
1801	18.0100		-7		
1802	18.0200		-7		
1803	18.0300		-8		
1804	18.0400		-9		
1805	18.0500		-9		
1806	18.0600		-10		
1807	18.0700		-10		
1808	18.0800		-10		
1809	18.0900		-10		
1810	18.1000		-11		
1811	18.1100		-11		
1812	18.1200		-11		
1813	18.1300		-11		
1814	18.1400		-11		
1815	18.1500		-11		
1816	18.1600		-11		
1817	18.1700		-11		
1818	18.1800		-10		
1819	18.1900		-10		
1820	18.2000		-10		
1821	18.2100		-9		
1822	18.2200		-9		
1823	18.2300		-8		
1824	18.2400		-8		
1825	18.2500		-7		
1826	18.2600		-7		
1827	18.2700		-6		
1828	18.2800		-5		
1829	18.2900		-4		
1830	18.3000		-4		
1831	18.3100		-3		
1832	18.3200		-2		
1833	18.3300		-2		
1834	18.3400		-1		
1835	18.3500		0		
1836	18.3600		1		
1837	18.3700		2		
1838	18.3800		2		
1839	18.3900		3		
1840	18.4000		4		
1841	18.4100		5		
1842	18.4200		6		
1843	18.4300		6		
1844	18.4400		7		
1845	18.4500		8		
1846	18.4600		8		
1847	18.4700		9		
1848	18.4800		9		
1849	18.4900		10		
1850	18.5000		10		
1851	18.5100		10		
1852	18.5200		11		
1853	18.5300		11		
1854	18.5400		11		
1855	18.5500		11		
1856	18.5600		11		
1857	18.5700		11		
1858	18.5800		11		
1859	18.5900		11		
1860	18.6000		11		
1861	18.6100		11		
1862	18.6200		11		
1863	18.6300		10		
1864	18.6400		10		
1865	18.6500		10		
1866	18.6600		9		
1867	18.6700		9		
1868	18.6800		8		
1869	18.6900		8		
1870	18.7000		7		
1871	18.7100		6		
1872	18.7200		6		
1873	18.7300		5		
1874	18.7400		4		
1875	18.7500		4		
1876	18.7600		3		
1877	18.7700		2		
1878	18.7800		1		
1879	18.7900		1		
1880	18.8000		0		
1881	18.8100		-1		
1882	18.8200		-2		
1883	18.8300		-2		
1884	18.8400		-3		
1885	18.8500		-4		
1886	18.8600		-4		
1887	18.8700		-5		
1888	18.8800		-6		
1889	18.8900		-6		
1890	18.9000		-7		
1891	18.9100		-7		
1892	18.9200		-8		
1893	18.9300		-8		
1894	18.9400		-9		
1895	18.9500		-9		
1896	18.9600		-9		
1897	18.9700		-10		
1898	18.9800		-10		
1899	18.9900		-10		
1900	19.0000		-10		
1901	19.0100		-10		
1902	19.0200		-10		
1903	19.0300		-10		
1904	19.0400		-10		
1905	19.0500		-10		
1906	19.0600		-9		
1907	19.0700		-9		
1908	19.0800		-9		
1909	19.0900		-8		
1910	19.1000		-8		
1911	19.1100		-7		
1912	19.1200		-7		
1913	19.1300		-6		
1914	19.1400		-6		
1915	19.1500		-5		
1916	19.1600		-4		
1917	19.1700		-4		
1918	19.1800		-3		
1919	19.1900		-2		
1920	19.2000		-2		
1921	19.2100		-1		
1922	19.2200		0		
1923	19.2300		0		
1924	19.2400		1		
1925	19.2500		2		
1926	19.2600		3		
1927	19.2700		3		
1928	19.2800		4		
1929	19.2900		5		
1930	19.3000		5		
1931	19.3100		6		
1932	19.3200		6		
1933	19.3300		7		
1934	19.3400		8		
1935	19.3500		8		
1936	19.3600		8		
1937	19.3700		9		
1938	19.3800		9		
1939	19.3900		10		
1940	19.4000		10		
1941	19.4100		10		
1942	19.4200		10		
1943	19.4300		10		
1944	19.4400		10		
1945	19.4500		10		
1946	19.4600		10		
1947	19.4700		10		
1948	19.4800		10		
1949	19.4900		10		
1950	19.5000		10		
1951	19.5100		9		
1952	19.5200		9		
1953	19.5300		9		
1954	19.5400		8		
1955	19.5500		8		
1956	19.5600		7		
1957	19.5700		7		
1958	19.5800		6		
1959	19.5900		6		
1960	19.6000		5		
1961	19.6100		4		
1962	19.6200		4		
1963	19.6300		3		
1964	19.6400		2		
1965	19.6500		2		
1966	19.6600		1		
1967	19.6700		0		
1968	19.6800		0		
1969	19.6900		-1		
1970	19.7000		-2		
1971	19.7100		-2		
1972	19.7200		-3		
1973	19.7300		-4		
1974	19.7400		-4		
1975	19.7500		-5		
1976	19.7600		-5		
1977	19.7700		-6		
1978	19.7800		-6		
1979	19.7900		-7		
1980	19.8000		-7		
1981	19.8100		-8		
1982	19.8200		-8		
1983	19.8300		-8		
1984	19.8400		-8		
1985	19.8500		-9		
1986	19.8600		-9		
1987	19.8700		-9		
1988	19.8800		-9		
1989	19.8900		-9		
1990	19.9000		-9		
1991	19.9100		-9		
1992	19.9200		-9		
1993	19.9300		-8		
1994	19.9400		-8		
1995	19.9500		-8		
1996	19.9600		-8		
1997	19.9700		-7		
1998	19.9800		-7		
1999	19.9900		-6		
2000	20.0000		-6		
