#	time(s)	count A	count B	count C	count D
1	0.0100		26		
2	0.0200		32		
3	0.0300		38		
4	0.0400		43		
5	0.0500		48		
6	0.0600		53		
7	0.0700		58		
8	0.0800		62		
9	0.0900		66		
10	0.1000		70		
11	0.1100		73		
12	0.1200		76		
13	0.1300		78		
14	0.1400		81		
15	0.1500		82		
16	0.1600		84		
17	0.1700		84		
18	0.1800		84		
19	0.1900		84		
20	0.2000		84		
21	0.2100		83		
22	0.2200		81		
23	0.2300		79		
24	0.2400		77		
25	0.2500		74		
26	0.2600		71		
27	0.2700		68		
28	0.2800		64		
29	0.2900		60		
30	0.3000		55		
31	0.3100		50		
32	0.3200		45		
33	0.3300		40		
34	0.3400		34		
35	0.3500		28		
36	0.3600		22		
37	0.3700		16		
38	0.3800		10		
39	0.3900		4		
40	0.4000		-2		
41	0.4100		-8		
42	0.4200		-14		
43	0.4300		-20		
44	0.4400		-26		
45	0.4500		-32		
46	0.4600		-38		
47	0.4700		-43		
48	0.4800		-48		
49	0.4900		-53		
50	0.5000		-58		
51	0.5100		-62		
52	0.5200		-66		
53	0.5300		-70		
54	0.5400		-74		
55	0.5500		-76		
56	0.5600		-79		
57	0.5700		-81		
58	0.5800		-82		
59	0.5900		-84		
60	0.6000		-84		
61	0.6100		-85		
62	0.6200		-85		
63	0.6300		-84		
64	0.6400		-84		
65	0.6500		-82		
66	0.6600		-80		
67	0.6700		-78		
68	0.6800		-76		
69	0.6900		-72		
70	0.7000		-69		
71	0.7100		-65		
72	0.7200		-61		
73	0.7300		-56		
74	0.7400		-52		
75	0.7500		-46		
76	0.7600		-41		
77	0.7700		-36		
78	0.7800		-30		
79	0.7900		-24		
80	0.8000		-18		
81	0.8100		-12		
82	0.8200		-6		
83	0.8300		0		
84	0.8400		6		
85	0.8500		12		
86	0.8600		18		
87	0.8700		24		
88	0.8800		30		
89	0.8900		36		
90	0.9000		41		
91	0.9100		46		
92	0.9200		51		
93	0.9300		56		
94	0.9400		60		
95	0.9500		64		
96	0.9600		68		
97	0.9700		72		
98	0.9800		74		
99	0.9900		77		
100	1.0000		79		
101	1.0100		81		
102	1.0200		82		
103	1.0300		83		
104	1.0400		84		
105	1.0500		84		
106	1.0600		83		
107	1.0700		82		
108	1.0800		81		
109	1.0900		79		
110	1.1000		77		
111	1.1100		74		
112	1.1200		72		
113	1.1300		68		
114	1.1400		64		
115	1.1500		60		
116	1.1600		56		
117	1.1700		51		
118	1.1800		46		
119	1.1900		41		
120	1.2000		36		
121	1.2100		30		
122	1.2200		24		
123	1.2300		18		
124	1.2400		12		
125	1.2500		6		
126	1.2600		0		
127	1.2700		-6		
128	1.2800		-12		
129	1.2900		-18		
130	1.3000		-24		
131	1.3100		-30		
132	1.3200		-36		
133	1.3300		-41		
134	1.3400		-46		
135	1.3500		-51		
136	1.3600		-56		
137	1.3700		-60		
138	1.3800		-64		
139	1.3900		-68		
140	1.4000		-72		
141	1.4100		-75		
142	1.4200		-78		
143	1.4300		-80		
144	1.4400		-82		
145	1.4500		-83		
146	1.4600		-84		
147	1.4700		-84		
148	1.4800		-84		
149	1.4900		-84		
150	1.5000		-83		
151	1.5100		-82		
152	1.5200		-80		
153	1.5300		-78		
154	1.5400		-76		
155	1.5500		-73		
156	1.5600		-70		
157	1.5700		-66		
158	1.5800		-62		
159	1.5900		-58		
160	1.6000		-53		
161	1.6100		-48		
162	1.6200		-43		
163	1.6300		-37		
164	1.6400		-32		
165	1.6500		-26		
166	1.6600		-20		
167	1.6700		-14		
168	1.6800		-8		
169	1.6900		-2		
170	1.7000		4		
171	1.7100		10		
172	1.7200		16		
173	1.7300		22		
174	1.7400		28		
175	1.7500		34		
176	1.7600		39		
177	1.7700		44		
178	1.7800		49		
179	1.7900		54		
180	1.8000		58		
181	1.8100		63		
182	1.8200		66		
183	1.8300		70		
184	1.8400		73		
185	1.8500		76		
186	1.8600		78		
187	1.8700		80		
188	1.8800		81		
189	1.8900		82		
190	1.9000		83		
191	1.9100		83		
192	1.9200		83		
193	1.9300		82		
194	1.9400		81		
195	1.9500		79		
196	1.9600		77		
197	1.9700		75		
198	1.9800		72		
199	1.9900		69		
200	2.0000		65		
201	2.0100		61		
202	2.0200		57		
203	2.0300		52		
204	2.0400		48		
205	2.0500		42		
206	2.0600		37		
207	2.0700		32		
208	2.0800		26		
209	2.0900		20		
210	2.1000		14		
211	2.1100		8		
212	2.1200		2		
213	2.1300		-4		
214	2.1400		-10		
215	2.1500		-16		
216	2.1600		-22		
217	2.1700		-28		
218	2.1800		-34		
219	2.1900		-39		
220	2.2000		-44		
221	2.2100		-49		
222	2.2200		-54		
223	2.2300		-59		
224	2.2400		-63		
225	2.2500		-67		
226	2.2600		-70		
227	2.2700		-73		
228	2.2800		-76		
229	2.2900		-78		
230	2.3000		-80		
231	2.3100		-82		
232	2.3200		-83		
233	2.3300		-84		
234	2.3400		-84		
235	2.3500		-84		
236	2.3600		-83		
237	2.3700		-82		
238	2.3800		-80		
239	2.3900		-78		
240	2.4000		-76		
241	2.4100		-73		
242	2.4200		-70		
243	2.4300		-66		
244	2.4400		-62		
245	2.4500		-58		
246	2.4600		-54		
247	2.4700		-49		
248	2.4800		-44		
249	2.4900		-39		
250	2.5000		-33		
251	2.5100		-28		
252	2.5200		-22		
253	2.5300		-16		
254	2.5400		-10		
255	2.5500		-4		
256	2.5600		2		
257	2.5700		8		
258	2.5800		14		
259	2.5900		20		
260	2.6000		26		
261	2.6100		32		
262	2.6200		37		
263	2.6300		42		
264	2.6400		47		
265	2.6500		52		
266	2.6600		57		
267	2.6700		61		
268	2.6800		65		
269	2.6900		68		
270	2.7000		72		
271	2.7100		74		
272	2.7200		76		
273	2.7300		79		
274	2.7400		80		
275	2.7500		82		
276	2.7600		82		
277	2.7700		82		
278	2.7800		82		
279	2.7900		82		
280	2.8000		81		
281	2.8100		79		
282	2.8200		77		
283	2.8300		75		
284	2.8400		72		
285	2.8500		69		
286	2.8600		66		
287	2.8700		62		
288	2.8800		58		
289	2.8900		54		
290	2.9000		49		
291	2.9100		44		
292	2.9200		38		
293	2.9300		33		
294	2.9400		28		
295	2.9500		22		
296	2.9600		16		
297	2.9700		10		
298	2.9800		4		
299	2.9900		-2		
300	3.0000		-8		
301	3.0100		-14		
302	3.0200		-20		
303	3.0300		-26		
304	3.0400		-32		
305	3.0500		-37		
306	3.0600		-42		
307	3.0700		-47		
308	3.0800		-52		
309	3.0900		-57		
310	3.1000		-61		
311	3.1100		-65		
312	3.1200		-68		
313	3.1300		-72		
314	3.1400		-74		
315	3.1500		-77		
316	3.1600		-79		
317	3.1700		-81		
318	3.1800		-82		
319	3.1900		-83		
320	3.2000		-83		
321	3.2100		-83		
322	3.2200		-82		
323	3.2300		-82		
324	3.2400		-80		
325	3.2500		-78		
326	3.2600		-76		
327	3.2700		-74		
328	3.2800		-70		
329	3.2900		-67		
330	3.3000		-64		
331	3.3100		-59		
332	3.3200		-55		
333	3.3300		-50		
334	3.3400		-45		
335	3.3500		-40		
336	3.3600		-35		
337	3.3700		-29		
338	3.3800		-24		
339	3.3900		-18		
340	3.4000		-12		
341	3.4100		-6		
342	3.4200		0		
343	3.4300		6		
344	3.4400		12		
345	3.4500		18		
346	3.4600		24		
347	3.4700		30		
348	3.4800		35		
349	3.4900		40		
350	3.5000		45		
351	3.5100		50		
352	3.5200		55		
353	3.5300		59		
354	3.5400		63		
355	3.5500		67		
356	3.5600		70		
357	3.5700		73		
358	3.5800		75		
359	3.5900		78		
360	3.6000		79		
361	3.6100		80		
362	3.6200		81		
363	3.6300		82		
364	3.6400		82		
365	3.6500		81		
366	3.6600		80		
367	3.6700		79		
368	3.6800		77		
369	3.6900		75		
370	3.7000		72		
371	3.7100		70		
372	3.7200		66		
373	3.7300		63		
374	3.7400		59		
375	3.7500		54		
376	3.7600		50		
377	3.7700		45		
378	3.7800		40		
379	3.7900		34		
380	3.8000		29		
381	3.8100		23		
382	3.8200		18		
383	3.8300		12		
384	3.8400		6		
385	3.8500		0		
386	3.8600		-6		
387	3.8700		-12		
388	3.8800		-18		
389	3.8900		-24		
390	3.9000		-30		
391	3.9100		-35		
392	3.9200		-40		
393	3.9300		-46		
394	3.9400		-50		
395	3.9500		-55		
396	3.9600		-59		
397	3.9700		-63		
398	3.9800		-67		
399	3.9900		-70		
400	4.0000		-73		
401	4.0100		-76		
402	4.0200		-78		
403	4.0300		-80		
404	4.0400		-81		
405	4.0500		-82		
406	4.0600		-82		
407	4.0700		-82		
408	4.0800		-82		
409	4.0900		-81		
410	4.1000		-80		
411	4.1100		-78		
412	4.1200		-76		
413	4.1300		-74		
414	4.1400		-71		
415	4.1500		-68		
416	4.1600		-64		
417	4.1700		-60		
418	4.1800		-56		
419	4.1900		-52		
420	4.2000		-47		
421	4.2100		-42		
422	4.2200		-36		
423	4.2300		-31		
424	4.2400		-25		
425	4.2500		-20		
426	4.2600		-14		
427	4.2700		-8		
428	4.2800		-2		
429	4.2900		4		
430	4.3000		10		
431	4.3100		16		
432	4.3200		22		
433	4.3300		28		
434	4.3400		33		
435	4.3500		38		
436	4.3600		44		
437	4.3700		48		
438	4.3800		53		
439	4.3900		57		
440	4.4000		61		
441	4.4100		65		
442	4.4200		68		
443	4.4300		72		
444	4.4400		74		
445	4.4500		76		
446	4.4600		78		
447	4.4700		80		
448	4.4800		80		
449	4.4900		81		
450	4.5000		81		
451	4.5100		81		
452	4.5200		80		
453	4.5300		79		
454	4.5400		78		
455	4.5500		76		
456	4.5600		73		
457	4.5700		70		
458	4.5800		67		
459	4.5900		64		
460	4.6000		60		
461	4.6100		56		
462	4.6200		51		
463	4.6300		46		
464	4.6400		41		
465	4.6500		36		
466	4.6600		31		
467	4.6700		25		
468	4.6800		20		
469	4.6900		14		
470	4.7000		8		
471	4.7100		2		
472	4.7200		-4		
473	4.7300		-10		
474	4.7400		-16		
475	4.7500		-22		
476	4.7600		-27		
477	4.7700		-33		
478	4.7800		-38		
479	4.7900		-43		
480	4.8000		-48		
481	4.8100		-53		
482	4.8200		-57		
483	4.8300		-62		
484	4.8400		-65		
485	4.8500		-68		
486	4.8600		-72		
487	4.8700		-74		
488	4.8800		-76		
489	4.8900		-78		
490	4.9000		-80		
491	4.9100		-81		
492	4.9200		-82		
493	4.9300		-82		
494	4.9400		-82		
495	4.9500		-81		
496	4.9600		-80		
497	4.9700		-78		
498	4.9800		-76		
499	4.9900		-74		
500	5.0000		-72		
501	5.0100		-68		
502	5.0200		-65		
503	5.0300		-61		
504	5.0400		-57		
505	5.0500		-52		
506	5.0600		-48		
507	5.0700		-43		
508	5.0800		-38		
509	5.0900		-32		
510	5.1000		-27		
511	5.1100		-21		
512	5.1200		-16		
513	5.1300		-10		
514	5.1400		-4		
515	5.1500		2		
516	5.1600		8		
517	5.1700		14		
518	5.1800		20		
519	5.1900		25		
520	5.2000		31		
521	5.2100		36		
522	5.2200		42		
523	5.2300		46		
524	5.2400		51		
525	5.2500		56		
526	5.2600		60		
527	5.2700		63		
528	5.2800		67		
529	5.2900		70		
530	5.3000		73		
531	5.3100		75		
532	5.3200		77		
533	5.3300		78		
534	5.3400		80		
535	5.3500		80		
536	5.3600		80		
537	5.3700		80		
538	5.3800		80		
539	5.3900		79		
540	5.4000		77		
541	5.4100		76		
542	5.4200		73		
543	5.4300		70		
544	5.4400		68		
545	5.4500		64		
546	5.4600		60		
547	5.4700		56		
548	5.4800		52		
549	5.4900		48		
550	5.5000		42		
551	5.5100		38		
552	5.5200		32		
553	5.5300		27		
554	5.5400		21		
555	5.5500		15		
556	5.5600		10		
557	5.5700		4		
558	5.5800		-2		
559	5.5900		-8		
560	5.6000		-14		
561	5.6100		-20		
562	5.6200		-26		
563	5.6300		-31		
564	5.6400		-36		
565	5.6500		-42		
566	5.6600		-46		
567	5.6700		-51		
568	5.6800		-56		
569	5.6900		-60		
570	5.7000		-64		
571	5.7100		-67		
572	5.7200		-70		
573	5.7300		-73		
574	5.7400		-76		
575	5.7500		-78		
576	5.7600		-79		
577	5.7700		-80		
578	5.7800		-81		
579	5.7900		-81		
580	5.8000		-81		
581	5.8100		-81		
582	5.8200		-80		
583	5.8300		-78		
584	5.8400		-76		
585	5.8500		-74		
586	5.8600		-72		
587	5.8700		-69		
588	5.8800		-66		
589	5.8900		-62		
590	5.9000		-58		
591	5.9100		-54		
592	5.9200		-49		
593	5.9300		-44		
594	5.9400		-39		
595	5.9500		-34		
596	5.9600		-28		
597	5.9700		-23		
598	5.9800		-17		
599	5.9900		-12		
600	6.0000		-6		
601	6.0100		0		
602	6.0200		6		
603	6.0300		12		
604	6.0400		18		
605	6.0500		23		
606	6.0600		29		
607	6.0700		34		
608	6.0800		39		
609	6.0900		44		
610	6.1000		49		
611	6.1100		54		
612	6.1200		58		
613	6.1300		62		
614	6.1400		65		
615	6.1500		68		
616	6.1600		71		
617	6.1700		74		
618	6.1800		76		
619	6.1900		77		
620	6.2000		78		
621	6.2100		80		
622	6.2200		80		
623	6.2300		80		
624	6.2400		79		
625	6.2500		78		
626	6.2600		77		
627	6.2700		76		
628	6.2800		74		
629	6.2900		71		
630	6.3000		68		
631	6.3100		65		
632	6.3200		61		
633	6.3300		57		
634	6.3400		53		
635	6.3500		48		
636	6.3600		44		
637	6.3700		39		
638	6.3800		34		
639	6.3900		28		
640	6.4000		23		
641	6.4100		17		
642	6.4200		11		
643	6.4300		6		
644	6.4400		0		
645	6.4500		-6		
646	6.4600		-12		
647	6.4700		-18		
648	6.4800		-24		
649	6.4900		-29		
650	6.5000		-34		
651	6.5100		-40		
652	6.5200		-44		
653	6.5300		-49		
654	6.5400		-54		
655	6.5500		-58		
656	6.5600		-62		
657	6.5700		-66		
658	6.5800		-69		
659	6.5900		-72		
660	6.6000		-74		
661	6.6100		-76		
662	6.6200		-78		
663	6.6300		-79		
664	6.6400		-80		
665	6.6500		-80		
666	6.6600		-80		
667	6.6700		-80		
668	6.6800		-80		
669	6.6900		-78		
670	6.7000		-76		
671	6.7100		-74		
672	6.7200		-72		
673	6.7300		-69		
674	6.7400		-66		
675	6.7500		-63		
676	6.7600		-59		
677	6.7700		-55		
678	6.7800		-50		
679	6.7900		-46		
680	6.8000		-40		
681	6.8100		-36		
682	6.8200		-30		
683	6.8300		-25		
684	6.8400		-19		
685	6.8500		-13		
686	6.8600		-8		
687	6.8700		-2		
688	6.8800		4		
689	6.8900		10		
690	6.9000		16		
691	6.9100		21		
692	6.9200		27		
693	6.9300		32		
694	6.9400		38		
695	6.9500		42		
696	6.9600		47		
697	6.9700		52		
698	6.9800		56		
699	6.9900		60		
700	7.0000		64		
701	7.0100		67		
702	7.0200		70		
703	7.0300		72		
704	7.0400		74		
705	7.0500		76		
706	7.0600		78		
707	7.0700		78		
708	7.0800		79		
709	7.0900		79		
710	7.1000		79		
711	7.1100		78		
712	7.1200		77		
713	7.1300		76		
714	7.1400		74		
715	7.1500		71		
716	7.1600		68		
717	7.1700		66		
718	7.1800		62		
719	7.1900		58		
720	7.2000		54		
721	7.2100		50		
722	7.2200		45		
723	7.2300		40		
724	7.2400		35		
725	7.2500		30		
726	7.2600		24		
727	7.2700		19		
728	7.2800		13		
729	7.2900		8		
730	7.3000		2		
731	7.3100		-4		
732	7.3200		-10		
733	7.3300		-16		
734	7.3400		-21		
735	7.3500		-27		
736	7.3600		-32		
737	7.3700		-38		
738	7.3800		-42		
739	7.3900		-47		
740	7.4000		-52		
741	7.4100		-56		
742	7.4200		-60		
743	7.4300		-64		
744	7.4400		-67		
745	7.4500		-70		
746	7.4600		-73		
747	7.4700		-75		
748	7.4800		-77		
749	7.4900		-78		
750	7.5000		-79		
751	7.5100		-80		
752	7.5200		-80		
753	7.5300		-80		
754	7.5400		-79		
755	7.5500		-78		
756	7.5600		-76		
757	7.5700		-75		
758	7.5800		-72		
759	7.5900		-70		
760	7.6000		-67		
761	7.6100		-64		
762	7.6200		-60		
763	7.6300		-56		
764	7.6400		-51		
765	7.6500		-47		
766	7.6600		-42		
767	7.6700		-37		
768	7.6800		-32		
769	7.6900		-26		
770	7.7000		-21		
771	7.7100		-15		
772	7.7200		-9		
773	7.7300		-4		
774	7.7400		2		
775	7.7500		8		
776	7.7600		14		
777	7.7700		19		
778	7.7800		25		
779	7.7900		30		
780	7.8000		35		
781	7.8100		40		
782	7.8200		45		
783	7.8300		50		
784	7.8400		54		
785	7.8500		58		
786	7.8600		62		
787	7.8700		65		
788	7.8800		68		
789	7.8900		71		
790	7.9000		73		
791	7.9100		75		
792	7.9200		76		
793	7.9300		78		
794	7.9400		78		
795	7.9500		78		
796	7.9600		78		
797	7.9700		78		
798	7.9800		77		
799	7.9900		76		
800	8.0000		74		
801	8.0100		71		
802	8.0200		69		
803	8.0300		66		
804	8.0400		62		
805	8.0500		59		
806	8.0600		55		
807	8.0700		51		
808	8.0800		46		
809	8.0900		42		
810	8.1000		36		
811	8.1100		31		
812	8.1200		26		
813	8.1300		20		
814	8.1400		15		
815	8.1500		9		
816	8.1600		4		
817	8.1700		-2		
818	8.1800		-8		
819	8.1900		-14		
820	8.2000		-19		
821	8.2100		-25		
822	8.2200		-30		
823	8.2300		-36		
824	8.2400		-40		
825	8.2500		-45		
826	8.2600		-50		
827	8.2700		-54		
828	8.2800		-58		
829	8.2900		-62		
830	8.3000		-66		
831	8.3100		-68		
832	8.3200		-71		
833	8.3300		-74		
834	8.3400		-76		
835	8.3500		-77		
836	8.3600		-78		
837	8.3700		-79		
838	8.3800		-79		
839	8.3900		-79		
840	8.4000		-79		
841	8.4100		-78		
842	8.4200		-76		
843	8.4300		-75		
844	8.4400		-72		
845	8.4500		-70		
846	8.4600		-67		
847	8.4700		-64		
848	8.4800		-60		
849	8.4900		-56		
850	8.5000		-52		
851	8.5100		-48		
852	8.5200		-43		
853	8.5300		-38		
854	8.5400		-33		
855	8.5500		-28		
856	8.5600		-22		
857	8.5700		-17		
858	8.5800		-11		
859	8.5900		-6		
860	8.6000		0		
861	8.6100		6		
862	8.6200		12		
863	8.6300		17		
864	8.6400		23		
865	8.6500		28		
866	8.6600		34		
867	8.6700		38		
868	8.6800		43		
869	8.6900		48		
870	8.7000		52		
871	8.7100		56		
872	8.7200		60		
873	8.7300		64		
874	8.7400		67		
875	8.7500		70		
876	8.7600		72		
877	8.7700		74		
878	8.7800		76		
879	8.7900		77		
880	8.8000		78		
881	8.8100		78		
882	8.8200		78		
883	8.8300		78		
884	8.8400		76		
885	8.8500		75		
886	8.8600		74		
887	8.8700		72		
888	8.8800		69		
889	8.8900		66		
890	8.9000		63		
891	8.9100		60		
892	8.9200		56		
893	8.9300		52		
894	8.9400		47		
895	8.9500		42		
896	8.9600		38		
897	8.9700		33		
898	8.9800		28		
899	8.9900		22		
900	9.0000		16		
901	9.0100		11		
902	9.0200		5		
903	9.0300		0		
904	9.0400		-6		
905	9.0500		-12		
906	9.0600		-18		
907	9.0700		-23		
908	9.0800		-28		
909	9.0900		-34		
910	9.1000		-38		
911	9.1100		-44		
912	9.1200		-48		
913	9.1300		-52		
914	9.1400		-57		
915	9.1500		-60		
916	9.1600		-64		
917	9.1700		-67		
918	9.1800		-70		
919	9.1900		-72		
920	9.2000		-74		
921	9.2100		-76		
922	9.2200		-78		
923	9.2300		-78		
924	9.2400		-79		
925	9.2500		-79		
926	9.2600		-78		
927	9.2700		-78		
928	9.2800		-76		
929	9.2900		-75		
930	9.3000		-73		
931	9.3100		-70		
932	9.3200		-68		
933	9.3300		-64		
934	9.3400		-61		
935	9.3500		-58		
936	9.3600		-53		
937	9.3700		-49		
938	9.3800		-44		
939	9.3900		-40		
940	9.4000		-35		
941	9.4100		-30		
942	9.4200		-24		
943	9.4300		-18		
944	9.4400		-13		
945	9.4500		-7		
946	9.4600		-2		
947	9.4700		4		
948	9.4800		10		
949	9.4900		15		
950	9.5000		21		
951	9.5100		26		
952	9.5200		32		
953	9.5300		36		
954	9.5400		41		
955	9.5500		46		
956	9.5600		50		
957	9.5700		54		
958	9.5800		58		
959	9.5900		62		
960	9.6000		65		
961	9.6100		68		
962	9.6200		70		
963	9.6300		73		
964	9.6400		74		
965	9.6500		76		
966	9.6600		76		
967	9.6700		77		
968	9.6800		77		
969	9.6900		77		
970	9.7000		76		
971	9.7100		75		
972	9.7200		74		
973	9.7300		72		
974	9.7400		70		
975	9.7500		67		
976	9.7600		64		
977	9.7700		60		
978	9.7800		57		
979	9.7900		53		
980	9.8000		48		
981	9.8100		44		
982	9.8200		39		
983	9.8300		34		
984	9.8400		29		
985	9.8500		24		
986	9.8600		18		
987	9.8700		13		
988	9.8800		7		
989	9.8900		2		
990	9.9000		-4		
991	9.9100		-10		
992	9.9200		-16		
993	9.9300		-21		
994	9.9400		-26		
995	9.9500		-32		
996	9.9600		-37		
997	9.9700		-42		
998	9.9800		-46		
999	9.9900		-51		
1000	10.0000		-55		
1001	10.0100		-59		
1002	10.0200		-62		
1003	10.0300		-66		
1004	10.0400		-68		
1005	10.0500		-71		
1006	10.0600		-73		
1007	10.0700		-75		
1008	10.0800		-76		
1009	10.0900		-78		
1010	10.1000		-78		
1011	10.1100		-78		
1012	10.1200		-78		
1013	10.1300		-77		
1014	10.1400		-76		
1015	10.1500		-75		
1016	10.1600		-73		
1017	10.1700		-71		
1018	10.1800		-68		
1019	10.1900		-65		
1020	10.2000		-62		
1021	10.2100		-58		
1022	10.2200		-54		
1023	10.2300		-50		
1024	10.2400		-46		
1025	10.2500		-41		
1026	10.2600		-36		
1027	10.2700		-31		
1028	10.2800		-26		
1029	10.2900		-20		
1030	10.3000		-15		
1031	10.3100		-9		
1032	10.3200		-4		
1033	10.3300		2		
1034	10.3400		8		
1035	10.3500		13		
1036	10.3600		19		
1037	10.3700		24		
1038	10.3800		30		
1039	10.3900		34		
1040	10.4000		40		
1041	10.4100		44		
1042	10.4200		49		
1043	10.4300		53		
1044	10.4400		57		
1045	10.4500		60		
1046	10.4600		64		
1047	10.4700		66		
1048	10.4800		69		
1049	10.4900		72		
1050	10.5000		73		
1051	10.5100		75		
1052	10.5200		76		
1053	10.5300		76		
1054	10.5400		77		
1055	10.5500		76		
1056	10.5600		76		
1057	10.5700		75		
1058	10.5800		74		
1059	10.5900		72		
1060	10.6000		70		
1061	10.6100		67		
1062	10.6200		64		
1063	10.6300		61		
1064	10.6400		58		
1065	10.6500		54		
1066	10.6600		50		
1067	10.6700		45		
1068	10.6800		40		
1069	10.6900		36		
1070	10.7000		30		
1071	10.7100		25		
1072	10.7200		20		
1073	10.7300		14		
1074	10.7400		9		
1075	10.7500		3		
1076	10.7600		-2		
1077	10.7700		-8		
1078	10.7800		-14		
1079	10.7900		-19		
1080	10.8000		-24		
1081	10.8100		-30		
1082	10.8200		-35		
1083	10.8300		-40		
1084	10.8400		-44		
1085	10.8500		-49		
1086	10.8600		-53		
1087	10.8700		-57		
1088	10.8800		-61		
1089	10.8900		-64		
1090	10.9000		-67		
1091	10.9100		-70		
1092	10.9200		-72		
1093	10.9300		-74		
1094	10.9400		-75		
1095	10.9500		-76		
1096	10.9600		-77		
1097	10.9700		-78		
1098	10.9800		-78		
1099	10.9900		-77		
1100	11.0000		-76		
1101	11.0100		-74		
1102	11.0200		-73		
1103	11.0300		-71		
1104	11.0400		-68		
1105	11.0500		-66		
1106	11.0600		-62		
1107	11.0700		-59		
1108	11.0800		-55		
1109	11.0900		-51		
1110	11.1000		-47		
1111	11.1100		-42		
1112	11.1200		-37		
1113	11.1300		-32		
1114	11.1400		-27		
1115	11.1500		-22		
1116	11.1600		-16		
1117	11.1700		-11		
1118	11.1800		-5		
1119	11.1900		0		
1120	11.2000		6		
1121	11.2100		12		
1122	11.2200		17		
1123	11.2300		22		
1124	11.2400		28		
1125	11.2500		33		
1126	11.2600		38		
1127	11.2700		42		
1128	11.2800		47		
1129	11.2900		51		
1130	11.3000		55		
1131	11.3100		59		
1132	11.3200		62		
1133	11.3300		65		
1134	11.3400		68		
1135	11.3500		70		
1136	11.3600		72		
1137	11.3700		74		
1138	11.3800		75		
1139	11.3900		76		
1140	11.4000		76		
1141	11.4100		76		
1142	11.4200		76		
1143	11.4300		75		
1144	11.4400		74		
1145	11.4500		72		
1146	11.4600		70		
1147	11.4700		68		
1148	11.4800		65		
1149	11.4900		62		
1150	11.5000		58		
1151	11.5100		54		
1152	11.5200		50		
1153	11.5300		46		
1154	11.5400		42		
1155	11.5500		37		
1156	11.5600		32		
1157	11.5700		27		
1158	11.5800		22		
1159	11.5900		16		
1160	11.6000		10		
1161	11.6100		5		
1162	11.6200		-1		
1163	11.6300		-6		
1164	11.6400		-12		
1165	11.6500		-17		
1166	11.6600		-22		
1167	11.6700		-28		
1168	11.6800		-33		
1169	11.6900		-38		
1170	11.7000		-42		
1171	11.7100		-47		
1172	11.7200		-52		
1173	11.7300		-56		
1174	11.7400		-59		
1175	11.7500		-62		
1176	11.7600		-66		
1177	11.7700		-68		
1178	11.7800		-71		
1179	11.7900		-73		
1180	11.8000		-74		
1181	11.8100		-76		
1182	11.8200		-76		
1183	11.8300		-77		
1184	11.8400		-77		
1185	11.8500		-76		
1186	11.8600		-76		
1187	11.8700		-74		
1188	11.8800		-73		
1189	11.8900		-71		
1190	11.9000		-69		
1191	11.9100		-66		
1192	11.9200		-63		
1193	11.9300		-60		
1194	11.9400		-56		
1195	11.9500		-52		
1196	11.9600		-48		
1197	11.9700		-43		
1198	11.9800		-38		
1199	11.9900		-34		
1200	12.0000		-28		
1201	12.0100		-23		
1202	12.0200		-18		
1203	12.0300		-12		
1204	12.0400		-7		
1205	12.0500		-2		
1206	12.0600		4		
1207	12.0700		10		
1208	12.0800		15		
1209	12.0900		20		
1210	12.1000		26		
1211	12.1100		31		
1212	12.1200		36		
1213	12.1300		40		
1214	12.1400		45		
1215	12.1500		50		
1216	12.1600		54		
1217	12.1700		57		
1218	12.1800		60		
1219	12.1900		64		
1220	12.2000		66		
1221	12.2100		69		
1222	12.2200		71		
1223	12.2300		73		
1224	12.2400		74		
1225	12.2500		75		
1226	12.2600		75		
1227	12.2700		76		
1228	12.2800		75		
1229	12.2900		74		
1230	12.3000		73		
1231	12.3100		72		
1232	12.3200		70		
1233	12.3300		68		
1234	12.3400		65		
1235	12.3500		62		
1236	12.3600		59		
1237	12.3700		55		
1238	12.3800		51		
1239	12.3900		47		
1240	12.4000		42		
1241	12.4100		38		
1242	12.4200		33		
1243	12.4300		28		
1244	12.4400		23		
1245	12.4500		18		
1246	12.4600		12		
1247	12.4700		7		
1248	12.4800		1		
1249	12.4900		-4		
1250	12.5000		-10		
1251	12.5100		-15		
1252	12.5200		-21		
1253	12.5300		-26		
1254	12.5400		-31		
1255	12.5500		-36		
1256	12.5600		-41		
1257	12.5700		-45		
1258	12.5800		-50		
1259	12.5900		-54		
1260	12.6000		-58		
1261	12.6100		-61		
1262	12.6200		-64		
1263	12.6300		-67		
1264	12.6400		-70		
1265	12.6500		-72		
1266	12.6600		-73		
1267	12.6700		-74		
1268	12.6800		-76		
1269	12.6900		-76		
1270	12.7000		-76		
1271	12.7100		-76		
1272	12.7200		-75		
1273	12.7300		-74		
1274	12.7400		-73		
1275	12.7500		-71		
1276	12.7600		-69		
1277	12.7700		-66		
1278	12.7800		-64		
1279	12.7900		-60		
1280	12.8000		-57		
1281	12.8100		-53		
1282	12.8200		-49		
1283	12.8300		-44		
1284	12.8400		-40		
1285	12.8500		-35		
1286	12.8600		-30		
1287	12.8700		-25		
1288	12.8800		-20		
1289	12.8900		-14		
1290	12.9000		-9		
1291	12.9100		-3		
1292	12.9200		2		
1293	12.9300		8		
1294	12.9400		13		
1295	12.9500		18		
1296	12.9600		24		
1297	12.9700		29		
1298	12.9800		34		
1299	12.9900		39		
1300	13.0000		43		
1301	13.0100		48		
1302	13.0200		52		
1303	13.0300		56		
1304	13.0400		59		
1305	13.0500		62		
1306	13.0600		65		
1307	13.0700		68		
1308	13.0800		70		
1309	13.0900		72		
1310	13.1000		73		
1311	13.1100		74		
1312	13.1200		74		
1313	13.1300		75		
1314	13.1400		74		
1315	13.1500		74		
1316	13.1600		73		
1317	13.1700		72		
1318	13.1800		70		
1319	13.1900		68		
1320	13.2000		66		
1321	13.2100		62		
1322	13.2200		59		
1323	13.2300		56		
1324	13.2400		52		
1325	13.2500		48		
1326	13.2600		44		
1327	13.2700		39		
1328	13.2800		34		
1329	13.2900		30		
1330	13.3000		24		
1331	13.3100		19		
1332	13.3200		14		
1333	13.3300		8		
1334	13.3400		3		
1335	13.3500		-2		
1336	13.3600		-8		
1337	13.3700		-14		
1338	13.3800		-19		
1339	13.3900		-24		
1340	13.4000		-29		
1341	13.4100		-34		
1342	13.4200		-39		
1343	13.4300		-44		
1344	13.4400		-48		
1345	13.4500		-52		
1346	13.4600		-56		
1347	13.4700		-60		
1348	13.4800		-63		
1349	13.4900		-66		
1350	13.5000		-68		
1351	13.5100		-70		
1352	13.5200		-72		
1353	13.5300		-74		
1354	13.5400		-75		
1355	13.5500		-75		
1356	13.5600		-76		
1357	13.5700		-76		
1358	13.5800		-75		
1359	13.5900		-74		
1360	13.6000		-73		
1361	13.6100		-71		
1362	13.6200		-69		
1363	13.6300		-67		
1364	13.6400		-64		
1365	13.6500		-61		
1366	13.6600		-57		
1367	13.6700		-54		
1368	13.6800		-50		
1369	13.6900		-45		
1370	13.7000		-41		
1371	13.7100		-36		
1372	13.7200		-31		
1373	13.7300		-26		
1374	13.7400		-21		
1375	13.7500		-16		
1376	13.7600		-10		
1377	13.7700		-5		
1378	13.7800		0		
1379	13.7900		6		
1380	13.8000		11		
1381	13.8100		17		
1382	13.8200		22		
1383	13.8300		27		
1384	13.8400		32		
1385	13.8500		37		
1386	13.8600		42		
1387	13.8700		46		
1388	13.8800		50		
1389	13.8900		54		
1390	13.9000		58		
1391	13.9100		61		
1392	13.9200		64		
1393	13.9300		66		
1394	13.9400		68		
1395	13.9500		70		
1396	13.9600		72		
1397	13.9700		73		
1398	13.9800		74		
1399	13.9900		74		
1400	14.0000		74		
1401	14.0100		74		
1402	14.0200		73		
1403	14.0300		72		
1404	14.0400		70		
1405	14.0500		68		
1406	14.0600		66		
1407	14.0700		63		
1408	14.0800		60		
1409	14.0900		56		
1410	14.1000		53		
1411	14.1100		49		
1412	14.1200		45		
1413	14.1300		40		
1414	14.1400		36		
1415	14.1500		31		
1416	14.1600		26		
1417	14.1700		21		
1418	14.1800		15		
1419	14.1900		10		
1420	14.2000		5		
1421	14.2100		-1		
1422	14.2200		-6		
1423	14.2300		-12		
1424	14.2400		-17		
1425	14.2500		-22		
1426	14.2600		-27		
1427	14.2700		-32		
1428	14.2800		-37		
1429	14.2900		-42		
1430	14.3000		-46		
1431	14.3100		-50		
1432	14.3200		-54		
1433	14.3300		-58		
1434	14.3400		-61		
1435	14.3500		-64		
1436	14.3600		-67		
1437	14.3700		-69		
1438	14.3800		-71		
1439	14.3900		-72		
1440	14.4000		-74		
1441	14.4100		-74		
1442	14.4200		-75		
1443	14.4300		-75		
1444	14.4400		-74		
1445	14.4500		-74		
1446	14.4600		-73		
1447	14.4700		-71		
1448	14.4800		-69		
1449	14.4900		-67		
1450	14.5000		-64		
1451	14.5100		-61		
1452	14.5200		-58		
1453	14.5300		-54		
1454	14.5400		-50		
1455	14.5500		-46		
1456	14.5600		-42		
1457	14.5700		-38		
1458	14.5800		-33		
1459	14.5900		-28		
1460	14.6000		-22		
1461	14.6100		-17		
1462	14.6200		-12		
1463	14.6300		-6		
1464	14.6400		-1		
1465	14.6500		4		
1466	14.6600		10		
1467	14.6700		15		
1468	14.6800		20		
1469	14.6900		25		
1470	14.7000		30		
1471	14.7100		35		
1472	14.7200		40		
1473	14.7300		44		
1474	14.7400		48		
1475	14.7500		52		
1476	14.7600		56		
1477	14.7700		59		
1478	14.7800		62		
1479	14.7900		65		
1480	14.8000		67		
1481	14.8100		69		
1482	14.8200		71		
1483	14.8300		72		
1484	14.8400		73		
1485	14.8500		74		
1486	14.8600		74		
1487	14.8700		73		
1488	14.8800		72		
1489	14.8900		72		
1490	14.9000		70		
1491	14.9100		68		
1492	14.9200		66		
1493	14.9300		63		
1494	14.9400		60		
1495	14.9500		57		
1496	14.9600		54		
1497	14.9700		50		
1498	14.9800		46		
1499	14.9900		42		
1500	15.0000		37		
1501	15.0100		32		
1502	15.0200		27		
1503	15.0300		22		
1504	15.0400		17		
1505	15.0500		12		
1506	15.0600		6		
1507	15.0700		1		
1508	15.0800		-4		
1509	15.0900		-10		
1510	15.1000		-15		
1511	15.1100		-20		
1512	15.1200		-26		
1513	15.1300		-30		
1514	15.1400		-35		
1515	15.1500		-40		
1516	15.1600		-44		
1517	15.1700		-48		
1518	15.1800		-52		
1519	15.1900		-56		
1520	15.2000		-60		
1521	15.2100		-63		
1522	15.2200		-66		
1523	15.2300		-68		
1524	15.2400		-70		
1525	15.2500		-72		
1526	15.2600		-73		
1527	15.2700		-74		
1528	15.2800		-74		
1529	15.2900		-74		
1530	15.3000		-74		
1531	15.3100		-74		
1532	15.3200		-72		
1533	15.3300		-71		
1534	15.3400		-69		
1535	15.3500		-67		
1536	15.3600		-65		
1537	15.3700		-62		
1538	15.3800		-59		
1539	15.3900		-55		
1540	15.4000		-52		
1541	15.4100		-47		
1542	15.4200		-43		
1543	15.4300		-38		
1544	15.4400		-34		
1545	15.4500		-29		
1546	15.4600		-24		
1547	15.4700		-19		
1548	15.4800		-14		
1549	15.4900		-8		
1550	15.5000		-3		
1551	15.5100		2		
1552	15.5200		8		
1553	15.5300		13		
1554	15.5400		18		
1555	15.5500		24		
1556	15.5600		28		
1557	15.5700		33		
1558	15.5800		38		
1559	15.5900		42		
1560	15.6000		46		
1561	15.6100		50		
1562	15.6200		54		
1563	15.6300		58		
1564	15.6400		61		
1565	15.6500		64		
1566	15.6600		66		
1567	15.6700		68		
1568	15.6800		70		
1569	15.6900		71		
1570	15.7000		72		
1571	15.7100		73		
1572	15.7200		73		
1573	15.7300		73		
1574	15.7400		72		
1575	15.7500		71		
1576	15.7600		70		
1577	15.7700		68		
1578	15.7800		66		
1579	15.7900		64		
1580	15.8000		61		
1581	15.8100		58		
1582	15.8200		54		
1583	15.8300		51		
1584	15.8400		47		
1585	15.8500		42		
1586	15.8600		38		
1587	15.8700		34		
1588	15.8800		29		
1589	15.8900		24		
1590	15.9000		18		
1591	15.9100		13		
1592	15.9200		8		
1593	15.9300		3		
1594	15.9400		-2		
1595	15.9500		-8		
1596	15.9600		-13		
1597	15.9700		-18		
1598	15.9800		-24		
1599	15.9900		-28		
1600	16.0000		-34		
1601	16.0100		-38		
1602	16.0200		-42		
1603	16.0300		-47		
1604	16.0400		-51		
1605	16.0500		-54		
1606	16.0600		-58		
1607	16.0700		-61		
1608	16.0800		-64		
1609	16.0900		-66		
1610	16.1000		-69		
1611	16.1100		-70		
1612	16.1200		-72		
1613	16.1300		-73		
1614	16.1400		-74		
1615	16.1500		-74		
1616	16.1600		-74		
1617	16.1700		-73		
1618	16.1800		-72		
1619	16.1900		-71		
1620	16.2000		-70		
1621	16.2100		-68		
1622	16.2200		-65		
1623	16.2300		-62		
1624	16.2400		-59		
1625	16.2500		-56		
1626	16.2600		-52		
1627	16.2700		-48		
1628	16.2800		-44		
1629	16.2900		-40		
1630	16.3000		-35		
1631	16.3100		-30		
1632	16.3200		-26		
1633	16.3300		-20		
1634	16.3400		-15		
1635	16.3500		-10		
1636	16.3600		-5		
1637	16.3700		0		
1638	16.3800		6		
1639	16.3900		11		
1640	16.4000		16		
1641	16.4100		22		
1642	16.4200		26		
1643	16.4300		32		
1644	16.4400		36		
1645	16.4500		40		
1646	16.4600		45		
1647	16.4700		49		
1648	16.4800		53		
1649	16.4900		56		
1650	16.5000		59		
1651	16.5100		62		
1652	16.5200		65		
1653	16.5300		67		
1654	16.5400		69		
1655	16.5500		70		
1656	16.5600		71		
1657	16.5700		72		
1658	16.5800		72		
1659	16.5900		72		
1660	16.6000		72		
1661	16.6100		71		
1662	16.6200		70		
1663	16.6300		68		
1664	16.6400		66		
1665	16.6500		64		
1666	16.6600		61		
1667	16.6700		58		
1668	16.6800		55		
1669	16.6900		52		
1670	16.7000		48		
1671	16.7100		44		
1672	16.7200		39		
1673	16.7300		35		
1674	16.7400		30		
1675	16.7500		25		
1676	16.7600		20		
1677	16.7700		15		
1678	16.7800		10		
1679	16.7900		4		
1680	16.8000		-1		
1681	16.8100		-6		
1682	16.8200		-12		
1683	16.8300		-17		
1684	16.8400		-22		
1685	16.8500		-27		
1686	16.8600		-32		
1687	16.8700		-36		
1688	16.8800		-41		
1689	16.8900		-45		
1690	16.9000		-49		
1691	16.9100		-53		
1692	16.9200		-56		
1693	16.9300		-60		
1694	16.9400		-63		
1695	16.9500		-65		
1696	16.9600		-68		
1697	16.9700		-70		
1698	16.9800		-71		
1699	16.9900		-72		
1700	17.0000		-73		
1701	17.0100		-73		
1702	17.0200		-73		
1703	17.0300		-73		
1704	17.0400		-72		
1705	17.0500		-71		
1706	17.0600		-69		
1707	17.0700		-68		
1708	17.0800		-65		
1709	17.0900		-62		
1710	17.1000		-60		
1711	17.1100		-56		
1712	17.1200		-53		
1713	17.1300		-49		
1714	17.1400		-45		
1715	17.1500		-41		
1716	17.1600		-36		
1717	17.1700		-32		
1718	17.1800		-27		
1719	17.1900		-22		
1720	17.2000		-17		
1721	17.2100		-12		
1722	17.2200		-6		
1723	17.2300		-1		
1724	17.2400		4		
1725	17.2500		10		
1726	17.2600		15		
1727	17.2700		20		
1728	17.2800		25		
1729	17.2900		30		
1730	17.3000		34		
1731	17.3100		39		
1732	17.3200		43		
1733	17.3300		48		
1734	17.3400		51		
1735	17.3500		55		
1736	17.3600		58		
1737	17.3700		61		
1738	17.3800		64		
1739	17.3900		66		
1740	17.4000		68		
1741	17.4100		70		
1742	17.4200		71		
1743	17.4300		72		
1744	17.4400		72		
1745	17.4500		72		
1746	17.4600		72		
1747	17.4700		71		
1748	17.4800		70		
1749	17.4900		68		
1750	17.5000		66		
1751	17.5100		64		
1752	17.5200		62		
1753	17.5300		59		
1754	17.5400		56		
1755	17.5500		52		
1756	17.5600		48		
1757	17.5700		45		
1758	17.5800		40		
1759	17.5900		36		
1760	17.6000		31		
1761	17.6100		26		
1762	17.6200		22		
1763	17.6300		16		
1764	17.6400		11		
1765	17.6500		6		
1766	17.6600		1		
1767	17.6700		-4		
1768	17.6800		-10		
1769	17.6900		-15		
1770	17.7000		-20		
1771	17.7100		-25		
1772	17.7200		-30		
1773	17.7300		-35		
1774	17.7400		-39		
1775	17.7500		-44		
1776	17.7600		-48		
1777	17.7700		-52		
1778	17.7800		-55		
1779	17.7900		-58		
1780	17.8000		-61		
1781	17.8100		-64		
1782	17.8200		-66		
1783	17.8300		-68		
1784	17.8400		-70		
1785	17.8500		-71		
1786	17.8600		-72		
1787	17.8700		-72		
1788	17.8800		-73		
1789	17.8900		-72		
1790	17.9000		-72		
1791	17.9100		-71		
1792	17.9200		-70		
1793	17.9300		-68		
1794	17.9400		-66		
1795	17.9500		-63		
1796	17.9600		-60		
1797	17.9700		-57		
1798	17.9800		-54		
1799	17.9900		-50		
1800	18.0000		-46		
1801	18.0100		-42		
1802	18.0200		-38		
1803	18.0300		-33		
1804	18.0400		-28		
1805	18.0500		-23		
1806	18.0600		-18		
1807	18.0700		-13		
1808	18.0800		-8		
1809	18.0900		-3		
1810	18.1000		2		
1811	18.1100		8		
1812	18.1200		13		
1813	18.1300		18		
1814	18.1400		23		
1815	18.1500		28		
1816	18.1600		33		
1817	18.1700		37		
1818	18.1800		42		
1819	18.1900		46		
1820	18.2000		50		
1821	18.2100		53		
1822	18.2200		57		
1823	18.2300		60		
1824	18.2400		62		
1825	18.2500		65		
1826	18.2600		67		
1827	18.2700		68		
1828	18.2800		70		
1829	18.2900		71		
1830	18.3000		71		
1831	18.3100		72		
1832	18.3200		71		
1833	18.3300		71		
1834	18.3400		70		
1835	18.3500		68		
1836	18.3600		67		
1837	18.3700		65		
1838	18.3800		62		
1839	18.3900		60		
1840	18.4000		56		
1841	18.4100		53		
1842	18.4200		50		
1843	18.4300		46		
1844	18.4400		42		
1845	18.4500		37		
1846	18.4600		32		
1847	18.4700		28		
1848	18.4800		23		
1849	18.4900		18		
1850	18.5000		13		
1851	18.5100		8		
1852	18.5200		2		
1853	18.5300		-3		
1854	18.5400		-8		
1855	18.5500		-13		
1856	18.5600		-18		
1857	18.5700		-23		
1858	18.5800		-28		
1859	18.5900		-33		
1860	18.6000		-38		
1861	18.6100		-42		
1862	18.6200		-46		
1863	18.6300		-50		
1864	18.6400		-54		
1865	18.6500		-57		
1866	18.6600		-60		
1867	18.6700		-63		
1868	18.6800		-65		
1869	18.6900		-67		
1870	18.7000		-69		
1871	18.7100		-70		
1872	18.7200		-72		
1873	18.7300		-72		
1874	18.7400		-72		
1875	18.7500		-72		
1876	18.7600		-72		
1877	18.7700		-71		
1878	18.7800		-70		
1879	18.7900		-68		
1880	18.8000		-66		
1881	18.8100		-64		
1882	18.8200		-61		
1883	18.8300		-58		
1884	18.8400		-54		
1885	18.8500		-51		
1886	18.8600		-47		
1887	18.8700		-43		
1888	18.8800		-39		
1889	18.8900		-34		
1890	18.9000		-30		
1891	18.9100		-25		
1892	18.9200		-20		
1893	18.9300		-15		
1894	18.9400		-10		
1895	18.9500		-4		
1896	18.9600		1		
1897	18.9700		6		
1898	18.9800		11		
1899	18.9900		16		
1900	19.0000		21		
1901	19.0100		26		
1902	19.0200		31		
1903	19.0300		36		
1904	19.0400		40		
1905	19.0500		44		
1906	19.0600		48		
1907	19.0700		52		
1908	19.0800		55		
1909	19.0900		58		
1910	19.1000		61		
1911	19.1100		64		
1912	19.1200		66		
1913	19.1300		68		
1914	19.1400		69		
1915	19.1500		70		
1916	19.1600		70		
1917	19.1700		71		
1918	19.1800		71		
1919	19.1900		70		
1920	19.2000		70		
1921	19.2100		68		
1922	19.2200		67		
1923	19.2300		65		
1924	19.2400		62		
1925	19.2500		60		
1926	19.2600		57		
1927	19.2700		54		
1928	19.2800		50		
1929	19.2900		46		
1930	19.3000		42		
1931	19.3100		38		
1932	19.3200		34		
1933	19.3300		29		
1934	19.3400		24		
1935	19.3500		19		
1936	19.3600		14		
1937	19.3700		9		
1938	19.3800		4		
1939	19.3900		-1		
1940	19.4000		-6		
1941	19.4100		-12		
1942	19.4200		-16		
1943	19.4300		-22		
1944	19.4400		-26		
1945	19.4500		-31		
1946	19.4600		-36		
1947	19.4700		-40		
1948	19.4800		-44		
1949	19.4900		-48		
1950	19.5000		-52		
1951	19.5100		-56		
1952	19.5200		-59		
1953	19.5300		-62		
1954	19.5400		-64		
1955	19.5500		-66		
1956	19.5600		-68		
1957	19.5700		-70		
1958	19.5800		-71		
1959	19.5900		-71		
1960	19.6000		-72		
1961	19.6100		-72		
1962	19.6200		-71		
1963	19.6300		-70		
1964	19.6400		-70		
1965	19.6500		-68		
1966	19.6600		-66		
1967	19.6700		-64		
1968	19.6800		-61		
1969	19.6900		-58		
1970	19.7000		-55		
1971	19.7100		-52		
1972	19.7200		-48		
1973	19.7300		-44		
1974	19.7400		-40		
1975	19.7500		-36		
1976	19.7600		-31		
1977	19.7700		-26		
1978	19.7800		-21		
1979	19.7900		-16		
1980	19.8000		-11		
1981	19.8100		-6		
1982	19.8200		-1		
1983	19.8300		4		
1984	19.8400		10		
1985	19.8500		14		
1986	19.8600		20		
1987	19.8700		24		
1988	19.8800		29		
1989	19.8900		34		
1990	19.9000		38		
1991	19.9100		42		
1992	19.9200		46		
1993	19.9300		50		
1994	19.9400		54		
1995	19.9500		57		
1996	19.9600		60		
1997	19.9700		62		
1998	19.9800		64		
1999	19.9900		66		
2000	20.0000		68		
2001	20.0100		69		
2002	20.0200		70		
2003	20.0300		70		
2004	20.0400		70		
2005	20.0500		70		
2006	20.0600		70		
2007	20.0700		68		
2008	20.0800		67		
2009	20.0900		65		
2010	20.1000		63		
2011	20.1100		60		
2012	20.1200		58		
2013	20.1300		54		
2014	20.1400		51		
2015	20.1500		48		
2016	20.1600		44		
2017	20.1700		40		
2018	20.1800		35		
2019	20.1900		30		
2020	20.2000		26		
2021	20.2100		21		
2022	20.2200		16		
2023	20.2300		11		
2024	20.2400		6		
2025	20.2500		0		
2026	20.2600		-4		
2027	20.2700		-10		
2028	20.2800		-15		
2029	20.2900		-20		
2030	20.3000		-25		
2031	20.3100		-30		
2032	20.3200		-34		
2033	20.3300		-38		
2034	20.3400		-43		
2035	20.3500		-47		
2036	20.3600		-50		
2037	20.3700		-54		
2038	20.3800		-57		
2039	20.3900		-60		
2040	20.4000		-63		
2041	20.4100		-65		
2042	20.4200		-67		
2043	20.4300		-69		
2044	20.4400		-70		
2045	20.4500		-71		
2046	20.4600		-71		
2047	20.4700		-71		
2048	20.4800		-71		
2049	20.4900		-70		
2050	20.5000		-70		
2051	20.5100		-68		
2052	20.5200		-66		
2053	20.5300		-64		
2054	20.5400		-62		
2055	20.5500		-59		
2056	20.5600		-56		
2057	20.5700		-53		
2058	20.5800		-49		
2059	20.5900		-45		
2060	20.6000		-41		
2061	20.6100		-37		
2062	20.6200		-32		
2063	20.6300		-28		
2064	20.6400		-23		
2065	20.6500		-18		
2066	20.6600		-13		
2067	20.6700		-8		
2068	20.6800		-2		
2069	20.6900		2		
2070	20.7000		8		
2071	20.7100		13		
2072	20.7200		18		
2073	20.7300		23		
2074	20.7400		28		
2075	20.7500		32		
2076	20.7600		36		
2077	20.7700		41		
2078	20.7800		45		
2079	20.7900		48		
2080	20.8000		52		
2081	20.8100		56		
2082	20.8200		58		
2083	20.8300		61		
2084	20.8400		64		
2085	20.8500		66		
2086	20.8600		67		
2087	20.8700		68		
2088	20.8800		69		
2089	20.8900		70		
2090	20.9000		70		
2091	20.9100		70		
2092	20.9200		69		
2093	20.9300		68		
2094	20.9400		67		
2095	20.9500		65		
2096	20.9600		63		
2097	20.9700		61		
2098	20.9800		58		
2099	20.9900		55		
2100	21.0000		52		
2101	21.0100		48		
2102	21.0200		44		
2103	21.0300		40		
2104	21.0400		36		
2105	21.0500		32		
2106	21.0600		27		
2107	21.0700		22		
2108	21.0800		18		
2109	21.0900		12		
2110	21.1000		8		
2111	21.1100		2		
2112	21.1200		-3		
2113	21.1300		-8		
2114	21.1400		-13		
2115	21.1500		-18		
2116	21.1600		-23		
2117	21.1700		-28		
2118	21.1800		-32		
2119	21.1900		-37		
2120	21.2000		-41		
2121	21.2100		-45		
2122	21.2200		-49		
2123	21.2300		-52		
2124	21.2400		-56		
2125	21.2500		-59		
2126	21.2600		-62		
2127	21.2700		-64		
2128	21.2800		-66		
2129	21.2900		-68		
2130	21.3000		-69		
2131	21.3100		-70		
2132	21.3200		-70		
2133	21.3300		-71		
2134	21.3400		-70		
2135	21.3500		-70		
2136	21.3600		-69		
2137	21.3700		-68		
2138	21.3800		-66		
2139	21.3900		-64		
2140	21.4000		-62		
2141	21.4100		-60		
2142	21.4200		-57		
2143	21.4300		-54		
2144	21.4400		-50		
2145	21.4500		-46		
2146	21.4600		-42		
2147	21.4700		-38		
2148	21.4800		-34		
2149	21.4900		-29		
2150	21.5000		-24		
2151	21.5100		-19		
2152	21.5200		-14		
2153	21.5300		-9		
2154	21.5400		-4		
2155	21.5500		1		
2156	21.5600		6		
2157	21.5700		11		
2158	21.5800		16		
2159	21.5900		21		
2160	21.6000		26		
2161	21.6100		30		
2162	21.6200		35		
2163	21.6300		39		
2164	21.6400		43		
2165	21.6500		47		
2166	21.6600		50		
2167	21.6700		54		
2168	21.6800		57		
2169	21.6900		60		
2170	21.7000		62		
2171	21.7100		64		
2172	21.7200		66		
2173	21.7300		68		
2174	21.7400		68		
2175	21.7500		69		
2176	21.7600		70		
2177	21.7700		69		
2178	21.7800		69		
2179	21.7900		68		
2180	21.8000		67		
2181	21.8100		65		
2182	21.8200		64		
2183	21.8300		61		
2184	21.8400		59		
2185	21.8500		56		
2186	21.8600		53		
2187	21.8700		49		
2188	21.8800		46		
2189	21.8900		42		
2190	21.9000		38		
2191	21.9100		33		
2192	21.9200		28		
2193	21.9300		24		
2194	21.9400		19		
2195	21.9500		14		
2196	21.9600		9		
2197	21.9700		4		
2198	21.9800		-1		
2199	21.9900		-6		
2200	22.0000		-11		
2201	22.0100		-16		
2202	22.0200		-21		
2203	22.0300		-26		
2204	22.0400		-30		
2205	22.0500		-35		
2206	22.0600		-39		
2207	22.0700		-44		
2208	22.0800		-47		
2209	22.0900		-51		
2210	22.1000		-54		
2211	22.1100		-58		
2212	22.1200		-60		
2213	22.1300		-63		
2214	22.1400		-65		
2215	22.1500		-66		
2216	22.1600		-68		
2217	22.1700		-69		
2218	22.1800		-70		
2219	22.1900		-70		
2220	22.2000		-70		
2221	22.2100		-70		
2222	22.2200		-69		
2223	22.2300		-68		
2224	22.2400		-66		
2225	22.2500		-65		
2226	22.2600		-62		
2227	22.2700		-60		
2228	22.2800		-57		
2229	22.2900		-54		
2230	22.3000		-51		
2231	22.3100		-47		
2232	22.3200		-43		
2233	22.3300		-39		
2234	22.3400		-35		
2235	22.3500		-30		
2236	22.3600		-26		
2237	22.3700		-21		
2238	22.3800		-16		
2239	22.3900		-11		
2240	22.4000		-6		
2241	22.4100		-1		
2242	22.4200		4		
2243	22.4300		9		
2244	22.4400		14		
2245	22.4500		19		
2246	22.4600		24		
2247	22.4700		28		
2248	22.4800		33		
2249	22.4900		38		
2250	22.5000		42		
2251	22.5100		46		
2252	22.5200		49		
2253	22.5300		52		
2254	22.5400		56		
2255	22.5500		58		
2256	22.5600		61		
2257	22.5700		63		
2258	22.5800		65		
2259	22.5900		66		
2260	22.6000		68		
2261	22.6100		68		
2262	22.6200		69		
2263	22.6300		69		
2264	22.6400		68		
2265	22.6500		68		
2266	22.6600		67		
2267	22.6700		66		
2268	22.6800		64		
2269	22.6900		62		
2270	22.7000		59		
2271	22.7100		56		
2272	22.7200		53		
2273	22.7300		50		
2274	22.7400		46		
2275	22.7500		42		
2276	22.7600		38		
2277	22.7700		34		
2278	22.7800		30		
2279	22.7900		25		
2280	22.8000		20		
2281	22.8100		16		
2282	22.8200		10		
2283	22.8300		6		
2284	22.8400		0		
2285	22.8500		-4		
2286	22.8600		-10		
2287	22.8700		-14		
2288	22.8800		-19		
2289	22.8900		-24		
2290	22.9000		-29		
2291	22.9100		-34		
2292	22.9200		-38		
2293	22.9300		-42		
2294	22.9400		-46		
2295	22.9500		-50		
2296	22.9600		-53		
2297	22.9700		-56		
2298	22.9800		-59		
2299	22.9900		-62		
2300	23.0000		-64		
2301	23.0100		-66		
2302	23.0200		-67		
2303	23.0300		-68		
2304	23.0400		-69		
2305	23.0500		-70		
2306	23.0600		-70		
2307	23.0700		-70		
2308	23.0800		-69		
2309	23.0900		-68		
2310	23.1000		-66		
2311	23.1100		-65		
2312	23.1200		-63		
2313	23.1300		-60		
2314	23.1400		-58		
2315	23.1500		-55		
2316	23.1600		-52		
2317	23.1700		-48		
2318	23.1800		-44		
2319	23.1900		-40		
2320	23.2000		-36		
2321	23.2100		-32		
2322	23.2200		-27		
2323	23.2300		-22		
2324	23.2400		-18		
2325	23.2500		-12		
2326	23.2600		-8		
2327	23.2700		-2		
2328	23.2800		2		
2329	23.2900		7		
2330	23.3000		12		
2331	23.3100		17		
2332	23.3200		22		
2333	23.3300		27		
2334	23.3400		31		
2335	23.3500		36		
2336	23.3600		40		
2337	23.3700		44		
2338	23.3800		48		
2339	23.3900		51		
2340	23.4000		54		
2341	23.4100		57		
2342	23.4200		60		
2343	23.4300		62		
2344	23.4400		64		
2345	23.4500		66		
2346	23.4600		67		
2347	23.4700		68		
2348	23.4800		68		
2349	23.4900		68		
2350	23.5000		68		
2351	23.5100		68		
2352	23.5200		67		
2353	23.5300		66		
2354	23.5400		64		
2355	23.5500		62		
2356	23.5600		60		
2357	23.5700		57		
2358	23.5800		54		
2359	23.5900		51		
2360	23.6000		47		
2361	23.6100		44		
2362	23.6200		40		
2363	23.6300		36		
2364	23.6400		31		
2365	23.6500		26		
2366	23.6600		22		
2367	23.6700		17		
2368	23.6800		12		
2369	23.6900		7		
2370	23.7000		2		
2371	23.7100		-3		
2372	23.7200		-8		
2373	23.7300		-13		
2374	23.7400		-18		
2375	23.7500		-22		
2376	23.7600		-27		
2377	23.7700		-32		
2378	23.7800		-36		
2379	23.7900		-40		
2380	23.8000		-44		
2381	23.8100		-48		
2382	23.8200		-51		
2383	23.8300		-54		
2384	23.8400		-58		
2385	23.8500		-60		
2386	23.8600		-62		
2387	23.8700		-64		
2388	23.8800		-66		
2389	23.8900		-68		
2390	23.9000		-68		
2391	23.9100		-69		
2392	23.9200		-69		
2393	23.9300		-69		
2394	23.9400		-68		
2395	23.9500		-68		
2396	23.9600		-66		
2397	23.9700		-65		
2398	23.9800		-63		
2399	23.9900		-61		
2400	24.0000		-58		
2401	24.0100		-55		
2402	24.0200		-52		
2403	24.0300		-49		
2404	24.0400		-45		
2405	24.0500		-41		
2406	24.0600		-37		
2407	24.0700		-33		
2408	24.0800		-28		
2409	24.0900		-24		
2410	24.1000		-19		
2411	24.1100		-14		
2412	24.1200		-9		
2413	24.1300		-4		
2414	24.1400		1		
2415	24.1500		6		
2416	24.1600		11		
2417	24.1700		16		
2418	24.1800		20		
2419	24.1900		25		
2420	24.2000		30		
2421	24.2100		34		
2422	24.2200		38		
2423	24.2300		42		
2424	24.2400		46		
2425	24.2500		50		
2426	24.2600		53		
2427	24.2700		56		
2428	24.2800		58		
2429	24.2900		61		
2430	24.3000		63		
2431	24.3100		64		
2432	24.3200		66		
2433	24.3300		67		
2434	24.3400		68		
2435	24.3500		68		
2436	24.3600		68		
2437	24.3700		68		
2438	24.3800		66		
2439	24.3900		66		
2440	24.4000		64		
2441	24.4100		62		
2442	24.4200		60		
2443	24.4300		58		
2444	24.4400		54		
2445	24.4500		52		
2446	24.4600		48		
2447	24.4700		44		
2448	24.4800		41		
2449	24.4900		37		
2450	24.5000		32		
2451	24.5100		28		
2452	24.5200		23		
2453	24.5300		18		
2454	24.5400		14		
2455	24.5500		9		
2456	24.5600		4		
2457	24.5700		-1		
2458	24.5800		-6		
2459	24.5900		-11		
2460	24.6000		-16		
2461	24.6100		-21		
2462	24.6200		-26		
2463	24.6300		-30		
2464	24.6400		-34		
2465	24.6500		-38		
2466	24.6600		-42		
2467	24.6700		-46		
2468	24.6800		-50		
2469	24.6900		-53		
2470	24.7000		-56		
2471	24.7100		-59		
2472	24.7200		-61		
2473	24.7300		-64		
2474	24.7400		-65		
2475	24.7500		-66		
2476	24.7600		-68		
2477	24.7700		-68		
2478	24.7800		-69		
2479	24.7900		-69		
2480	24.8000		-68		
2481	24.8100		-68		
2482	24.8200		-66		
2483	24.8300		-65		
2484	24.8400		-63		
2485	24.8500		-61		
2486	24.8600		-59		
2487	24.8700		-56		
2488	24.8800		-53		
2489	24.8900		-50		
2490	24.9000		-46		
2491	24.9100		-42		
2492	24.9200		-38		
2493	24.9300		-34		
2494	24.9400		-30		
2495	24.9500		-25		
2496	24.9600		-20		
2497	24.9700		-16		
2498	24.9800		-11		
2499	24.9900		-6		
2500	25.0000		-1		
2501	25.0100		4		
2502	25.0200		9		
2503	25.0300		14		
2504	25.0400		19		
2505	25.0500		24		
2506	25.0600		28		
2507	25.0700		32		
2508	25.0800		37		
2509	25.0900		41		
2510	25.1000		44		
2511	25.1100		48		
2512	25.1200		52		
2513	25.1300		54		
2514	25.1400		57		
2515	25.1500		60		
2516	25.1600		62		
2517	25.1700		64		
2518	25.1800		65		
2519	25.1900		66		
2520	25.2000		67		
2521	25.2100		68		
2522	25.2200		68		
2523	25.2300		67		
2524	25.2400		66		
2525	25.2500		66		
2526	25.2600		64		
2527	25.2700		62		
2528	25.2800		60		
2529	25.2900		58		
2530	25.3000		55		
2531	25.3100		52		
2532	25.3200		49		
2533	25.3300		46		
2534	25.3400		42		
2535	25.3500		38		
2536	25.3600		34		
2537	25.3700		29		
2538	25.3800		25		
2539	25.3900		20		
2540	25.4000		15		
2541	25.4100		10		
2542	25.4200		6		
2543	25.4300		0		
2544	25.4400		-4		
2545	25.4500		-9		
2546	25.4600		-14		
2547	25.4700		-19		
2548	25.4800		-24		
2549	25.4900		-28		
2550	25.5000		-32		
2551	25.5100		-37		
2552	25.5200		-41		
2553	25.5300		-45		
2554	25.5400		-48		
2555	25.5500		-52		
2556	25.5600		-55		
2557	25.5700		-58		
2558	25.5800		-60		
2559	25.5900		-62		
2560	25.6000		-64		
2561	25.6100		-66		
2562	25.6200		-67		
2563	25.6300		-68		
2564	25.6400		-68		
2565	25.6500		-68		
2566	25.6600		-68		
2567	25.6700		-67		
2568	25.6800		-66		
2569	25.6900		-65		
2570	25.7000		-64		
2571	25.7100		-62		
2572	25.7200		-59		
2573	25.7300		-56		
2574	25.7400		-54		
2575	25.7500		-50		
2576	25.7600		-47		
2577	25.7700		-43		
2578	25.7800		-39		
2579	25.7900		-35		
2580	25.8000		-31		
2581	25.8100		-26		
2582	25.8200		-22		
2583	25.8300		-17		
2584	25.8400		-12		
2585	25.8500		-7		
2586	25.8600		-2		
2587	25.8700		2		
2588	25.8800		8		
2589	25.8900		12		
2590	25.9000		17		
2591	25.9100		22		
2592	25.9200		26		
2593	25.9300		31		
2594	25.9400		35		
2595	25.9500		39		
2596	25.9600		43		
2597	25.9700		46		
2598	25.9800		50		
2599	25.9900		53		
2600	26.0000		56		
2601	26.0100		58		
2602	26.0200		61		
2603	26.0300		62		
2604	26.0400		64		
2605	26.0500		66		
2606	26.0600		66		
2607	26.0700		67		
2608	26.0800		67		
2609	26.0900		67		
2610	26.1000		66		
2611	26.1100		65		
2612	26.1200		64		
2613	26.1300		62		
2614	26.1400		60		
2615	26.1500		58		
2616	26.1600		56		
2617	26.1700		53		
2618	26.1800		50		
2619	26.1900		46		
2620	26.2000		42		
2621	26.2100		39		
2622	26.2200		34		
2623	26.2300		30		
2624	26.2400		26		
2625	26.2500		21		
2626	26.2600		16		
2627	26.2700		12		
2628	26.2800		7		
2629	26.2900		2		
2630	26.3000		-3		
2631	26.3100		-8		
2632	26.3200		-12		
2633	26.3300		-17		
2634	26.3400		-22		
2635	26.3500		-26		
2636	26.3600		-31		
2637	26.3700		-35		
2638	26.3800		-40		
2639	26.3900		-43		
2640	26.4000		-47		
2641	26.4100		-50		
2642	26.4200		-54		
2643	26.4300		-56		
2644	26.4400		-59		
2645	26.4500		-61		
2646	26.4600		-63		
2647	26.4700		-65		
2648	26.4800		-66		
2649	26.4900		-67		
2650	26.5000		-68		
2651	26.5100		-68		
2652	26.5200		-68		
2653	26.5300		-67		
2654	26.5400		-66		
2655	26.5500		-65		
2656	26.5600		-64		
2657	26.5700		-62		
2658	26.5800		-60		
2659	26.5900		-57		
2660	26.6000		-54		
2661	26.6100		-51		
2662	26.6200		-48		
2663	26.6300		-44		
2664	26.6400		-40		
2665	26.6500		-36		
2666	26.6600		-32		
2667	26.6700		-28		
2668	26.6800		-23		
2669	26.6900		-18		
2670	26.7000		-14		
2671	26.7100		-9		
2672	26.7200		-4		
2673	26.7300		1		
2674	26.7400		6		
2675	26.7500		10		
2676	26.7600		15		
2677	26.7700		20		
2678	26.7800		25		
2679	26.7900		29		
2680	26.8000		34		
2681	26.8100		38		
2682	26.8200		42		
2683	26.8300		45		
2684	26.8400		48		
2685	26.8500		52		
2686	26.8600		55		
2687	26.8700		57		
2688	26.8800		60		
2689	26.8900		62		
2690	26.9000		63		
2691	26.9100		64		
2692	26.9200		66		
2693	26.9300		66		
2694	26.9400		66		
2695	26.9500		66		
2696	26.9600		66		
2697	26.9700		65		
2698	26.9800		64		
2699	26.9900		62		
2700	27.0000		61		
2701	27.0100		58		
2702	27.0200		56		
2703	27.0300		53		
2704	27.0400		50		
2705	27.0500		47		
2706	27.0600		44		
2707	27.0700		40		
2708	27.0800		36		
2709	27.0900		32		
2710	27.1000		27		
2711	27.1100		22		
2712	27.1200		18		
2713	27.1300		13		
2714	27.1400		8		
2715	27.1500		4		
2716	27.1600		-1		
2717	27.1700		-6		
2718	27.1800		-11		
2719	27.1900		-16		
2720	27.2000		-20		
2721	27.2100		-25		
2722	27.2200		-30		
2723	27.2300		-34		
2724	27.2400		-38		
2725	27.2500		-42		
2726	27.2600		-46		
2727	27.2700		-49		
2728	27.2800		-52		
2729	27.2900		-55		
2730	27.3000		-58		
2731	27.3100		-60		
2732	27.3200		-62		
2733	27.3300		-64		
2734	27.3400		-65		
2735	27.3500		-66		
2736	27.3600		-67		
2737	27.3700		-67		
2738	27.3800		-67		
2739	27.3900		-67		
2740	27.4000		-66		
2741	27.4100		-65		
2742	27.4200		-64		
2743	27.4300		-62		
2744	27.4400		-60		
2745	27.4500		-58		
2746	27.4600		-55		
2747	27.4700		-52		
2748	27.4800		-48		
2749	27.4900		-45		
2750	27.5000		-41		
2751	27.5100		-37		
2752	27.5200		-33		
2753	27.5300		-29		
2754	27.5400		-24		
2755	27.5500		-20		
2756	27.5600		-15		
2757	27.5700		-10		
2758	27.5800		-6		
2759	27.5900		-1		
2760	27.6000		4		
2761	27.6100		9		
2762	27.6200		14		
2763	27.6300		18		
2764	27.6400		23		
2765	27.6500		28		
2766	27.6600		32		
2767	27.6700		36		
2768	27.6800		40		
2769	27.6900		44		
2770	27.7000		47		
2771	27.7100		50		
2772	27.7200		53		
2773	27.7300		56		
2774	27.7400		58		
2775	27.7500		60		
2776	27.7600		62		
2777	27.7700		64		
2778	27.7800		65		
2779	27.7900		66		
2780	27.8000		66		
2781	27.8100		66		
2782	27.8200		66		
2783	27.8300		65		
2784	27.8400		64		
2785	27.8500		62		
2786	27.8600		61		
2787	27.8700		59		
2788	27.8800		56		
2789	27.8900		54		
2790	27.9000		51		
2791	27.9100		48		
2792	27.9200		44		
2793	27.9300		40		
2794	27.9400		37		
2795	27.9500		32		
2796	27.9600		28		
2797	27.9700		24		
2798	27.9800		19		
2799	27.9900		15		
2800	28.0000		10		
2801	28.0100		5		
2802	28.0200		0		
2803	28.0300		-4		
2804	28.0400		-9		
2805	28.0500		-14		
2806	28.0600		-19		
2807	28.0700		-23		
2808	28.0800		-28		
2809	28.0900		-32		
2810	28.1000		-36		
2811	28.1100		-40		
2812	28.1200		-44		
2813	28.1300		-48		
2814	28.1400		-51		
2815	28.1500		-54		
2816	28.1600		-56		
2817	28.1700		-59		
2818	28.1800		-61		
2819	28.1900		-63		
2820	28.2000		-64		
2821	28.2100		-66		
2822	28.2200		-66		
2823	28.2300		-67		
2824	28.2400		-67		
2825	28.2500		-66		
2826	28.2600		-66		
2827	28.2700		-65		
2828	28.2800		-64		
2829	28.2900		-62		
2830	28.3000		-60		
2831	28.3100		-58		
2832	28.3200		-55		
2833	28.3300		-52		
2834	28.3400		-49		
2835	28.3500		-46		
2836	28.3600		-42		
2837	28.3700		-38		
2838	28.3800		-34		
2839	28.3900		-30		
2840	28.4000		-26		
2841	28.4100		-21		
2842	28.4200		-16		
2843	28.4300		-12		
2844	28.4400		-7		
2845	28.4500		-2		
2846	28.4600		2		
2847	28.4700		7		
2848	28.4800		12		
2849	28.4900		17		
2850	28.5000		21		
2851	28.5100		26		
2852	28.5200		30		
2853	28.5300		34		
2854	28.5400		38		
2855	28.5500		42		
2856	28.5600		46		
2857	28.5700		49		
2858	28.5800		52		
2859	28.5900		55		
2860	28.6000		57		
2861	28.6100		60		
2862	28.6200		61		
2863	28.6300		63		
2864	28.6400		64		
2865	28.6500		65		
2866	28.6600		65		
2867	28.6700		66		
2868	28.6800		65		
2869	28.6900		65		
2870	28.7000		64		
2871	28.7100		62		
2872	28.7200		61		
2873	28.7300		59		
2874	28.7400		57		
2875	28.7500		54		
2876	28.7600		52		
2877	28.7700		48		
2878	28.7800		45		
2879	28.7900		42		
2880	28.8000		38		
2881	28.8100		34		
2882	28.8200		30		
2883	28.8300		25		
2884	28.8400		21		
2885	28.8500		16		
2886	28.8600		12		
2887	28.8700		7		
2888	28.8800		2		
2889	28.8900		-3		
2890	28.9000		-8		
2891	28.9100		-12		
2892	28.9200		-17		
2893	28.9300		-22		
2894	28.9400		-26		
2895	28.9500		-30		
2896	28.9600		-35		
2897	28.9700		-39		
2898	28.9800		-42		
2899	28.9900		-46		
2900	29.0000		-49		
2901	29.0100		-52		
2902	29.0200		-55		
2903	29.0300		-58		
2904	29.0400		-60		
2905	29.0500		-62		
2906	29.0600		-64		
2907	29.0700		-65		
2908	29.0800		-66		
2909	29.0900		-66		
2910	29.1000		-66		
2911	29.1100		-66		
2912	29.1200		-66		
2913	29.1300		-65		
2914	29.1400		-64		
2915	29.1500		-62		
2916	29.1600		-60		
2917	29.1700		-58		
2918	29.1800		-56		
2919	29.1900		-53		
2920	29.2000		-50		
2921	29.2100		-46		
2922	29.2200		-43		
2923	29.2300		-39		
2924	29.2400		-35		
2925	29.2500		-31		
2926	29.2600		-27		
2927	29.2700		-22		
2928	29.2800		-18		
2929	29.2900		-13		
2930	29.3000		-8		
2931	29.3100		-4		
2932	29.3200		1		
2933	29.3300		6		
2934	29.3400		10		
2935	29.3500		15		
2936	29.3600		20		
2937	29.3700		24		
2938	29.3800		28		
2939	29.3900		33		
2940	29.4000		37		
2941	29.4100		41		
2942	29.4200		44		
2943	29.4300		48		
2944	29.4400		51		
2945	29.4500		54		
2946	29.4600		56		
2947	29.4700		58		
2948	29.4800		60		
2949	29.4900		62		
2950	29.5000		63		
2951	29.5100		64		
2952	29.5200		65		
2953	29.5300		65		
2954	29.5400		65		
2955	29.5500		64		
2956	29.5600		64		
2957	29.5700		62		
2958	29.5800		61		
2959	29.5900		59		
2960	29.6000		57		
2961	29.6100		55		
2962	29.6200		52		
2963	29.6300		49		
2964	29.6400		46		
2965	29.6500		42		
2966	29.6600		39		
2967	29.6700		35		
2968	29.6800		31		
2969	29.6900		26		
2970	29.7000		22		
2971	29.7100		17		
2972	29.7200		13		
2973	29.7300		8		
2974	29.7400		3		
2975	29.7500		-2		
2976	29.7600		-6		
2977	29.7700		-11		
2978	29.7800		-16		
2979	29.7900		-20		
2980	29.8000		-24		
2981	29.8100		-29		
2982	29.8200		-33		
2983	29.8300		-37		
2984	29.8400		-41		
2985	29.8500		-44		
2986	29.8600		-48		
2987	29.8700		-51		
2988	29.8800		-54		
2989	29.8900		-56		
2990	29.9000		-59		
2991	29.9100		-61		
2992	29.9200		-62		
2993	29.9300		-64		
2994	29.9400		-65		
2995	29.9500		-66		
2996	29.9600		-66		
2997	29.9700		-66		
2998	29.9800		-65		
2999	29.9900		-64		
3000	30.0000		-64		
3001	30.0100		-62		
3002	30.0200		-60		
3003	30.0300		-58		
3004	30.0400		-56		
3005	30.0500		-54		
3006	30.0600		-50		
3007	30.0700		-47		
3008	30.0800		-44		
3009	30.0900		-40		
3010	30.1000		-36		
3011	30.1100		-32		
3012	30.1200		-28		
3013	30.1300		-24		
3014	30.1400		-19		
3015	30.1500		-14		
3016	30.1600		-10		
3017	30.1700		-5		
3018	30.1800		0		
3019	30.1900		4		
3020	30.2000		9		
3021	30.2100		14		
3022	30.2200		18		
3023	30.2300		23		
3024	30.2400		27		
3025	30.2500		31		
3026	30.2600		35		
3027	30.2700		39		
3028	30.2800		43		
3029	30.2900		46		
3030	30.3000		49		
3031	30.3100		52		
3032	30.3200		55		
3033	30.3300		57		
3034	30.3400		59		
3035	30.3500		61		
3036	30.3600		62		
3037	30.3700		63		
3038	30.3800		64		
3039	30.3900		64		
3040	30.4000		64		
3041	30.4100		64		
3042	30.4200		64		
3043	30.4300		62		
3044	30.4400		61		
3045	30.4500		60		
3046	30.4600		58		
3047	30.4700		55		
3048	30.4800		52		
3049	30.4900		50		
3050	30.5000		46		
3051	30.5100		43		
3052	30.5200		40		
3053	30.5300		36		
3054	30.5400		32		
3055	30.5500		28		
3056	30.5600		23		
3057	30.5700		19		
3058	30.5800		14		
3059	30.5900		10		
3060	30.6000		5		
3061	30.6100		0		
3062	30.6200		-4		
3063	30.6300		-9		
3064	30.6400		-14		
3065	30.6500		-18		
3066	30.6600		-23		
3067	30.6700		-27		
3068	30.6800		-32		
3069	30.6900		-36		
3070	30.7000		-39		
3071	30.7100		-43		
3072	30.7200		-46		
3073	30.7300		-50		
3074	30.7400		-53		
3075	30.7500		-55		
3076	30.7600		-58		
3077	30.7700		-60		
3078	30.7800		-62		
3079	30.7900		-63		
3080	30.8000		-64		
3081	30.8100		-65		
3082	30.8200		-65		
3083	30.8300		-65		
3084	30.8400		-65		
3085	30.8500		-64		
3086	30.8600		-64		
3087	30.8700		-62		
3088	30.8800		-60		
3089	30.8900		-59		
3090	30.9000		-56		
3091	30.9100		-54		
3092	30.9200		-51		
3093	30.9300		-48		
3094	30.9400		-44		
3095	30.9500		-41		
3096	30.9600		-37		
3097	30.9700		-33		
3098	30.9800		-29		
3099	30.9900		-25		
3100	31.0000		-20		
3101	31.0100		-16		
3102	31.0200		-11		
3103	31.0300		-6		
3104	31.0400		-2		
3105	31.0500		3		
3106	31.0600		8		
3107	31.0700		12		
3108	31.0800		16		
3109	31.0900		21		
3110	31.1000		26		
3111	31.1100		30		
3112	31.1200		34		
3113	31.1300		38		
3114	31.1400		41		
3115	31.1500		45		
3116	31.1600		48		
3117	31.1700		51		
3118	31.1800		54		
3119	31.1900		56		
3120	31.2000		58		
3121	31.2100		60		
3122	31.2200		62		
3123	31.2300		63		
3124	31.2400		64		
3125	31.2500		64		
3126	31.2600		64		
3127	31.2700		64		
3128	31.2800		63		
3129	31.2900		62		
3130	31.3000		61		
3131	31.3100		60		
3132	31.3200		58		
3133	31.3300		56		
3134	31.3400		53		
3135	31.3500		50		
3136	31.3600		47		
3137	31.3700		44		
3138	31.3800		40		
3139	31.3900		37		
3140	31.4000		33		
3141	31.4100		29		
3142	31.4200		24		
3143	31.4300		20		
3144	31.4400		16		
3145	31.4500		11		
3146	31.4600		6		
3147	31.4700		2		
3148	31.4800		-3		
3149	31.4900		-8		
3150	31.5000		-12		
3151	31.5100		-17		
3152	31.5200		-22		
3153	31.5300		-26		
3154	31.5400		-30		
3155	31.5500		-34		
3156	31.5600		-38		
3157	31.5700		-42		
3158	31.5800		-45		
3159	31.5900		-48		
3160	31.6000		-51		
3161	31.6100		-54		
3162	31.6200		-56		
3163	31.6300		-59		
3164	31.6400		-60		
3165	31.6500		-62		
3166	31.6600		-63		
3167	31.6700		-64		
3168	31.6800		-64		
3169	31.6900		-65		
3170	31.7000		-65		
3171	31.7100		-64		
3172	31.7200		-63		
3173	31.7300		-62		
3174	31.7400		-61		
3175	31.7500		-59		
3176	31.7600		-57		
3177	31.7700		-54		
3178	31.7800		-52		
3179	31.7900		-49		
3180	31.8000		-46		
3181	31.8100		-42		
3182	31.8200		-38		
3183	31.8300		-34		
3184	31.8400		-30		
3185	31.8500		-26		
3186	31.8600		-22		
3187	31.8700		-17		
3188	31.8800		-13		
3189	31.8900		-8		
3190	31.9000		-4		
3191	31.9100		1		
3192	31.9200		6		
3193	31.9300		10		
3194	31.9400		15		
3195	31.9500		20		
3196	31.9600		24		
3197	31.9700		28		
3198	31.9800		32		
3199	31.9900		36		
3200	32.0000		40		
3201	32.0100		44		
3202	32.0200		47		
3203	32.0300		50		
3204	32.0400		52		
3205	32.0500		55		
3206	32.0600		57		
3207	32.0700		59		
3208	32.0800		60		
3209	32.0900		62		
3210	32.1000		63		
3211	32.1100		63		
3212	32.1200		64		
3213	32.1300		64		
3214	32.1400		63		
3215	32.1500		62		
3216	32.1600		61		
3217	32.1700		60		
3218	32.1800		58		
3219	32.1900		56		
3220	32.2000		54		
3221	32.2100		51		
3222	32.2200		48		
3223	32.2300		45		
3224	32.2400		41		
3225	32.2500		38		
3226	32.2600		34		
3227	32.2700		30		
3228	32.2800		26		
3229	32.2900		22		
3230	32.3000		17		
3231	32.3100		12		
3232	32.3200		8		
3233	32.3300		3		
3234	32.3400		-2		
3235	32.3500		-6		
3236	32.3600		-11		
3237	32.3700		-15		
3238	32.3800		-20		
3239	32.3900		-24		
3240	32.4000		-28		
3241	32.4100		-32		
3242	32.4200		-36		
3243	32.4300		-40		
3244	32.4400		-44		
3245	32.4500		-47		
3246	32.4600		-50		
3247	32.4700		-53		
3248	32.4800		-56		
3249	32.4900		-58		
3250	32.5000		-60		
3251	32.5100		-61		
3252	32.5200		-62		
3253	32.5300		-64		
3254	32.5400		-64		
3255	32.5500		-64		
3256	32.5600		-64		
3257	32.5700		-64		
3258	32.5800		-63		
3259	32.5900		-62		
3260	32.6000		-61		
3261	32.6100		-59		
3262	32.6200		-57		
3263	32.6300		-55		
3264	32.6400		-52		
3265	32.6500		-49		
3266	32.6600		-46		
3267	32.6700		-43		
3268	32.6800		-39		
3269	32.6900		-36		
3270	32.7000		-32		
3271	32.7100		-27		
3272	32.7200		-23		
3273	32.7300		-19		
3274	32.7400		-14		
3275	32.7500		-10		
3276	32.7600		-5		
3277	32.7700		0		
3278	32.7800		4		
3279	32.7900		9		
3280	32.8000		13		
3281	32.8100		18		
3282	32.8200		22		
3283	32.8300		26		
3284	32.8400		31		
3285	32.8500		35		
3286	32.8600		38		
3287	32.8700		42		
3288	32.8800		45		
3289	32.8900		48		
3290	32.9000		51		
3291	32.9100		54		
3292	32.9200		56		
3293	32.9300		58		
3294	32.9400		60		
3295	32.9500		61		
3296	32.9600		62		
3297	32.9700		63		
3298	32.9800		63		
3299	32.9900		63		
3300	33.0000		63		
3301	33.0100		62		
3302	33.0200		61		
3303	33.0300		60		
3304	33.0400		58		
3305	33.0500		56		
3306	33.0600		54		
3307	33.0700		51		
3308	33.0800		48		
3309	33.0900		46		
3310	33.1000		42		
3311	33.1100		38		
3312	33.1200		35		
3313	33.1300		31		
3314	33.1400		27		
3315	33.1500		22		
3316	33.1600		18		
3317	33.1700		14		
3318	33.1800		9		
3319	33.1900		5		
3320	33.2000		0		
3321	33.2100		-4		
3322	33.2200		-9		
3323	33.2300		-14		
3324	33.2400		-18		
3325	33.2500		-22		
3326	33.2600		-27		
3327	33.2700		-31		
3328	33.2800		-35		
3329	33.2900		-39		
3330	33.3000		-42		
3331	33.3100		-46		
3332	33.3200		-49		
3333	33.3300		-52		
3334	33.3400		-54		
3335	33.3500		-56		
3336	33.3600		-58		
3337	33.3700		-60		
3338	33.3800		-62		
3339	33.3900		-63		
3340	33.4000		-64		
3341	33.4100		-64		
3342	33.4200		-64		
3343	33.4300		-64		
3344	33.4400		-63		
3345	33.4500		-62		
3346	33.4600		-61		
3347	33.4700		-59		
3348	33.4800		-57		
3349	33.4900		-55		
3350	33.5000		-53		
3351	33.5100		-50		
3352	33.5200		-47		
3353	33.5300		-44		
3354	33.5400		-40		
3355	33.5500		-36		
3356	33.5600		-32		
3357	33.5700		-28		
3358	33.5800		-24		
3359	33.5900		-20		
3360	33.6000		-16		
3361	33.6100		-11		
3362	33.6200		-6		
3363	33.6300		-2		
3364	33.6400		3		
3365	33.6500		7		
3366	33.6600		12		
3367	33.6700		16		
3368	33.6800		21		
3369	33.6900		25		
3370	33.7000		29		
3371	33.7100		33		
3372	33.7200		37		
3373	33.7300		40		
3374	33.7400		44		
3375	33.7500		47		
3376	33.7600		50		
3377	33.7700		52		
3378	33.7800		55		
3379	33.7900		57		
3380	33.8000		59		
3381	33.8100		60		
3382	33.8200		61		
3383	33.8300		62		
3384	33.8400		62		
3385	33.8500		62		
3386	33.8600		62		
3387	33.8700		62		
3388	33.8800		61		
3389	33.8900		60		
3390	33.9000		58		
3391	33.9100		56		
3392	33.9200		54		
3393	33.9300		52		
3394	33.9400		49		
3395	33.9500		46		
3396	33.9600		43		
3397	33.9700		40		
3398	33.9800		36		
3399	33.9900		32		
3400	34.0000		28		
3401	34.0100		24		
3402	34.0200		20		
3403	34.0300		15		
3404	34.0400		10		
3405	34.0500		6		
3406	34.0600		2		
3407	34.0700		-3		
3408	34.0800		-8		
3409	34.0900		-12		
3410	34.1000		-16		
3411	34.1100		-21		
3412	34.1200		-25		
3413	34.1300		-30		
3414	34.1400		-34		
3415	34.1500		-37		
3416	34.1600		-41		
3417	34.1700		-44		
3418	34.1800		-48		
3419	34.1900		-50		
3420	34.2000		-53		
3421	34.2100		-56		
3422	34.2200		-58		
3423	34.2300		-59		
3424	34.2400		-61		
3425	34.2500		-62		
3426	34.2600		-63		
3427	34.2700		-63		
3428	34.2800		-64		
3429	34.2900		-63		
3430	34.3000		-63		
3431	34.3100		-62		
3432	34.3200		-61		
3433	34.3300		-59		
3434	34.3400		-58		
3435	34.3500		-56		
3436	34.3600		-53		
3437	34.3700		-50		
3438	34.3800		-48		
3439	34.3900		-44		
3440	34.4000		-41		
3441	34.4100		-38		
3442	34.4200		-34		
3443	34.4300		-30		
3444	34.4400		-26		
3445	34.4500		-21		
3446	34.4600		-17		
3447	34.4700		-12		
3448	34.4800		-8		
3449	34.4900		-3		
3450	34.5000		1		
3451	34.5100		6		
3452	34.5200		10		
3453	34.5300		15		
3454	34.5400		19		
3455	34.5500		24		
3456	34.5600		28		
3457	34.5700		32		
3458	34.5800		36		
3459	34.5900		39		
3460	34.6000		42		
3461	34.6100		46		
3462	34.6200		48		
3463	34.6300		51		
3464	34.6400		54		
3465	34.6500		56		
3466	34.6600		58		
3467	34.6700		59		
3468	34.6800		60		
3469	34.6900		61		
3470	34.7000		62		
3471	34.7100		62		
3472	34.7200		62		
3473	34.7300		62		
3474	34.7400		61		
3475	34.7500		60		
3476	34.7600		58		
3477	34.7700		56		
3478	34.7800		54		
3479	34.7900		52		
3480	34.8000		50		
3481	34.8100		47		
3482	34.8200		44		
3483	34.8300		40		
3484	34.8400		37		
3485	34.8500		33		
3486	34.8600		29		
3487	34.8700		25		
3488	34.8800		21		
3489	34.8900		16		
3490	34.9000		12		
3491	34.9100		8		
3492	34.9200		3		
3493	34.9300		-2		
3494	34.9400		-6		
3495	34.9500		-11		
3496	34.9600		-15		
3497	34.9700		-20		
3498	34.9800		-24		
3499	34.9900		-28		
3500	35.0000		-32		
3501	35.0100		-36		
3502	35.0200		-40		
3503	35.0300		-43		
3504	35.0400		-46		
3505	35.0500		-49		
3506	35.0600		-52		
3507	35.0700		-54		
3508	35.0800		-56		
3509	35.0900		-58		
3510	35.1000		-60		
3511	35.1100		-61		
3512	35.1200		-62		
3513	35.1300		-62		
3514	35.1400		-63		
3515	35.1500		-63		
3516	35.1600		-62		
3517	35.1700		-62		
3518	35.1800		-61		
3519	35.1900		-60		
3520	35.2000		-58		
3521	35.2100		-56		
3522	35.2200		-54		
3523	35.2300		-51		
3524	35.2400		-48		
3525	35.2500		-45		
3526	35.2600		-42		
3527	35.2700		-38		
3528	35.2800		-34		
3529	35.2900		-31		
3530	35.3000		-26		
3531	35.3100		-22		
3532	35.3200		-18		
3533	35.3300		-14		
3534	35.3400		-9		
3535	35.3500		-5		
3536	35.3600		0		
3537	35.3700		4		
3538	35.3800		9		
3539	35.3900		13		
3540	35.4000		18		
3541	35.4100		22		
3542	35.4200		26		
3543	35.4300		30		
3544	35.4400		34		
3545	35.4500		38		
3546	35.4600		41		
3547	35.4700		44		
3548	35.4800		47		
3549	35.4900		50		
3550	35.5000		52		
3551	35.5100		55		
3552	35.5200		57		
3553	35.5300		58		
3554	35.5400		60		
3555	35.5500		61		
3556	35.5600		61		
3557	35.5700		62		
3558	35.5800		62		
3559	35.5900		61		
3560	35.6000		61		
3561	35.6100		60		
3562	35.6200		58		
3563	35.6300		57		
3564	35.6400		55		
3565	35.6500		52		
3566	35.6600		50		
3567	35.6700		47		
3568	35.6800		44		
3569	35.6900		41		
3570	35.7000		38		
3571	35.7100		34		
3572	35.7200		30		
3573	35.7300		26		
3574	35.7400		22		
3575	35.7500		18		
3576	35.7600		13		
3577	35.7700		9		
3578	35.7800		4		
3579	35.7900		0		
3580	35.8000		-4		
3581	35.8100		-9		
3582	35.8200		-14		
3583	35.8300		-18		
3584	35.8400		-22		
3585	35.8500		-26		
3586	35.8600		-30		
3587	35.8700		-34		
3588	35.8800		-38		
3589	35.8900		-42		
3590	35.9000		-45		
3591	35.9100		-48		
3592	35.9200		-50		
3593	35.9300		-53		
3594	35.9400		-56		
3595	35.9500		-57		
3596	35.9600		-59		
3597	35.9700		-60		
3598	35.9800		-62		
3599	35.9900		-62		
3600	36.0000		-62		
3601	36.0100		-62		
3602	36.0200		-62		
3603	36.0300		-62		
3604	36.0400		-61		
3605	36.0500		-60		
3606	36.0600		-58		
3607	36.0700		-56		
3608	36.0800		-54		
3609	36.0900		-52		
3610	36.1000		-49		
3611	36.1100		-46		
3612	36.1200		-42		
3613	36.1300		-39		
3614	36.1400		-36		
3615	36.1500		-32		
3616	36.1600		-28		
3617	36.1700		-24		
3618	36.1800		-20		
3619	36.1900		-15		
3620	36.2000		-11		
3621	36.2100		-6		
3622	36.2200		-2		
3623	36.2300		3		
3624	36.2400		7		
3625	36.2500		12		
3626	36.2600		16		
3627	36.2700		20		
3628	36.2800		24		
3629	36.2900		29		
3630	36.3000		32		
3631	36.3100		36		
3632	36.3200		40		
3633	36.3300		43		
3634	36.3400		46		
3635	36.3500		49		
3636	36.3600		52		
3637	36.3700		54		
3638	36.3800		56		
3639	36.3900		58		
3640	36.4000		59		
3641	36.4100		60		
3642	36.4200		61		
3643	36.4300		61		
3644	36.4400		61		
3645	36.4500		61		
3646	36.4600		60		
3647	36.4700		60		
3648	36.4800		58		
3649	36.4900		57		
3650	36.5000		55		
3651	36.5100		53		
3652	36.5200		50		
3653	36.5300		48		
3654	36.5400		45		
3655	36.5500		42		
3656	36.5600		38		
3657	36.5700		35		
3658	36.5800		31		
3659	36.5900		27		
3660	36.6000		23		
3661	36.6100		19		
3662	36.6200		14		
3663	36.6300		10		
3664	36.6400		6		
3665	36.6500		1		
3666	36.6600		-3		
3667	36.6700		-8		
3668	36.6800		-12		
3669	36.6900		-16		
3670	36.7000		-21		
3671	36.7100		-25		
3672	36.7200		-29		
3673	36.7300		-33		
3674	36.7400		-37		
3675	36.7500		-40		
3676	36.7600		-44		
3677	36.7700		-46		
3678	36.7800		-49		
3679	36.7900		-52		
3680	36.8000		-54		
3681	36.8100		-56		
3682	36.8200		-58		
3683	36.8300		-60		
3684	36.8400		-61		
3685	36.8500		-62		
3686	36.8600		-62		
3687	36.8700		-62		
3688	36.8800		-62		
3689	36.8900		-62		
3690	36.9000		-60		
3691	36.9100		-60		
3692	36.9200		-58		
3693	36.9300		-56		
3694	36.9400		-54		
3695	36.9500		-52		
3696	36.9600		-49		
3697	36.9700		-46		
3698	36.9800		-43		
3699	36.9900		-40		
3700	37.0000		-36		
3701	37.0100		-33		
3702	37.0200		-29		
3703	37.0300		-25		
3704	37.0400		-20		
3705	37.0500		-16		
3706	37.0600		-12		
3707	37.0700		-8		
3708	37.0800		-3		
3709	37.0900		2		
3710	37.1000		6		
3711	37.1100		10		
3712	37.1200		15		
3713	37.1300		19		
3714	37.1400		23		
3715	37.1500		27		
3716	37.1600		31		
3717	37.1700		35		
3718	37.1800		38		
3719	37.1900		42		
3720	37.2000		45		
3721	37.2100		48		
3722	37.2200		50		
3723	37.2300		53		
3724	37.2400		55		
3725	37.2500		56		
3726	37.2600		58		
3727	37.2700		59		
3728	37.2800		60		
3729	37.2900		60		
3730	37.3000		61		
3731	37.3100		61		
3732	37.3200		60		
3733	37.3300		60		
3734	37.3400		58		
3735	37.3500		57		
3736	37.3600		55		
3737	37.3700		53		
3738	37.3800		51		
3739	37.3900		48		
3740	37.4000		46		
3741	37.4100		42		
3742	37.4200		39		
3743	37.4300		36		
3744	37.4400		32		
3745	37.4500		28		
3746	37.4600		24		
3747	37.4700		20		
3748	37.4800		16		
3749	37.4900		12		
3750	37.5000		7		
3751	37.5100		2		
3752	37.5200		-2		
3753	37.5300		-6		
3754	37.5400		-11		
3755	37.5500		-15		
3756	37.5600		-19		
3757	37.5700		-24		
3758	37.5800		-28		
3759	37.5900		-32		
3760	37.6000		-35		
3761	37.6100		-39		
3762	37.6200		-42		
3763	37.6300		-45		
3764	37.6400		-48		
3765	37.6500		-51		
3766	37.6600		-53		
3767	37.6700		-56		
3768	37.6800		-57		
3769	37.6900		-59		
3770	37.7000		-60		
3771	37.7100		-61		
3772	37.7200		-61		
3773	37.7300		-62		
3774	37.7400		-62		
3775	37.7500		-61		
3776	37.7600		-60		
3777	37.7700		-60		
3778	37.7800		-58		
3779	37.7900		-56		
3780	37.8000		-54		
3781	37.8100		-52		
3782	37.8200		-50		
3783	37.8300		-47		
3784	37.8400		-44		
3785	37.8500		-41		
3786	37.8600		-37		
3787	37.8700		-34		
3788	37.8800		-30		
3789	37.8900		-26		
3790	37.9000		-22		
3791	37.9100		-18		
3792	37.9200		-13		
3793	37.9300		-9		
3794	37.9400		-4		
3795	37.9500		0		
3796	37.9600		4		
3797	37.9700		9		
3798	37.9800		13		
3799	37.9900		18		
3800	38.0000		22		
3801	38.0100		26		
3802	38.0200		30		
3803	38.0300		34		
3804	38.0400		37		
3805	38.0500		40		
3806	38.0600		44		
3807	38.0700		46		
3808	38.0800		49		
3809	38.0900		52		
3810	38.1000		54		
3811	38.1100		56		
3812	38.1200		57		
3813	38.1300		58		
3814	38.1400		60		
3815	38.1500		60		
3816	38.1600		60		
3817	38.1700		60		
3818	38.1800		60		
3819	38.1900		59		
3820	38.2000		58		
3821	38.2100		57		
3822	38.2200		56		
3823	38.2300		54		
3824	38.2400		51		
3825	38.2500		49		
3826	38.2600		46		
3827	38.2700		43		
3828	38.2800		40		
3829	38.2900		37		
3830	38.3000		33		
3831	38.3100		29		
3832	38.3200		25		
3833	38.3300		21		
3834	38.3400		17		
3835	38.3500		13		
3836	38.3600		8		
3837	38.3700		4		
3838	38.3800		0		
3839	38.3900		-5		
3840	38.4000		-9		
3841	38.4100		-14		
3842	38.4200		-18		
3843	38.4300		-22		
3844	38.4400		-26		
3845	38.4500		-30		
3846	38.4600		-34		
3847	38.4700		-38		
3848	38.4800		-41		
3849	38.4900		-44		
3850	38.5000		-47		
3851	38.5100		-50		
3852	38.5200		-52		
3853	38.5300		-54		
3854	38.5400		-56		
3855	38.5500		-58		
3856	38.5600		-59		
3857	38.5700		-60		
3858	38.5800		-61		
3859	38.5900		-61		
3860	38.6000		-61		
3861	38.6100		-61		
3862	38.6200		-60		
3863	38.6300		-60		
3864	38.6400		-58		
3865	38.6500		-56		
3866	38.6600		-55		
3867	38.6700		-52		
3868	38.6800		-50		
3869	38.6900		-48		
3870	38.7000		-45		
3871	38.7100		-42		
3872	38.7200		-38		
3873	38.7300		-34		
3874	38.7400		-31		
3875	38.7500		-27		
3876	38.7600		-23		
3877	38.7700		-19		
3878	38.7800		-14		
3879	38.7900		-10		
3880	38.8000		-6		
3881	38.8100		-1		
3882	38.8200		3		
3883	38.8300		8		
3884	38.8400		12		
3885	38.8500		16		
3886	38.8600		20		
3887	38.8700		24		
3888	38.8800		28		
3889	38.8900		32		
3890	38.9000		36		
3891	38.9100		39		
3892	38.9200		42		
3893	38.9300		45		
3894	38.9400		48		
3895	38.9500		50		
3896	38.9600		53		
3897	38.9700		55		
3898	38.9800		56		
3899	38.9900		58		
3900	39.0000		59		
3901	39.0100		60		
3902	39.0200		60		
3903	39.0300		60		
3904	39.0400		60		
3905	39.0500		59		
3906	39.0600		58		
3907	39.0700		57		
3908	39.0800		56		
3909	39.0900		54		
3910	39.1000		52		
3911	39.1100		49		
3912	39.1200		47		
3913	39.1300		44		
3914	39.1400		41		
3915	39.1500		38		
3916	39.1600		34		
3917	39.1700		30		
3918	39.1800		26		
3919	39.1900		22		
3920	39.2000		18		
3921	39.2100		14		
3922	39.2200		10		
3923	39.2300		5		
3924	39.2400		1		
3925	39.2500		-4		
3926	39.2600		-8		
3927	39.2700		-12		
3928	39.2800		-16		
3929	39.2900		-20		
3930	39.3000		-25		
3931	39.3100		-29		
3932	39.3200		-32		
3933	39.3300		-36		
3934	39.3400		-40		
3935	39.3500		-43		
3936	39.3600		-46		
3937	39.3700		-48		
3938	39.3800		-51		
3939	39.3900		-53		
3940	39.4000		-55		
3941	39.4100		-57		
3942	39.4200		-58		
3943	39.4300		-60		
3944	39.4400		-60		
3945	39.4500		-60		
3946	39.4600		-61		
3947	39.4700		-60		
3948	39.4800		-60		
3949	39.4900		-59		
3950	39.5000		-58		
3951	39.5100		-57		
3952	39.5200		-55		
3953	39.5300		-53		
3954	39.5400		-50		
3955	39.5500		-48		
3956	39.5600		-45		
3957	39.5700		-42		
3958	39.5800		-39		
3959	39.5900		-36		
3960	39.6000		-32		
3961	39.6100		-28		
3962	39.6200		-24		
3963	39.6300		-20		
3964	39.6400		-16		
3965	39.6500		-11		
3966	39.6600		-7		
3967	39.6700		-3		
3968	39.6800		2		
3969	39.6900		6		
3970	39.7000		10		
3971	39.7100		14		
3972	39.7200		19		
3973	39.7300		23		
3974	39.7400		27		
3975	39.7500		31		
3976	39.7600		34		
3977	39.7700		38		
3978	39.7800		41		
3979	39.7900		44		
3980	39.8000		47		
3981	39.8100		50		
3982	39.8200		52		
3983	39.8300		54		
3984	39.8400		56		
3985	39.8500		57		
3986	39.8600		58		
3987	39.8700		59		
3988	39.8800		59		
3989	39.8900		60		
3990	39.9000		59		
3991	39.9100		59		
3992	39.9200		58		
3993	39.9300		57		
3994	39.9400		56		
3995	39.9500		54		
3996	39.9600		52		
3997	39.9700		50		
3998	39.9800		47		
3999	39.9900		44		
4000	40.0000		42		
4001	40.0100		38		
4002	40.0200		35		
4003	40.0300		31		
4004	40.0400		28		
4005	40.0500		24		
4006	40.0600		19		
4007	40.0700		15		
4008	40.0800		11		
4009	40.0900		7		
4010	40.1000		2		
4011	40.1100		-2		
4012	40.1200		-6		
4013	40.1300		-11		
4014	40.1400		-15		
4015	40.1500		-19		
4016	40.1600		-23		
4017	40.1700		-27		
4018	40.1800		-31		
4019	40.1900		-35		
4020	40.2000		-38		
4021	40.2100		-42		
4022	40.2200		-44		
4023	40.2300		-47		
4024	40.2400		-50		
4025	40.2500		-52		
4026	40.2600		-54		
4027	40.2700		-56		
4028	40.2800		-58		
4029	40.2900		-58		
4030	40.3000		-60		
4031	40.3100		-60		
4032	40.3200		-60		
4033	40.3300		-60		
4034	40.3400		-60		
4035	40.3500		-59		
4036	40.3600		-58		
4037	40.3700		-57		
4038	40.3800		-55		
4039	40.3900		-53		
4040	40.4000		-51		
4041	40.4100		-48		
4042	40.4200		-46		
4043	40.4300		-43		
4044	40.4400		-40		
4045	40.4500		-36		
4046	40.4600		-32		
4047	40.4700		-29		
4048	40.4800		-25		
4049	40.4900		-21		
4050	40.5000		-17		
4051	40.5100		-12		
4052	40.5200		-8		
4053	40.5300		-4		
4054	40.5400		0		
4055	40.5500		5		
4056	40.5600		9		
4057	40.5700		13		
4058	40.5800		17		
4059	40.5900		22		
4060	40.6000		26		
4061	40.6100		29		
4062	40.6200		33		
4063	40.6300		36		
4064	40.6400		40		
4065	40.6500		43		
4066	40.6600		46		
4067	40.6700		48		
4068	40.6800		50		
4069	40.6900		53		
4070	40.7000		54		
4071	40.7100		56		
4072	40.7200		57		
4073	40.7300		58		
4074	40.7400		59		
4075	40.7500		59		
4076	40.7600		59		
4077	40.7700		58		
4078	40.7800		58		
4079	40.7900		57		
4080	40.8000		56		
4081	40.8100		54		
4082	40.8200		52		
4083	40.8300		50		
4084	40.8400		48		
4085	40.8500		45		
4086	40.8600		42		
4087	40.8700		39		
4088	40.8800		36		
4089	40.8900		32		
4090	40.9000		28		
4091	40.9100		24		
4092	40.9200		20		
4093	40.9300		16		
4094	40.9400		12		
4095	40.9500		8		
4096	40.9600		4		
4097	40.9700		-1		
4098	40.9800		-5		
4099	40.9900		-9		
4100	41.0000		-14		
4101	41.0100		-18		
4102	41.0200		-22		
4103	41.0300		-26		
4104	41.0400		-30		
4105	41.0500		-34		
4106	41.0600		-37		
4107	41.0700		-40		
4108	41.0800		-43		
4109	41.0900		-46		
4110	41.1000		-49		
4111	41.1100		-51		
4112	41.1200		-53		
4113	41.1300		-55		
4114	41.1400		-57		
4115	41.1500		-58		
4116	41.1600		-59		
4117	41.1700		-60		
4118	41.1800		-60		
4119	41.1900		-60		
4120	41.2000		-60		
4121	41.2100		-59		
4122	41.2200		-58		
4123	41.2300		-57		
4124	41.2400		-55		
4125	41.2500		-53		
4126	41.2600		-51		
4127	41.2700		-49		
4128	41.2800		-46		
4129	41.2900		-43		
4130	41.3000		-40		
4131	41.3100		-37		
4132	41.3200		-34		
4133	41.3300		-30		
4134	41.3400		-26		
4135	41.3500		-22		
4136	41.3600		-18		
4137	41.3700		-14		
4138	41.3800		-10		
4139	41.3900		-5		
4140	41.4000		-1		
4141	41.4100		4		
4142	41.4200		8		
4143	41.4300		12		
4144	41.4400		16		
4145	41.4500		20		
4146	41.4600		24		
4147	41.4700		28		
4148	41.4800		32		
4149	41.4900		35		
4150	41.5000		38		
4151	41.5100		42		
4152	41.5200		45		
4153	41.5300		47		
4154	41.5400		50		
4155	41.5500		52		
4156	41.5600		54		
4157	41.5700		55		
4158	41.5800		56		
4159	41.5900		58		
4160	41.6000		58		
4161	41.6100		58		
4162	41.6200		59		
4163	41.6300		58		
4164	41.6400		58		
4165	41.6500		57		
4166	41.6600		56		
4167	41.6700		54		
4168	41.6800		52		
4169	41.6900		50		
4170	41.7000		48		
4171	41.7100		46		
4172	41.7200		42		
4173	41.7300		40		
4174	41.7400		36		
4175	41.7500		33		
4176	41.7600		29		
4177	41.7700		26		
4178	41.7800		22		
4179	41.7900		18		
4180	41.8000		13		
4181	41.8100		9		
4182	41.8200		5		
4183	41.8300		0		
4184	41.8400		-4		
4185	41.8500		-8		
4186	41.8600		-12		
4187	41.8700		-16		
4188	41.8800		-20		
4189	41.8900		-24		
4190	41.9000		-28		
4191	41.9100		-32		
4192	41.9200		-36		
4193	41.9300		-39		
4194	41.9400		-42		
4195	41.9500		-45		
4196	41.9600		-48		
4197	41.9700		-50		
4198	41.9800		-52		
4199	41.9900		-54		
4200	42.0000		-56		
4201	42.0100		-57		
4202	42.0200		-58		
4203	42.0300		-59		
4204	42.0400		-59		
4205	42.0500		-59		
4206	42.0600		-59		
4207	42.0700		-59		
4208	42.0800		-58		
4209	42.0900		-57		
4210	42.1000		-55		
4211	42.1100		-54		
4212	42.1200		-52		
4213	42.1300		-49		
4214	42.1400		-47		
4215	42.1500		-44		
4216	42.1600		-41		
4217	42.1700		-38		
4218	42.1800		-34		
4219	42.1900		-31		
4220	42.2000		-27		
4221	42.2100		-23		
4222	42.2200		-19		
4223	42.2300		-15		
4224	42.2400		-11		
4225	42.2500		-6		
4226	42.2600		-2		
4227	42.2700		2		
4228	42.2800		6		
4229	42.2900		10		
4230	42.3000		15		
4231	42.3100		19		
4232	42.3200		23		
4233	42.3300		27		
4234	42.3400		30		
4235	42.3500		34		
4236	42.3600		37		
4237	42.3700		40		
4238	42.3800		44		
4239	42.3900		46		
4240	42.4000		48		
4241	42.4100		51		
4242	42.4200		53		
4243	42.4300		54		
4244	42.4400		56		
4245	42.4500		57		
4246	42.4600		58		
4247	42.4700		58		
4248	42.4800		58		
4249	42.4900		58		
4250	42.5000		58		
4251	42.5100		57		
4252	42.5200		56		
4253	42.5300		54		
4254	42.5400		52		
4255	42.5500		50		
4256	42.5600		48		
4257	42.5700		46		
4258	42.5800		43		
4259	42.5900		40		
4260	42.6000		37		
4261	42.6100		34		
4262	42.6200		30		
4263	42.6300		26		
4264	42.6400		22		
4265	42.6500		18		
4266	42.6600		14		
4267	42.6700		10		
4268	42.6800		6		
4269	42.6900		2		
4270	42.7000		-2		
4271	42.7100		-7		
4272	42.7200		-11		
4273	42.7300		-15		
4274	42.7400		-19		
4275	42.7500		-23		
4276	42.7600		-27		
4277	42.7700		-31		
4278	42.7800		-34		
4279	42.7900		-38		
4280	42.8000		-41		
4281	42.8100		-44		
4282	42.8200		-47		
4283	42.8300		-49		
4284	42.8400		-51		
4285	42.8500		-53		
4286	42.8600		-55		
4287	42.8700		-56		
4288	42.8800		-58		
4289	42.8900		-58		
4290	42.9000		-59		
4291	42.9100		-59		
4292	42.9200		-59		
4293	42.9300		-58		
4294	42.9400		-58		
4295	42.9500		-57		
4296	42.9600		-55		
4297	42.9700		-54		
4298	42.9800		-52		
4299	42.9900		-50		
4300	43.0000		-47		
4301	43.0100		-44		
4302	43.0200		-42		
4303	43.0300		-38		
4304	43.0400		-35		
4305	43.0500		-32		
4306	43.0600		-28		
4307	43.0700		-24		
4308	43.0800		-20		
4309	43.0900		-16		
4310	43.1000		-12		
4311	43.1100		-8		
4312	43.1200		-3		
4313	43.1300		1		
4314	43.1400		5		
4315	43.1500		9		
4316	43.1600		14		
4317	43.1700		18		
4318	43.1800		22		
4319	43.1900		26		
4320	43.2000		29		
4321	43.2100		33		
4322	43.2200		36		
4323	43.2300		39		
4324	43.2400		42		
4325	43.2500		45		
4326	43.2600		48		
4327	43.2700		50		
4328	43.2800		52		
4329	43.2900		54		
4330	43.3000		55		
4331	43.3100		56		
4332	43.3200		57		
4333	43.3300		58		
4334	43.3400		58		
4335	43.3500		58		
4336	43.3600		57		
4337	43.3700		56		
4338	43.3800		56		
4339	43.3900		54		
4340	43.4000		53		
4341	43.4100		51		
4342	43.4200		48		
4343	43.4300		46		
4344	43.4400		44		
4345	43.4500		41		
4346	43.4600		38		
4347	43.4700		34		
4348	43.4800		31		
4349	43.4900		27		
4350	43.5000		24		
4351	43.5100		19		
4352	43.5200		15		
4353	43.5300		11		
4354	43.5400		7		
4355	43.5500		3		
4356	43.5600		-1		
4357	43.5700		-6		
4358	43.5800		-10		
4359	43.5900		-14		
4360	43.6000		-18		
4361	43.6100		-22		
4362	43.6200		-26		
4363	43.6300		-30		
4364	43.6400		-33		
4365	43.6500		-36		
4366	43.6600		-40		
4367	43.6700		-43		
4368	43.6800		-46		
4369	43.6900		-48		
4370	43.7000		-50		
4371	43.7100		-52		
4372	43.7200		-54		
4373	43.7300		-56		
4374	43.7400		-57		
4375	43.7500		-58		
4376	43.7600		-58		
4377	43.7700		-58		
4378	43.7800		-58		
4379	43.7900		-58		
4380	43.8000		-58		
4381	43.8100		-56		
4382	43.8200		-55		
4383	43.8300		-54		
4384	43.8400		-52		
4385	43.8500		-50		
4386	43.8600		-48		
4387	43.8700		-45		
4388	43.8800		-42		
4389	43.8900		-39		
4390	43.9000		-36		
4391	43.9100		-32		
4392	43.9200		-28		
4393	43.9300		-25		
4394	43.9400		-21		
4395	43.9500		-17		
4396	43.9600		-13		
4397	43.9700		-9		
4398	43.9800		-4		
4399	43.9900		0		
4400	44.0000		4		
4401	44.0100		8		
4402	44.0200		12		
4403	44.0300		16		
4404	44.0400		20		
4405	44.0500		24		
4406	44.0600		28		
4407	44.0700		32		
4408	44.0800		35		
4409	44.0900		38		
4410	44.1000		41		
4411	44.1100		44		
4412	44.1200		46		
4413	44.1300		49		
4414	44.1400		51		
4415	44.1500		53		
4416	44.1600		54		
4417	44.1700		56		
4418	44.1800		56		
4419	44.1900		57		
4420	44.2000		57		
4421	44.2100		57		
4422	44.2200		57		
4423	44.2300		56		
4424	44.2400		56		
4425	44.2500		54		
4426	44.2600		53		
4427	44.2700		51		
4428	44.2800		49		
4429	44.2900		47		
4430	44.3000		44		
4431	44.3100		41		
4432	44.3200		38		
4433	44.3300		35		
4434	44.3400		32		
4435	44.3500		28		
4436	44.3600		24		
4437	44.3700		20		
4438	44.3800		16		
4439	44.3900		12		
4440	44.4000		8		
4441	44.4100		4		
4442	44.4200		0		
4443	44.4300		-4		
4444	44.4400		-8		
4445	44.4500		-12		
4446	44.4600		-17		
4447	44.4700		-21		
4448	44.4800		-24		
4449	44.4900		-28		
4450	44.5000		-32		
4451	44.5100		-35		
4452	44.5200		-38		
4453	44.5300		-42		
4454	44.5400		-44		
4455	44.5500		-47		
4456	44.5600		-49		
4457	44.5700		-52		
4458	44.5800		-53		
4459	44.5900		-55		
4460	44.6000		-56		
4461	44.6100		-57		
4462	44.6200		-58		
4463	44.6300		-58		
4464	44.6400		-58		
4465	44.6500		-58		
4466	44.6600		-57		
4467	44.6700		-56		
4468	44.6800		-55		
4469	44.6900		-54		
4470	44.7000		-52		
4471	44.7100		-50		
4472	44.7200		-48		
4473	44.7300		-45		
4474	44.7400		-42		
4475	44.7500		-40		
4476	44.7600		-36		
4477	44.7700		-33		
4478	44.7800		-30		
4479	44.7900		-26		
4480	44.8000		-22		
4481	44.8100		-18		
4482	44.8200		-14		
4483	44.8300		-10		
4484	44.8400		-6		
4485	44.8500		-2		
4486	44.8600		3		
4487	44.8700		7		
4488	44.8800		11		
4489	44.8900		15		
4490	44.9000		19		
4491	44.9100		23		
4492	44.9200		27		
4493	44.9300		30		
4494	44.9400		34		
4495	44.9500		37		
4496	44.9600		40		
4497	44.9700		43		
4498	44.9800		46		
4499	44.9900		48		
4500	45.0000		50		
4501	45.0100		52		
4502	45.0200		54		
4503	45.0300		55		
4504	45.0400		56		
4505	45.0500		56		
4506	45.0600		57		
4507	45.0700		57		
4508	45.0800		57		
4509	45.0900		56		
4510	45.1000		56		
4511	45.1100		54		
4512	45.1200		53		
4513	45.1300		51		
4514	45.1400		49		
4515	45.1500		47		
4516	45.1600		44		
4517	45.1700		42		
4518	45.1800		39		
4519	45.1900		36		
4520	45.2000		32		
4521	45.2100		29		
4522	45.2200		25		
4523	45.2300		22		
4524	45.2400		18		
4525	45.2500		14		
4526	45.2600		10		
4527	45.2700		5		
4528	45.2800		1		
4529	45.2900		-3		
4530	45.3000		-7		
4531	45.3100		-11		
4532	45.3200		-16		
4533	45.3300		-20		
4534	45.3400		-23		
4535	45.3500		-27		
4536	45.3600		-31		
4537	45.3700		-34		
4538	45.3800		-37		
4539	45.3900		-40		
4540	45.4000		-43		
4541	45.4100		-46		
4542	45.4200		-48		
4543	45.4300		-50		
4544	45.4400		-52		
4545	45.4500		-54		
4546	45.4600		-55		
4547	45.4700		-56		
4548	45.4800		-57		
4549	45.4900		-58		
4550	45.5000		-58		
4551	45.5100		-58		
4552	45.5200		-57		
4553	45.5300		-56		
4554	45.5400		-55		
4555	45.5500		-54		
4556	45.5600		-52		
4557	45.5700		-50		
4558	45.5800		-48		
4559	45.5900		-46		
4560	45.6000		-43		
4561	45.6100		-40		
4562	45.6200		-37		
4563	45.6300		-34		
4564	45.6400		-30		
4565	45.6500		-27		
4566	45.6600		-23		
4567	45.6700		-19		
4568	45.6800		-15		
4569	45.6900		-11		
4570	45.7000		-7		
4571	45.7100		-2		
4572	45.7200		2		
4573	45.7300		6		
4574	45.7400		10		
4575	45.7500		14		
4576	45.7600		18		
4577	45.7700		22		
4578	45.7800		26		
4579	45.7900		29		
4580	45.8000		32		
4581	45.8100		36		
4582	45.8200		39		
4583	45.8300		42		
4584	45.8400		44		
4585	45.8500		47		
4586	45.8600		49		
4587	45.8700		51		
4588	45.8800		53		
4589	45.8900		54		
4590	45.9000		55		
4591	45.9100		56		
4592	45.9200		56		
4593	45.9300		56		
4594	45.9400		56		
4595	45.9500		56		
4596	45.9600		55		
4597	45.9700		54		
4598	45.9800		53		
4599	45.9900		51		
4600	46.0000		50		
4601	46.0100		47		
4602	46.0200		45		
4603	46.0300		42		
4604	46.0400		40		
4605	46.0500		36		
4606	46.0600		33		
4607	46.0700		30		
4608	46.0800		26		
4609	46.0900		22		
4610	46.1000		18		
4611	46.1100		14		
4612	46.1200		10		
4613	46.1300		6		
4614	46.1400		2		
4615	46.1500		-2		
4616	46.1600		-6		
4617	46.1700		-10		
4618	46.1800		-14		
4619	46.1900		-18		
4620	46.2000		-22		
4621	46.2100		-26		
4622	46.2200		-30		
4623	46.2300		-33		
4624	46.2400		-36		
4625	46.2500		-39		
4626	46.2600		-42		
4627	46.2700		-45		
4628	46.2800		-47		
4629	46.2900		-50		
4630	46.3000		-52		
4631	46.3100		-53		
4632	46.3200		-54		
4633	46.3300		-56		
4634	46.3400		-56		
4635	46.3500		-57		
4636	46.3600		-57		
4637	46.3700		-57		
4638	46.3800		-57		
4639	46.3900		-56		
4640	46.4000		-55		
4641	46.4100		-54		
4642	46.4200		-52		
4643	46.4300		-50		
4644	46.4400		-48		
4645	46.4500		-46		
4646	46.4600		-44		
4647	46.4700		-40		
4648	46.4800		-38		
4649	46.4900		-34		
4650	46.5000		-31		
4651	46.5100		-28		
4652	46.5200		-24		
4653	46.5300		-20		
4654	46.5400		-16		
4655	46.5500		-12		
4656	46.5600		-8		
4657	46.5700		-4		
4658	46.5800		0		
4659	46.5900		4		
4660	46.6000		8		
4661	46.6100		12		
4662	46.6200		16		
4663	46.6300		20		
4664	46.6400		24		
4665	46.6500		28		
4666	46.6600		31		
4667	46.6700		35		
4668	46.6800		38		
4669	46.6900		41		
4670	46.7000		44		
4671	46.7100		46		
4672	46.7200		48		
4673	46.7300		50		
4674	46.7400		52		
4675	46.7500		53		
4676	46.7600		54		
4677	46.7700		55		
4678	46.7800		56		
4679	46.7900		56		
4680	46.8000		56		
4681	46.8100		56		
4682	46.8200		55		
4683	46.8300		54		
4684	46.8400		53		
4685	46.8500		51		
4686	46.8600		50		
4687	46.8700		48		
4688	46.8800		45		
4689	46.8900		43		
4690	46.9000		40		
4691	46.9100		37		
4692	46.9200		34		
4693	46.9300		30		
4694	46.9400		27		
4695	46.9500		23		
4696	46.9600		19		
4697	46.9700		16		
4698	46.9800		12		
4699	46.9900		8		
4700	47.0000		3		
4701	47.0100		-1		
4702	47.0200		-5		
4703	47.0300		-9		
4704	47.0400		-13		
4705	47.0500		-17		
4706	47.0600		-21		
4707	47.0700		-25		
4708	47.0800		-28		
4709	47.0900		-32		
4710	47.1000		-35		
4711	47.1100		-38		
4712	47.1200		-41		
4713	47.1300		-44		
4714	47.1400		-46		
4715	47.1500		-48		
4716	47.1600		-51		
4717	47.1700		-52		
4718	47.1800		-54		
4719	47.1900		-55		
4720	47.2000		-56		
4721	47.2100		-56		
4722	47.2200		-57		
4723	47.2300		-57		
4724	47.2400		-56		
4725	47.2500		-56		
4726	47.2600		-55		
4727	47.2700		-54		
4728	47.2800		-52		
4729	47.2900		-51		
4730	47.3000		-49		
4731	47.3100		-46		
4732	47.3200		-44		
4733	47.3300		-41		
4734	47.3400		-38		
4735	47.3500		-35		
4736	47.3600		-32		
4737	47.3700		-28		
4738	47.3800		-24		
4739	47.3900		-21		
4740	47.4000		-17		
4741	47.4100		-13		
4742	47.4200		-9		
4743	47.4300		-5		
4744	47.4400		-1		
4745	47.4500		3		
4746	47.4600		8		
4747	47.4700		12		
4748	47.4800		15		
4749	47.4900		19		
4750	47.5000		23		
4751	47.5100		27		
4752	47.5200		30		
4753	47.5300		34		
4754	47.5400		37		
4755	47.5500		40		
4756	47.5600		42		
4757	47.5700		45		
4758	47.5800		47		
4759	47.5900		49		
4760	47.6000		51		
4761	47.6100		52		
4762	47.6200		54		
4763	47.6300		54		
4764	47.6400		55		
4765	47.6500		56		
4766	47.6600		56		
4767	47.6700		55		
4768	47.6800		55		
4769	47.6900		54		
4770	47.7000		53		
4771	47.7100		51		
4772	47.7200		50		
4773	47.7300		48		
4774	47.7400		46		
4775	47.7500		43		
4776	47.7600		40		
4777	47.7700		38		
4778	47.7800		34		
4779	47.7900		31		
4780	47.8000		28		
4781	47.8100		24		
4782	47.8200		20		
4783	47.8300		16		
4784	47.8400		12		
4785	47.8500		8		
4786	47.8600		4		
4787	47.8700		0		
4788	47.8800		-4		
4789	47.8900		-8		
4790	47.9000		-12		
4791	47.9100		-16		
4792	47.9200		-20		
4793	47.9300		-24		
4794	47.9400		-27		
4795	47.9500		-31		
4796	47.9600		-34		
4797	47.9700		-37		
4798	47.9800		-40		
4799	47.9900		-43		
4800	48.0000		-46		
4801	48.0100		-48		
4802	48.0200		-50		
4803	48.0300		-52		
4804	48.0400		-53		
4805	48.0500		-54		
4806	48.0600		-55		
4807	48.0700		-56		
4808	48.0800		-56		
4809	48.0900		-56		
4810	48.1000		-56		
4811	48.1100		-56		
4812	48.1200		-55		
4813	48.1300		-54		
4814	48.1400		-52		
4815	48.1500		-51		
4816	48.1600		-49		
4817	48.1700		-46		
4818	48.1800		-44		
4819	48.1900		-42		
4820	48.2000		-39		
4821	48.2100		-36		
4822	48.2200		-32		
4823	48.2300		-29		
4824	48.2400		-25		
4825	48.2500		-22		
4826	48.2600		-18		
4827	48.2700		-14		
4828	48.2800		-10		
4829	48.2900		-6		
4830	48.3000		-2		
4831	48.3100		2		
4832	48.3200		6		
4833	48.3300		10		
4834	48.3400		14		
4835	48.3500		18		
4836	48.3600		22		
4837	48.3700		26		
4838	48.3800		29		
4839	48.3900		32		
4840	48.4000		36		
4841	48.4100		39		
4842	48.4200		42		
4843	48.4300		44		
4844	48.4400		46		
4845	48.4500		48		
4846	48.4600		50		
4847	48.4700		52		
4848	48.4800		53		
4849	48.4900		54		
4850	48.5000		55		
4851	48.5100		55		
4852	48.5200		55		
4853	48.5300		55		
4854	48.5400		55		
4855	48.5500		54		
4856	48.5600		53		
4857	48.5700		52		
4858	48.5800		50		
4859	48.5900		48		
4860	48.6000		46		
4861	48.6100		43		
4862	48.6200		41		
4863	48.6300		38		
4864	48.6400		35		
4865	48.6500		32		
4866	48.6600		28		
4867	48.6700		25		
4868	48.6800		21		
4869	48.6900		17		
4870	48.7000		13		
4871	48.7100		9		
4872	48.7200		5		
4873	48.7300		1		
4874	48.7400		-3		
4875	48.7500		-7		
4876	48.7600		-11		
4877	48.7700		-15		
4878	48.7800		-18		
4879	48.7900		-22		
4880	48.8000		-26		
4881	48.8100		-30		
4882	48.8200		-33		
4883	48.8300		-36		
4884	48.8400		-39		
4885	48.8500		-42		
4886	48.8600		-44		
4887	48.8700		-47		
4888	48.8800		-49		
4889	48.8900		-51		
4890	48.9000		-52		
4891	48.9100		-54		
4892	48.9200		-55		
4893	48.9300		-56		
4894	48.9400		-56		
4895	48.9500		-56		
4896	48.9600		-56		
4897	48.9700		-56		
4898	48.9800		-55		
4899	48.9900		-54		
4900	49.0000		-52		
4901	49.0100		-51		
4902	49.0200		-49		
4903	49.0300		-47		
4904	49.0400		-44		
4905	49.0500		-42		
4906	49.0600		-39		
4907	49.0700		-36		
4908	49.0800		-33		
4909	49.0900		-30		
4910	49.1000		-26		
4911	49.1100		-22		
4912	49.1200		-19		
4913	49.1300		-15		
4914	49.1400		-11		
4915	49.1500		-7		
4916	49.1600		-3		
4917	49.1700		1		
4918	49.1800		5		
4919	49.1900		9		
4920	49.2000		13		
4921	49.2100		17		
4922	49.2200		21		
4923	49.2300		24		
4924	49.2400		28		
4925	49.2500		32		
4926	49.2600		35		
4927	49.2700		38		
4928	49.2800		40		
4929	49.2900		43		
4930	49.3000		46		
4931	49.3100		48		
4932	49.3200		50		
4933	49.3300		51		
4934	49.3400		52		
4935	49.3500		54		
4936	49.3600		54		
4937	49.3700		55		
4938	49.3800		55		
4939	49.3900		55		
4940	49.4000		54		
4941	49.4100		54		
4942	49.4200		53		
4943	49.4300		52		
4944	49.4400		50		
4945	49.4500		48		
4946	49.4600		46		
4947	49.4700		44		
4948	49.4800		41		
4949	49.4900		38		
4950	49.5000		36		
4951	49.5100		32		
4952	49.5200		29		
4953	49.5300		26		
4954	49.5400		22		
4955	49.5500		18		
4956	49.5600		14		
4957	49.5700		10		
4958	49.5800		6		
4959	49.5900		2		
4960	49.6000		-2		
4961	49.6100		-6		
4962	49.6200		-10		
4963	49.6300		-14		
4964	49.6400		-18		
4965	49.6500		-21		
4966	49.6600		-25		
4967	49.6700		-28		
4968	49.6800		-32		
4969	49.6900		-35		
4970	49.7000		-38		
4971	49.7100		-41		
4972	49.7200		-44		
4973	49.7300		-46		
4974	49.7400		-48		
4975	49.7500		-50		
4976	49.7600		-52		
4977	49.7700		-53		
4978	49.7800		-54		
4979	49.7900		-55		
4980	49.8000		-56		
4981	49.8100		-56		
4982	49.8200		-56		
4983	49.8300		-56		
4984	49.8400		-55		
4985	49.8500		-54		
4986	49.8600		-52		
4987	49.8700		-51		
4988	49.8800		-49		
4989	49.8900		-47		
4990	49.9000		-45		
4991	49.9100		-42		
4992	49.9200		-40		
4993	49.9300		-37		
4994	49.9400		-34		
4995	49.9500		-30		
4996	49.9600		-27		
4997	49.9700		-24		
4998	49.9800		-20		
4999	49.9900		-16		
5000	50.0000		-12		
