#	time(s)	count A	count B	count C	count D
1	0.0100		116		
2	0.0200		116		
3	0.0300		115		
4	0.0400		114		
5	0.0500		112		
6	0.0600		110		
7	0.0700		107		
8	0.0800		103		
9	0.0900		99		
10	0.1000		95		
11	0.1100		90		
12	0.1200		84		
13	0.1300		78		
14	0.1400		72		
15	0.1500		65		
16	0.1600		58		
17	0.1700		51		
18	0.1800		44		
19	0.1900		36		
20	0.2000		28		
21	0.2100		20		
22	0.2200		12		
23	0.2300		4		
24	0.2400		-5		
25	0.2500		-13		
26	0.2600		-21		
27	0.2700		-29		
28	0.2800		-37		
29	0.2900		-44		
30	0.3000		-52		
31	0.3100		-59		
32	0.3200		-66		
33	0.3300		-72		
34	0.3400		-78		
35	0.3500		-84		
36	0.3600		-89		
37	0.3700		-94		
38	0.3800		-98		
39	0.3900		-102		
40	0.4000		-106		
41	0.4100		-108		
42	0.4200		-110		
43	0.4300		-112		
44	0.4400		-113		
45	0.4500		-114		
46	0.4600		-113		
47	0.4700		-112		
48	0.4800		-111		
49	0.4900		-109		
50	0.5000		-107		
51	0.5100		-104		
52	0.5200		-100		
53	0.5300		-96		
54	0.5400		-92		
55	0.5500		-87		
56	0.5600		-81		
57	0.5700		-75		
58	0.5800		-69		
59	0.5900		-62		
60	0.6000		-56		
61	0.6100		-48		
62	0.6200		-41		
63	0.6300		-33		
64	0.6400		-25		
65	0.6500		-17		
66	0.6600		-9		
67	0.6700		-1		
68	0.6800		7		
69	0.6900		15		
70	0.7000		23		
71	0.7100		31		
72	0.7200		39		
73	0.7300		46		
74	0.7400		53		
75	0.7500		60		
76	0.7600		67		
77	0.7700		73		
78	0.7800		79		
79	0.7900		84		
80	0.8000		90		
81	0.8100		94		
82	0.8200		98		
83	0.8300		102		
84	0.8400		105		
85	0.8500		108		
86	0.8600		110		
87	0.8700		111		
88	0.8800		112		
89	0.8900		113		
90	0.9000		112		
91	0.9100		112		
92	0.9200		110		
93	0.9300		108		
94	0.9400		106		
95	0.9500		102		
96	0.9600		99		
97	0.9700		95		
98	0.9800		90		
99	0.9900		85		
100	1.0000		80		
101	1.0100		74		
102	1.0200		68		
103	1.0300		61		
104	1.0400		54		
105	1.0500		47		
106	1.0600		40		
107	1.0700		32		
108	1.0800		24		
109	1.0900		16		
110	1.1000		8		
111	1.1100		0		
112	1.1200		-8		
113	1.1300		-16		
114	1.1400		-23		
115	1.1500		-31		
116	1.1600		-38		
117	1.1700		-46		
118	1.1800		-53		
119	1.1900		-60		
120	1.2000		-66		
121	1.2100		-72		
122	1.2200		-78		
123	1.2300		-84		
124	1.2400		-88		
125	1.2500		-93		
126	1.2600		-97		
127	1.2700		-100		
128	1.2800		-104		
129	1.2900		-106		
130	1.3000		-108		
131	1.3100		-109		
132	1.3200		-110		
133	1.3300		-110		
134	1.3400		-110		
135	1.3500		-109		
136	1.3600		-107		
137	1.3700		-105		
138	1.3800		-103		
139	1.3900		-100		
140	1.4000		-96		
141	1.4100		-92		
142	1.4200		-87		
143	1.4300		-82		
144	1.4400		-77		
145	1.4500		-71		
146	1.4600		-64		
147	1.4700		-58		
148	1.4800		-51		
149	1.4900		-44		
150	1.5000		-37		
151	1.5100		-29		
152	1.5200		-22		
153	1.5300		-14		
154	1.5400		-6		
155	1.5500		2		
156	1.5600		10		
157	1.5700		18		
158	1.5800		25		
159	1.5900		33		
160	1.6000		40		
161	1.6100		48		
162	1.6200		54		
163	1.6300		61		
164	1.6400		67		
165	1.6500		73		
166	1.6600		79		
167	1.6700		84		
168	1.6800		89		
169	1.6900		93		
170	1.7000		97		
171	1.7100		100		
172	1.7200		103		
173	1.7300		106		
174	1.7400		107		
175	1.7500		109		
176	1.7600		109		
177	1.7700		109		
178	1.7800		109		
179	1.7900		108		
180	1.8000		106		
181	1.8100		104		
182	1.8200		101		
183	1.8300		98		
184	1.8400		94		
185	1.8500		90		
186	1.8600		86		
187	1.8700		81		
188	1.8800		75		
189	1.8900		69		
190	1.9000		63		
191	1.9100		57		
192	1.9200		50		
193	1.9300		43		
194	1.9400		36		
195	1.9500		28		
196	1.9600		21		
197	1.9700		13		
198	1.9800		5		
199	1.9900		-2		
200	2.0000		-10		
201	2.0100		-18		
202	2.0200		-26		
203	2.0300		-33		
204	2.0400		-40		
205	2.0500		-47		
206	2.0600		-54		
207	2.0700		-60		
208	2.0800		-67		
209	2.0900		-72		
210	2.1000		-78		
211	2.1100		-83		
212	2.1200		-88		
213	2.1300		-92		
214	2.1400		-96		
215	2.1500		-99		
216	2.1600		-101		
217	2.1700		-104		
218	2.1800		-105		
219	2.1900		-106		
220	2.2000		-107		
221	2.2100		-107		
222	2.2200		-106		
223	2.2300		-105		
224	2.2400		-103		
225	2.2500		-101		
226	2.2600		-99		
227	2.2700		-95		
228	2.2800		-92		
229	2.2900		-87		
230	2.3000		-83		
231	2.3100		-78		
232	2.3200		-72		
233	2.3300		-66		
234	2.3400		-60		
235	2.3500		-54		
236	2.3600		-47		
237	2.3700		-40		
238	2.3800		-33		
239	2.3900		-26		
240	2.4000		-18		
241	2.4100		-10		
242	2.4200		-3		
243	2.4300		5		
244	2.4400		12		
245	2.4500		20		
246	2.4600		28		
247	2.4700		35		
248	2.4800		42		
249	2.4900		49		
250	2.5000		55		
251	2.5100		62		
252	2.5200		68		
253	2.5300		74		
254	2.5400		79		
255	2.5500		84		
256	2.5600		88		
257	2.5700		92		
258	2.5800		96		
259	2.5900		99		
260	2.6000		101		
261	2.6100		103		
262	2.6200		105		
263	2.6300		106		
264	2.6400		106		
265	2.6500		106		
266	2.6600		105		
267	2.6700		104		
268	2.6800		102		
269	2.6900		100		
270	2.7000		97		
271	2.7100		94		
272	2.7200		90		
273	2.7300		86		
274	2.7400		81		
275	2.7500		76		
276	2.7600		71		
277	2.7700		65		
278	2.7800		59		
279	2.7900		53		
280	2.8000		46		
281	2.8100		39		
282	2.8200		32		
283	2.8300		25		
284	2.8400		17		
285	2.8500		10		
286	2.8600		2		
287	2.8700		-5		
288	2.8800		-13		
289	2.8900		-20		
290	2.9000		-28		
291	2.9100		-35		
292	2.9200		-42		
293	2.9300		-48		
294	2.9400		-55		
295	2.9500		-61		
296	2.9600		-67		
297	2.9700		-72		
298	2.9800		-78		
299	2.9900		-82		
300	3.0000		-87		
301	3.0100		-91		
302	3.0200		-94		
303	3.0300		-97		
304	3.0400		-99		
305	3.0500		-101		
306	3.0600		-103		
307	3.0700		-103		
308	3.0800		-104		
309	3.0900		-104		
310	3.1000		-103		
311	3.1100		-102		
312	3.1200		-100		
313	3.1300		-97		
314	3.1400		-94		
315	3.1500		-91		
316	3.1600		-87		
317	3.1700		-83		
318	3.1800		-78		
319	3.1900		-73		
320	3.2000		-68		
321	3.2100		-62		
322	3.2200		-56		
323	3.2300		-50		
324	3.2400		-43		
325	3.2500		-36		
326	3.2600		-29		
327	3.2700		-22		
328	3.2800		-15		
329	3.2900		-7		
330	3.3000		0		
331	3.3100		8		
332	3.3200		15		
333	3.3300		22		
334	3.3400		29		
335	3.3500		36		
336	3.3600		43		
337	3.3700		50		
338	3.3800		56		
339	3.3900		62		
340	3.4000		68		
341	3.4100		73		
342	3.4200		78		
343	3.4300		83		
344	3.4400		87		
345	3.4500		91		
346	3.4600		94		
347	3.4700		97		
348	3.4800		99		
349	3.4900		101		
350	3.5000		102		
351	3.5100		103		
352	3.5200		103		
353	3.5300		103		
354	3.5400		102		
355	3.5500		100		
356	3.5600		99		
357	3.5700		96		
358	3.5800		93		
359	3.5900		90		
360	3.6000		86		
361	3.6100		82		
362	3.6200		77		
363	3.6300		72		
364	3.6400		67		
365	3.6500		61		
366	3.6600		55		
367	3.6700		49		
368	3.6800		42		
369	3.6900		35		
370	3.7000		28		
371	3.7100		21		
372	3.7200		14		
373	3.7300		7		
374	3.7400		-1		
375	3.7500		-8		
376	3.7600		-15		
377	3.7700		-22		
378	3.7800		-29		
379	3.7900		-36		
380	3.8000		-43		
381	3.8100		-50		
382	3.8200		-56		
383	3.8300		-62		
384	3.8400		-67		
385	3.8500		-72		
386	3.8600		-77		
387	3.8700		-82		
388	3.8800		-86		
389	3.8900		-89		
390	3.9000		-92		
391	3.9100		-95		
392	3.9200		-97		
393	3.9300		-99		
394	3.9400		-100		
395	3.9500		-100		
396	3.9600		-101		
397	3.9700		-100		
398	3.9800		-99		
399	3.9900		-98		
400	4.0000		-96		
401	4.0100		-93		
402	4.0200		-90		
403	4.0300		-87		
404	4.0400		-83		
405	4.0500		-79		
406	4.0600		-74		
407	4.0700		-69		
408	4.0800		-64		
409	4.0900		-58		
410	4.1000		-52		
411	4.1100		-46		
412	4.1200		-39		
413	4.1300		-33		
414	4.1400		-26		
415	4.1500		-19		
416	4.1600		-12		
417	4.1700		-4		
418	4.1800		3		
419	4.1900		10		
420	4.2000		17		
421	4.2100		24		
422	4.2200		31		
423	4.2300		38		
424	4.2400		44		
425	4.2500		51		
426	4.2600		57		
427	4.2700		62		
428	4.2800		68		
429	4.2900		73		
430	4.3000		78		
431	4.3100		82		
432	4.3200		86		
433	4.3300		89		
434	4.3400		92		
435	4.3500		95		
436	4.3600		97		
437	4.3700		98		
438	4.3800		100		
439	4.3900		100		
440	4.4000		100		
441	4.4100		100		
442	4.4200		98		
443	4.4300		97		
444	4.4400		95		
445	4.4500		92		
446	4.4600		89		
447	4.4700		86		
448	4.4800		82		
449	4.4900		78		
450	4.5000		73		
451	4.5100		68		
452	4.5200		63		
453	4.5300		57		
454	4.5400		51		
455	4.5500		45		
456	4.5600		38		
457	4.5700		32		
458	4.5800		25		
459	4.5900		18		
460	4.6000		11		
461	4.6100		4		
462	4.6200		-3		
463	4.6300		-10		
464	4.6400		-17		
465	4.6500		-24		
466	4.6600		-31		
467	4.6700		-38		
468	4.6800		-44		
469	4.6900		-50		
470	4.7000		-56		
471	4.7100		-62		
472	4.7200		-67		
473	4.7300		-72		
474	4.7400		-77		
475	4.7500		-81		
476	4.7600		-84		
477	4.7700		-88		
478	4.7800		-91		
479	4.7900		-93		
480	4.8000		-95		
481	4.8100		-96		
482	4.8200		-97		
483	4.8300		-98		
484	4.8400		-98		
485	4.8500		-97		
486	4.8600		-96		
487	4.8700		-94		
488	4.8800		-92		
489	4.8900		-90		
490	4.9000		-87		
491	4.9100		-83		
492	4.9200		-79		
493	4.9300		-75		
494	4.9400		-70		
495	4.9500		-65		
496	4.9600		-60		
497	4.9700		-54		
498	4.9800		-48		
499	4.9900		-42		
500	5.0000		-36		
501	5.0100		-29		
502	5.0200		-22		
503	5.0300		-16		
504	5.0400		-8		
505	5.0500		-2		
506	5.0600		5		
507	5.0700		12		
508	5.0800		19		
509	5.0900		26		
510	5.1000		33		
511	5.1100		39		
512	5.1200		46		
513	5.1300		52		
514	5.1400		57		
515	5.1500		63		
516	5.1600		68		
517	5.1700		73		
518	5.1800		77		
519	5.1900		81		
520	5.2000		85		
521	5.2100		88		
522	5.2200		91		
523	5.2300		93		
524	5.2400		95		
525	5.2500		96		
526	5.2600		97		
527	5.2700		97		
528	5.2800		97		
529	5.2900		96		
530	5.3000		95		
531	5.3100		94		
532	5.3200		91		
533	5.3300		89		
534	5.3400		86		
535	5.3500		82		
536	5.3600		78		
537	5.3700		74		
538	5.3800		69		
539	5.3900		64		
540	5.4000		59		
541	5.4100		53		
542	5.4200		47		
543	5.4300		41		
544	5.4400		35		
545	5.4500		28		
546	5.4600		22		
547	5.4700		15		
548	5.4800		8		
549	5.4900		1		
550	5.5000		-6		
551	5.5100		-13		
552	5.5200		-19		
553	5.5300		-26		
554	5.5400		-33		
555	5.5500		-39		
556	5.5600		-45		
557	5.5700		-51		
558	5.5800		-57		
559	5.5900		-62		
560	5.6000		-67		
561	5.6100		-72		
562	5.6200		-76		
563	5.6300		-80		
564	5.6400		-83		
565	5.6500		-86		
566	5.6600		-89		
567	5.6700		-91		
568	5.6800		-93		
569	5.6900		-94		
570	5.7000		-95		
571	5.7100		-95		
572	5.7200		-95		
573	5.7300		-94		
574	5.7400		-93		
575	5.7500		-91		
576	5.7600		-89		
577	5.7700		-86		
578	5.7800		-83		
579	5.7900		-80		
580	5.8000		-76		
581	5.8100		-71		
582	5.8200		-66		
583	5.8300		-62		
584	5.8400		-56		
585	5.8500		-50		
586	5.8600		-45		
587	5.8700		-38		
588	5.8800		-32		
589	5.8900		-26		
590	5.9000		-19		
591	5.9100		-12		
592	5.9200		-6		
593	5.9300		1		
594	5.9400		8		
595	5.9500		15		
596	5.9600		21		
597	5.9700		28		
598	5.9800		34		
599	5.9900		40		
600	6.0000		46		
601	6.0100		52		
602	6.0200		58		
603	6.0300		63		
604	6.0400		68		
605	6.0500		72		
606	6.0600		76		
607	6.0700		80		
608	6.0800		84		
609	6.0900		86		
610	6.1000		89		
611	6.1100		91		
612	6.1200		92		
613	6.1300		94		
614	6.1400		94		
615	6.1500		94		
616	6.1600		94		
617	6.1700		93		
618	6.1800		92		
619	6.1900		90		
620	6.2000		88		
621	6.2100		85		
622	6.2200		82		
623	6.2300		78		
624	6.2400		74		
625	6.2500		70		
626	6.2600		66		
627	6.2700		60		
628	6.2800		55		
629	6.2900		50		
630	6.3000		44		
631	6.3100		38		
632	6.3200		32		
633	6.3300		25		
634	6.3400		18		
635	6.3500		12		
636	6.3600		5		
637	6.3700		-1		
638	6.3800		-8		
639	6.3900		-15		
640	6.4000		-21		
641	6.4100		-28		
642	6.4200		-34		
643	6.4300		-40		
644	6.4400		-46		
645	6.4500		-52		
646	6.4600		-57		
647	6.4700		-62		
648	6.4800		-67		
649	6.4900		-71		
650	6.5000		-75		
651	6.5100		-79		
652	6.5200		-82		
653	6.5300		-85		
654	6.5400		-87		
655	6.5500		-89		
656	6.5600		-91		
657	6.5700		-92		
658	6.5800		-92		
659	6.5900		-92		
660	6.6000		-92		
661	6.6100		-91		
662	6.6200		-89		
663	6.6300		-88		
664	6.6400		-85		
665	6.6500		-82		
666	6.6600		-79		
667	6.6700		-76		
668	6.6800		-72		
669	6.6900		-68		
670	6.7000		-63		
671	6.7100		-58		
672	6.7200		-52		
673	6.7300		-47		
674	6.7400		-41		
675	6.7500		-35		
676	6.7600		-29		
677	6.7700		-23		
678	6.7800		-16		
679	6.7900		-10		
680	6.8000		-3		
681	6.8100		4		
682	6.8200		10		
683	6.8300		17		
684	6.8400		23		
685	6.8500		30		
686	6.8600		36		
687	6.8700		42		
688	6.8800		47		
689	6.8900		53		
690	6.9000		58		
691	6.9100		63		
692	6.9200		68		
693	6.9300		72		
694	6.9400		76		
695	6.9500		79		
696	6.9600		82		
697	6.9700		85		
698	6.9800		87		
699	6.9900		89		
700	7.0000		90		
701	7.0100		91		
702	7.0200		92		
703	7.0300		92		
704	7.0400		91		
705	7.0500		90		
706	7.0600		89		
707	7.0700		87		
708	7.0800		84		
709	7.0900		82		
710	7.1000		78		
711	7.1100		75		
712	7.1200		71		
713	7.1300		66		
714	7.1400		62		
715	7.1500		57		
716	7.1600		52		
717	7.1700		46		
718	7.1800		40		
719	7.1900		34		
720	7.2000		28		
721	7.2100		22		
722	7.2200		15		
723	7.2300		9		
724	7.2400		2		
725	7.2500		-4		
726	7.2600		-10		
727	7.2700		-17		
728	7.2800		-23		
729	7.2900		-29		
730	7.3000		-35		
731	7.3100		-41		
732	7.3200		-47		
733	7.3300		-52		
734	7.3400		-57		
735	7.3500		-62		
736	7.3600		-67		
737	7.3700		-71		
738	7.3800		-74		
739	7.3900		-78		
740	7.4000		-81		
741	7.4100		-83		
742	7.4200		-86		
743	7.4300		-87		
744	7.4400		-88		
745	7.4500		-89		
746	7.4600		-90		
747	7.4700		-89		
748	7.4800		-89		
749	7.4900		-88		
750	7.5000		-86		
751	7.5100		-84		
752	7.5200		-82		
753	7.5300		-79		
754	7.5400		-76		
755	7.5500		-72		
756	7.5600		-68		
757	7.5700		-64		
758	7.5800		-59		
759	7.5900		-54		
760	7.6000		-49		
761	7.6100		-43		
762	7.6200		-38		
763	7.6300		-32		
764	7.6400		-26		
765	7.6500		-19		
766	7.6600		-13		
767	7.6700		-7		
768	7.6800		0		
769	7.6900		6		
770	7.7000		12		
771	7.7100		19		
772	7.7200		25		
773	7.7300		31		
774	7.7400		37		
775	7.7500		43		
776	7.7600		48		
777	7.7700		53		
778	7.7800		58		
779	7.7900		63		
780	7.8000		67		
781	7.8100		71		
782	7.8200		75		
783	7.8300		78		
784	7.8400		81		
785	7.8500		83		
786	7.8600		86		
787	7.8700		87		
788	7.8800		88		
789	7.8900		89		
790	7.9000		89		
791	7.9100		89		
792	7.9200		88		
793	7.9300		87		
794	7.9400		85		
795	7.9500		83		
796	7.9600		81		
797	7.9700		78		
798	7.9800		75		
799	7.9900		71		
800	8.0000		67		
801	8.0100		63		
802	8.0200		58		
803	8.0300		53		
804	8.0400		48		
805	8.0500		42		
806	8.0600		37		
807	8.0700		31		
808	8.0800		25		
809	8.0900		19		
810	8.1000		13		
811	8.1100		6		
812	8.1200		0		
813	8.1300		-6		
814	8.1400		-12		
815	8.1500		-19		
816	8.1600		-25		
817	8.1700		-31		
818	8.1800		-36		
819	8.1900		-42		
820	8.2000		-48		
821	8.2100		-53		
822	8.2200		-58		
823	8.2300		-62		
824	8.2400		-66		
825	8.2500		-70		
826	8.2600		-74		
827	8.2700		-77		
828	8.2800		-79		
829	8.2900		-82		
830	8.3000		-84		
831	8.3100		-85		
832	8.3200		-86		
833	8.3300		-87		
834	8.3400		-87		
835	8.3500		-86		
836	8.3600		-86		
837	8.3700		-84		
838	8.3800		-83		
839	8.3900		-81		
840	8.4000		-78		
841	8.4100		-75		
842	8.4200		-72		
843	8.4300		-68		
844	8.4400		-64		
845	8.4500		-60		
846	8.4600		-56		
847	8.4700		-50		
848	8.4800		-45		
849	8.4900		-40		
850	8.5000		-34		
851	8.5100		-28		
852	8.5200		-22		
853	8.5300		-16		
854	8.5400		-10		
855	8.5500		-4		
856	8.5600		2		
857	8.5700		8		
858	8.5800		14		
859	8.5900		20		
860	8.6000		26		
861	8.6100		32		
862	8.6200		38		
863	8.6300		44		
864	8.6400		49		
865	8.6500		54		
866	8.6600		58		
867	8.6700		63		
868	8.6800		67		
869	8.6900		71		
870	8.7000		74		
871	8.7100		77		
872	8.7200		80		
873	8.7300		82		
874	8.7400		84		
875	8.7500		85		
876	8.7600		86		
877	8.7700		86		
878	8.7800		86		
879	8.7900		86		
880	8.8000		85		
881	8.8100		84		
882	8.8200		82		
883	8.8300		80		
884	8.8400		78		
885	8.8500		74		
886	8.8600		71		
887	8.8700		68		
888	8.8800		64		
889	8.8900		59		
890	8.9000		55		
891	8.9100		50		
892	8.9200		44		
893	8.9300		39		
894	8.9400		34		
895	8.9500		28		
896	8.9600		22		
897	8.9700		16		
898	8.9800		10		
899	8.9900		4		
900	9.0000		-2		
901	9.0100		-8		
902	9.0200		-15		
903	9.0300		-21		
904	9.0400		-26		
905	9.0500		-32		
906	9.0600		-38		
907	9.0700		-43		
908	9.0800		-48		
909	9.0900		-53		
910	9.1000		-58		
911	9.1100		-62		
912	9.1200		-66		
913	9.1300		-70		
914	9.1400		-73		
915	9.1500		-76		
916	9.1600		-78		
917	9.1700		-80		
918	9.1800		-82		
919	9.1900		-83		
920	9.2000		-84		
921	9.2100		-84		
922	9.2200		-84		
923	9.2300		-84		
924	9.2400		-83		
925	9.2500		-81		
926	9.2600		-80		
927	9.2700		-78		
928	9.2800		-75		
929	9.2900		-72		
930	9.3000		-69		
931	9.3100		-65		
932	9.3200		-61		
933	9.3300		-57		
934	9.3400		-52		
935	9.3500		-47		
936	9.3600		-42		
937	9.3700		-37		
938	9.3800		-31		
939	9.3900		-25		
940	9.4000		-20		
941	9.4100		-14		
942	9.4200		-8		
943	9.4300		-2		
944	9.4400		4		
945	9.4500		10		
946	9.4600		16		
947	9.4700		22		
948	9.4800		28		
949	9.4900		34		
950	9.5000		39		
951	9.5100		44		
952	9.5200		49		
953	9.5300		54		
954	9.5400		58		
955	9.5500		63		
956	9.5600		66		
957	9.5700		70		
958	9.5800		73		
959	9.5900		76		
960	9.6000		78		
961	9.6100		80		
962	9.6200		82		
963	9.6300		83		
964	9.6400		84		
965	9.6500		84		
966	9.6600		84		
967	9.6700		83		
968	9.6800		82		
969	9.6900		81		
970	9.7000		79		
971	9.7100		77		
972	9.7200		74		
973	9.7300		71		
974	9.7400		68		
975	9.7500		64		
976	9.7600		60		
977	9.7700		56		
978	9.7800		51		
979	9.7900		46		
980	9.8000		41		
981	9.8100		36		
982	9.8200		30		
983	9.8300		25		
984	9.8400		19		
985	9.8500		13		
986	9.8600		7		
987	9.8700		1		
988	9.8800		-5		
989	9.8900		-10		
990	9.9000		-16		
991	9.9100		-22		
992	9.9200		-28		
993	9.9300		-33		
994	9.9400		-39		
995	9.9500		-44		
996	9.9600		-49		
997	9.9700		-53		
998	9.9800		-58		
999	9.9900		-62		
1000	10.0000		-65		
1001	10.0100		-69		
1002	10.0200		-72		
1003	10.0300		-74		
1004	10.0400		-77		
1005	10.0500		-78		
1006	10.0600		-80		
1007	10.0700		-81		
1008	10.0800		-82		
1009	10.0900		-82		
1010	10.1000		-82		
1011	10.1100		-81		
1012	10.1200		-80		
1013	10.1300		-78		
1014	10.1400		-76		
1015	10.1500		-74		
1016	10.1600		-72		
1017	10.1700		-69		
1018	10.1800		-65		
1019	10.1900		-62		
1020	10.2000		-58		
1021	10.2100		-53		
1022	10.2200		-48		
1023	10.2300		-44		
1024	10.2400		-39		
1025	10.2500		-33		
1026	10.2600		-28		
1027	10.2700		-22		
1028	10.2800		-17		
1029	10.2900		-11		
1030	10.3000		-5		
1031	10.3100		1		
1032	10.3200		7		
1033	10.3300		12		
1034	10.3400		18		
1035	10.3500		24		
1036	10.3600		29		
1037	10.3700		35		
1038	10.3800		40		
1039	10.3900		45		
1040	10.4000		50		
1041	10.4100		54		
1042	10.4200		58		
1043	10.4300		62		
1044	10.4400		66		
1045	10.4500		69		
1046	10.4600		72		
1047	10.4700		75		
1048	10.4800		77		
1049	10.4900		78		
1050	10.5000		80		
1051	10.5100		81		
1052	10.5200		81		
1053	10.5300		82		
1054	10.5400		81		
1055	10.5500		80		
1056	10.5600		79		
1057	10.5700		78		
1058	10.5800		76		
1059	10.5900		74		
1060	10.6000		71		
1061	10.6100		68		
1062	10.6200		64		
1063	10.6300		61		
1064	10.6400		57		
1065	10.6500		52		
1066	10.6600		48		
1067	10.6700		43		
1068	10.6800		38		
1069	10.6900		33		
1070	10.7000		28		
1071	10.7100		22		
1072	10.7200		16		
1073	10.7300		10		
1074	10.7400		5		
1075	10.7500		-1		
1076	10.7600		-7		
1077	10.7700		-12		
1078	10.7800		-18		
1079	10.7900		-24		
1080	10.8000		-29		
1081	10.8100		-34		
1082	10.8200		-39		
1083	10.8300		-44		
1084	10.8400		-49		
1085	10.8500		-53		
1086	10.8600		-57		
1087	10.8700		-61		
1088	10.8800		-65		
1089	10.8900		-68		
1090	10.9000		-71		
1091	10.9100		-73		
1092	10.9200		-75		
1093	10.9300		-77		
1094	10.9400		-78		
1095	10.9500		-79		
1096	10.9600		-79		
1097	10.9700		-79		
1098	10.9800		-79		
1099	10.9900		-78		
1100	11.0000		-77		
1101	11.0100		-76		
1102	11.0200		-74		
1103	11.0300		-71		
1104	11.0400		-68		
1105	11.0500		-65		
1106	11.0600		-62		
1107	11.0700		-58		
1108	11.0800		-54		
1109	11.0900		-50		
1110	11.1000		-45		
1111	11.1100		-40		
1112	11.1200		-36		
1113	11.1300		-30		
1114	11.1400		-25		
1115	11.1500		-20		
1116	11.1600		-14		
1117	11.1700		-8		
1118	11.1800		-3		
1119	11.1900		3		
1120	11.2000		9		
1121	11.2100		14		
1122	11.2200		20		
1123	11.2300		25		
1124	11.2400		31		
1125	11.2500		36		
1126	11.2600		41		
1127	11.2700		45		
1128	11.2800		50		
1129	11.2900		54		
1130	11.3000		58		
1131	11.3100		62		
1132	11.3200		65		
1133	11.3300		68		
1134	11.3400		71		
1135	11.3500		73		
1136	11.3600		75		
1137	11.3700		77		
1138	11.3800		78		
1139	11.3900		79		
1140	11.4000		79		
1141	11.4100		79		
1142	11.4200		79		
1143	11.4300		78		
1144	11.4400		77		
1145	11.4500		75		
1146	11.4600		73		
1147	11.4700		71		
1148	11.4800		68		
1149	11.4900		65		
1150	11.5000		61		
1151	11.5100		58		
1152	11.5200		54		
1153	11.5300		49		
1154	11.5400		45		
1155	11.5500		40		
1156	11.5600		35		
1157	11.5700		30		
1158	11.5800		25		
1159	11.5900		19		
1160	11.6000		14		
1161	11.6100		8		
1162	11.6200		2		
1163	11.6300		-3		
1164	11.6400		-9		
1165	11.6500		-14		
1166	11.6600		-20		
1167	11.6700		-25		
1168	11.6800		-30		
1169	11.6900		-35		
1170	11.7000		-40		
1171	11.7100		-45		
1172	11.7200		-49		
1173	11.7300		-53		
1174	11.7400		-57		
1175	11.7500		-61		
1176	11.7600		-64		
1177	11.7700		-67		
1178	11.7800		-70		
1179	11.7900		-72		
1180	11.8000		-74		
1181	11.8100		-75		
1182	11.8200		-76		
1183	11.8300		-77		
1184	11.8400		-77		
1185	11.8500		-77		
1186	11.8600		-76		
1187	11.8700		-76		
1188	11.8800		-74		
1189	11.8900		-73		
1190	11.9000		-70		
1191	11.9100		-68		
1192	11.9200		-65		
1193	11.9300		-62		
1194	11.9400		-59		
1195	11.9500		-55		
1196	11.9600		-51		
1197	11.9700		-47		
1198	11.9800		-42		
1199	11.9900		-38		
1200	12.0000		-33		
1201	12.0100		-28		
1202	12.0200		-22		
1203	12.0300		-17		
1204	12.0400		-12		
1205	12.0500		-6		
1206	12.0600		0		
1207	12.0700		5		
1208	12.0800		10		
1209	12.0900		16		
1210	12.1000		21		
1211	12.1100		27		
1212	12.1200		32		
1213	12.1300		37		
1214	12.1400		41		
1215	12.1500		46		
1216	12.1600		50		
1217	12.1700		54		
1218	12.1800		58		
1219	12.1900		62		
1220	12.2000		65		
1221	12.2100		68		
1222	12.2200		70		
1223	12.2300		72		
1224	12.2400		74		
1225	12.2500		75		
1226	12.2600		76		
1227	12.2700		77		
1228	12.2800		77		
1229	12.2900		77		
1230	12.3000		76		
1231	12.3100		75		
1232	12.3200		74		
1233	12.3300		72		
1234	12.3400		70		
1235	12.3500		68		
1236	12.3600		65		
1237	12.3700		62		
1238	12.3800		58		
1239	12.3900		54		
1240	12.4000		50		
1241	12.4100		46		
1242	12.4200		42		
1243	12.4300		37		
1244	12.4400		32		
1245	12.4500		27		
1246	12.4600		22		
1247	12.4700		16		
1248	12.4800		11		
1249	12.4900		6		
1250	12.5000		0		
1251	12.5100		-5		
1252	12.5200		-10		
1253	12.5300		-16		
1254	12.5400		-21		
1255	12.5500		-26		
1256	12.5600		-31		
1257	12.5700		-36		
1258	12.5800		-41		
1259	12.5900		-45		
1260	12.6000		-49		
1261	12.6100		-53		
1262	12.6200		-57		
1263	12.6300		-60		
1264	12.6400		-63		
1265	12.6500		-66		
1266	12.6600		-68		
1267	12.6700		-70		
1268	12.6800		-72		
1269	12.6900		-73		
1270	12.7000		-74		
1271	12.7100		-75		
1272	12.7200		-75		
1273	12.7300		-75		
1274	12.7400		-74		
1275	12.7500		-73		
1276	12.7600		-72		
1277	12.7700		-70		
1278	12.7800		-68		
1279	12.7900		-65		
1280	12.8000		-62		
1281	12.8100		-59		
1282	12.8200		-56		
1283	12.8300		-52		
1284	12.8400		-48		
1285	12.8500		-44		
1286	12.8600		-39		
1287	12.8700		-35		
1288	12.8800		-30		
1289	12.8900		-25		
1290	12.9000		-20		
1291	12.9100		-14		
1292	12.9200		-9		
1293	12.9300		-4		
1294	12.9400		2		
1295	12.9500		7		
1296	12.9600		12		
1297	12.9700		18		
1298	12.9800		23		
1299	12.9900		28		
1300	13.0000		33		
1301	13.0100		37		
1302	13.0200		42		
1303	13.0300		46		
1304	13.0400		50		
1305	13.0500		54		
1306	13.0600		58		
1307	13.0700		61		
1308	13.0800		64		
1309	13.0900		66		
1310	13.1000		69		
1311	13.1100		71		
1312	13.1200		72		
1313	13.1300		73		
1314	13.1400		74		
1315	13.1500		75		
1316	13.1600		75		
1317	13.1700		74		
1318	13.1800		74		
1319	13.1900		73		
1320	13.2000		71		
1321	13.2100		69		
1322	13.2200		67		
1323	13.2300		65		
1324	13.2400		62		
1325	13.2500		59		
1326	13.2600		55		
1327	13.2700		52		
1328	13.2800		48		
1329	13.2900		43		
1330	13.3000		39		
1331	13.3100		34		
1332	13.3200		29		
1333	13.3300		24		
1334	13.3400		19		
1335	13.3500		14		
1336	13.3600		9		
1337	13.3700		4		
1338	13.3800		-2		
1339	13.3900		-7		
1340	13.4000		-12		
1341	13.4100		-17		
1342	13.4200		-22		
1343	13.4300		-27		
1344	13.4400		-32		
1345	13.4500		-37		
1346	13.4600		-41		
1347	13.4700		-45		
1348	13.4800		-49		
1349	13.4900		-53		
1350	13.5000		-56		
1351	13.5100		-60		
1352	13.5200		-62		
1353	13.5300		-65		
1354	13.5400		-67		
1355	13.5500		-69		
1356	13.5600		-70		
1357	13.5700		-72		
1358	13.5800		-72		
1359	13.5900		-73		
1360	13.6000		-73		
1361	13.6100		-72		
1362	13.6200		-72		
1363	13.6300		-70		
1364	13.6400		-69		
1365	13.6500		-67		
1366	13.6600		-65		
1367	13.6700		-62		
1368	13.6800		-60		
1369	13.6900		-56		
1370	13.7000		-53		
1371	13.7100		-49		
1372	13.7200		-45		
1373	13.7300		-41		
1374	13.7400		-36		
1375	13.7500		-32		
1376	13.7600		-27		
1377	13.7700		-22		
1378	13.7800		-17		
1379	13.7900		-12		
1380	13.8000		-7		
1381	13.8100		-2		
1382	13.8200		4		
1383	13.8300		9		
1384	13.8400		14		
1385	13.8500		19		
1386	13.8600		24		
1387	13.8700		29		
1388	13.8800		34		
1389	13.8900		38		
1390	13.9000		42		
1391	13.9100		46		
1392	13.9200		50		
1393	13.9300		54		
1394	13.9400		57		
1395	13.9500		60		
1396	13.9600		63		
1397	13.9700		65		
1398	13.9800		68		
1399	13.9900		69		
1400	14.0000		71		
1401	14.0100		72		
1402	14.0200		72		
1403	14.0300		72		
1404	14.0400		72		
1405	14.0500		72		
1406	14.0600		71		
1407	14.0700		70		
1408	14.0800		68		
1409	14.0900		66		
1410	14.1000		64		
1411	14.1100		62		
1412	14.1200		59		
1413	14.1300		56		
1414	14.1400		52		
1415	14.1500		48		
1416	14.1600		44		
1417	14.1700		40		
1418	14.1800		36		
1419	14.1900		31		
1420	14.2000		27		
1421	14.2100		22		
1422	14.2200		17		
1423	14.2300		12		
1424	14.2400		7		
1425	14.2500		2		
1426	14.2600		-4		
1427	14.2700		-9		
1428	14.2800		-14		
1429	14.2900		-19		
1430	14.3000		-24		
1431	14.3100		-28		
1432	14.3200		-33		
1433	14.3300		-37		
1434	14.3400		-42		
1435	14.3500		-46		
1436	14.3600		-49		
1437	14.3700		-53		
1438	14.3800		-56		
1439	14.3900		-59		
1440	14.4000		-62		
1441	14.4100		-64		
1442	14.4200		-66		
1443	14.4300		-68		
1444	14.4400		-69		
1445	14.4500		-70		
1446	14.4600		-70		
1447	14.4700		-71		
1448	14.4800		-70		
1449	14.4900		-70		
1450	14.5000		-69		
1451	14.5100		-68		
1452	14.5200		-66		
1453	14.5300		-64		
1454	14.5400		-62		
1455	14.5500		-60		
1456	14.5600		-56		
1457	14.5700		-53		
1458	14.5800		-50		
1459	14.5900		-46		
1460	14.6000		-42		
1461	14.6100		-38		
1462	14.6200		-34		
1463	14.6300		-29		
1464	14.6400		-24		
1465	14.6500		-20		
1466	14.6600		-15		
1467	14.6700		-10		
1468	14.6800		-5		
1469	14.6900		0		
1470	14.7000		5		
1471	14.7100		10		
1472	14.7200		16		
1473	14.7300		20		
1474	14.7400		25		
1475	14.7500		30		
1476	14.7600		34		
1477	14.7700		39		
1478	14.7800		43		
1479	14.7900		46		
1480	14.8000		50		
1481	14.8100		54		
1482	14.8200		57		
1483	14.8300		60		
1484	14.8400		62		
1485	14.8500		64		
1486	14.8600		66		
1487	14.8700		68		
1488	14.8800		69		
1489	14.8900		70		
1490	14.9000		70		
1491	14.9100		70		
1492	14.9200		70		
1493	14.9300		70		
1494	14.9400		69		
1495	14.9500		67		
1496	14.9600		66		
1497	14.9700		64		
1498	14.9800		62		
1499	14.9900		59		
1500	15.0000		56		
1501	15.0100		53		
1502	15.0200		49		
1503	15.0300		46		
1504	15.0400		42		
1505	15.0500		38		
1506	15.0600		33		
1507	15.0700		29		
1508	15.0800		24		
1509	15.0900		19		
1510	15.1000		14		
1511	15.1100		10		
1512	15.1200		5		
1513	15.1300		0		
1514	15.1400		-5		
1515	15.1500		-10		
1516	15.1600		-15		
1517	15.1700		-20		
1518	15.1800		-25		
1519	15.1900		-29		
1520	15.2000		-34		
1521	15.2100		-38		
1522	15.2200		-42		
1523	15.2300		-46		
1524	15.2400		-49		
1525	15.2500		-53		
1526	15.2600		-56		
1527	15.2700		-58		
1528	15.2800		-61		
1529	15.2900		-63		
1530	15.3000		-65		
1531	15.3100		-66		
1532	15.3200		-67		
1533	15.3300		-68		
1534	15.3400		-68		
1535	15.3500		-68		
1536	15.3600		-68		
1537	15.3700		-68		
1538	15.3800		-67		
1539	15.3900		-65		
1540	15.4000		-64		
1541	15.4100		-62		
1542	15.4200		-59		
1543	15.4300		-56		
1544	15.4400		-54		
1545	15.4500		-50		
1546	15.4600		-47		
1547	15.4700		-43		
1548	15.4800		-39		
1549	15.4900		-35		
1550	15.5000		-31		
1551	15.5100		-26		
1552	15.5200		-22		
1553	15.5300		-17		
1554	15.5400		-12		
1555	15.5500		-8		
1556	15.5600		-3		
1557	15.5700		2		
1558	15.5800		7		
1559	15.5900		12		
1560	15.6000		17		
1561	15.6100		22		
1562	15.6200		26		
1563	15.6300		31		
1564	15.6400		35		
1565	15.6500		39		
1566	15.6600		43		
1567	15.6700		47		
1568	15.6800		50		
1569	15.6900		53		
1570	15.7000		56		
1571	15.7100		59		
1572	15.7200		61		
1573	15.7300		63		
1574	15.7400		65		
1575	15.7500		66		
1576	15.7600		67		
1577	15.7700		68		
1578	15.7800		68		
1579	15.7900		68		
1580	15.8000		68		
1581	15.8100		67		
1582	15.8200		66		
1583	15.8300		65		
1584	15.8400		63		
1585	15.8500		61		
1586	15.8600		59		
1587	15.8700		56		
1588	15.8800		53		
1589	15.8900		50		
1590	15.9000		46		
1591	15.9100		43		
1592	15.9200		39		
1593	15.9300		35		
1594	15.9400		30		
1595	15.9500		26		
1596	15.9600		22		
1597	15.9700		17		
1598	15.9800		12		
1599	15.9900		7		
1600	16.0000		2		
1601	16.0100		-2		
1602	16.0200		-7		
1603	16.0300		-12		
1604	16.0400		-17		
1605	16.0500		-21		
1606	16.0600		-26		
1607	16.0700		-30		
1608	16.0800		-34		
1609	16.0900		-38		
1610	16.1000		-42		
1611	16.1100		-46		
1612	16.1200		-49		
1613	16.1300		-52		
1614	16.1400		-55		
1615	16.1500		-58		
1616	16.1600		-60		
1617	16.1700		-62		
1618	16.1800		-64		
1619	16.1900		-65		
1620	16.2000		-66		
1621	16.2100		-66		
1622	16.2200		-66		
1623	16.2300		-66		
1624	16.2400		-66		
1625	16.2500		-65		
1626	16.2600		-64		
1627	16.2700		-63		
1628	16.2800		-61		
1629	16.2900		-59		
1630	16.3000		-56		
1631	16.3100		-54		
1632	16.3200		-51		
1633	16.3300		-48		
1634	16.3400		-44		
1635	16.3500		-40		
1636	16.3600		-37		
1637	16.3700		-33		
1638	16.3800		-28		
1639	16.3900		-24		
1640	16.4000		-20		
1641	16.4100		-15		
1642	16.4200		-10		
1643	16.4300		-5		
1644	16.4400		-1		
1645	16.4500		4		
1646	16.4600		9		
1647	16.4700		14		
1648	16.4800		18		
1649	16.4900		23		
1650	16.5000		27		
1651	16.5100		32		
1652	16.5200		36		
1653	16.5300		40		
1654	16.5400		43		
1655	16.5500		47		
1656	16.5600		50		
1657	16.5700		53		
1658	16.5800		56		
1659	16.5900		58		
1660	16.6000		60		
1661	16.6100		62		
1662	16.6200		64		
1663	16.6300		65		
1664	16.6400		66		
1665	16.6500		66		
1666	16.6600		66		
1667	16.6700		66		
1668	16.6800		66		
1669	16.6900		65		
1670	16.7000		64		
1671	16.7100		62		
1672	16.7200		61		
1673	16.7300		58		
1674	16.7400		56		
1675	16.7500		53		
1676	16.7600		50		
1677	16.7700		47		
1678	16.7800		44		
1679	16.7900		40		
1680	16.8000		36		
1681	16.8100		32		
1682	16.8200		28		
1683	16.8300		24		
1684	16.8400		19		
1685	16.8500		15		
1686	16.8600		10		
1687	16.8700		5		
1688	16.8800		1		
1689	16.8900		-4		
1690	16.9000		-9		
1691	16.9100		-13		
1692	16.9200		-18		
1693	16.9300		-22		
1694	16.9400		-27		
1695	16.9500		-31		
1696	16.9600		-35		
1697	16.9700		-39		
1698	16.9800		-42		
1699	16.9900		-46		
1700	17.0000		-49		
1701	17.0100		-52		
1702	17.0200		-54		
1703	17.0300		-57		
1704	17.0400		-59		
1705	17.0500		-61		
1706	17.0600		-62		
1707	17.0700		-63		
1708	17.0800		-64		
1709	17.0900		-64		
1710	17.1000		-65		
1711	17.1100		-64		
1712	17.1200		-64		
1713	17.1300		-63		
1714	17.1400		-62		
1715	17.1500		-60		
1716	17.1600		-58		
1717	17.1700		-56		
1718	17.1800		-54		
1719	17.1900		-51		
1720	17.2000		-48		
1721	17.2100		-45		
1722	17.2200		-42		
1723	17.2300		-38		
1724	17.2400		-34		
1725	17.2500		-30		
1726	17.2600		-26		
1727	17.2700		-22		
1728	17.2800		-17		
1729	17.2900		-13		
1730	17.3000		-8		
1731	17.3100		-3		
1732	17.3200		1		
1733	17.3300		6		
1734	17.3400		10		
1735	17.3500		15		
1736	17.3600		19		
1737	17.3700		24		
1738	17.3800		28		
1739	17.3900		32		
1740	17.4000		36		
1741	17.4100		40		
1742	17.4200		43		
1743	17.4300		47		
1744	17.4400		50		
1745	17.4500		52		
1746	17.4600		55		
1747	17.4700		57		
1748	17.4800		59		
1749	17.4900		61		
1750	17.5000		62		
1751	17.5100		63		
1752	17.5200		64		
1753	17.5300		64		
1754	17.5400		64		
1755	17.5500		64		
1756	17.5600		64		
1757	17.5700		63		
1758	17.5800		62		
1759	17.5900		60		
1760	17.6000		58		
1761	17.6100		56		
1762	17.6200		53		
1763	17.6300		51		
1764	17.6400		48		
1765	17.6500		45		
1766	17.6600		41		
1767	17.6700		38		
1768	17.6800		34		
1769	17.6900		30		
1770	17.7000		26		
1771	17.7100		21		
1772	17.7200		17		
1773	17.7300		12		
1774	17.7400		8		
1775	17.7500		3		
1776	17.7600		-1		
1777	17.7700		-6		
1778	17.7800		-10		
1779	17.7900		-15		
1780	17.8000		-19		
1781	17.8100		-23		
1782	17.8200		-28		
1783	17.8300		-31		
1784	17.8400		-35		
1785	17.8500		-39		
1786	17.8600		-42		
1787	17.8700		-46		
1788	17.8800		-48		
1789	17.8900		-51		
1790	17.9000		-54		
1791	17.9100		-56		
1792	17.9200		-58		
1793	17.9300		-59		
1794	17.9400		-61		
1795	17.9500		-62		
1796	17.9600		-62		
1797	17.9700		-63		
1798	17.9800		-63		
1799	17.9900		-62		
1800	18.0000		-62		
1801	18.0100		-61		
1802	18.0200		-59		
1803	18.0300		-58		
1804	18.0400		-56		
1805	18.0500		-54		
1806	18.0600		-51		
1807	18.0700		-48		
1808	18.0800		-46		
1809	18.0900		-42		
1810	18.1000		-39		
1811	18.1100		-35		
1812	18.1200		-32		
1813	18.1300		-28		
1814	18.1400		-24		
1815	18.1500		-19		
1816	18.1600		-15		
1817	18.1700		-11		
1818	18.1800		-6		
1819	18.1900		-2		
1820	18.2000		3		
1821	18.2100		7		
1822	18.2200		12		
1823	18.2300		16		
1824	18.2400		20		
1825	18.2500		25		
1826	18.2600		29		
1827	18.2700		33		
1828	18.2800		36		
1829	18.2900		40		
1830	18.3000		43		
1831	18.3100		46		
1832	18.3200		49		
1833	18.3300		52		
1834	18.3400		54		
1835	18.3500		56		
1836	18.3600		58		
1837	18.3700		60		
1838	18.3800		61		
1839	18.3900		62		
1840	18.4000		62		
1841	18.4100		63		
1842	18.4200		62		
1843	18.4300		62		
1844	18.4400		61		
1845	18.4500		60		
1846	18.4600		59		
1847	18.4700		58		
1848	18.4800		56		
1849	18.4900		53		
1850	18.5000		51		
1851	18.5100		48		
1852	18.5200		45		
1853	18.5300		42		
1854	18.5400		39		
1855	18.5500		35		
1856	18.5600		31		
1857	18.5700		27		
1858	18.5800		23		
1859	18.5900		19		
1860	18.6000		15		
1861	18.6100		10		
1862	18.6200		6		
1863	18.6300		2		
1864	18.6400		-3		
1865	18.6500		-7		
1866	18.6600		-12		
1867	18.6700		-16		
1868	18.6800		-20		
1869	18.6900		-24		
1870	18.7000		-28		
1871	18.7100		-32		
1872	18.7200		-36		
1873	18.7300		-39		
1874	18.7400		-42		
1875	18.7500		-45		
1876	18.7600		-48		
1877	18.7700		-51		
1878	18.7800		-53		
1879	18.7900		-55		
1880	18.8000		-57		
1881	18.8100		-58		
1882	18.8200		-59		
1883	18.8300		-60		
1884	18.8400		-61		
1885	18.8500		-61		
1886	18.8600		-61		
1887	18.8700		-60		
1888	18.8800		-60		
1889	18.8900		-58		
1890	18.9000		-57		
1891	18.9100		-55		
1892	18.9200		-54		
1893	18.9300		-51		
1894	18.9400		-49		
1895	18.9500		-46		
1896	18.9600		-43		
1897	18.9700		-40		
1898	18.9800		-36		
1899	18.9900		-33		
1900	19.0000		-29		
1901	19.0100		-25		
1902	19.0200		-21		
1903	19.0300		-17		
1904	19.0400		-13		
1905	19.0500		-8		
1906	19.0600		-4		
1907	19.0700		0		
1908	19.0800		4		
1909	19.0900		9		
1910	19.1000		13		
1911	19.1100		17		
1912	19.1200		22		
1913	19.1300		26		
1914	19.1400		29		
1915	19.1500		33		
1916	19.1600		37		
1917	19.1700		40		
1918	19.1800		43		
1919	19.1900		46		
1920	19.2000		49		
1921	19.2100		51		
1922	19.2200		53		
1923	19.2300		55		
1924	19.2400		57		
1925	19.2500		58		
1926	19.2600		59		
1927	19.2700		60		
1928	19.2800		61		
1929	19.2900		61		
1930	19.3000		61		
1931	19.3100		60		
1932	19.3200		59		
1933	19.3300		58		
1934	19.3400		57		
1935	19.3500		55		
1936	19.3600		53		
1937	19.3700		51		
1938	19.3800		48		
1939	19.3900		46		
1940	19.4000		43		
1941	19.4100		39		
1942	19.4200		36		
1943	19.4300		32		
1944	19.4400		29		
1945	19.4500		25		
1946	19.4600		21		
1947	19.4700		17		
1948	19.4800		13		
1949	19.4900		8		
1950	19.5000		4		
1951	19.5100		0		
1952	19.5200		-4		
1953	19.5300		-9		
1954	19.5400		-13		
1955	19.5500		-17		
1956	19.5600		-21		
1957	19.5700		-25		
1958	19.5800		-29		
1959	19.5900		-32		
1960	19.6000		-36		
1961	19.6100		-39		
1962	19.6200		-42		
1963	19.6300		-45		
1964	19.6400		-48		
1965	19.6500		-50		
1966	19.6600		-52		
1967	19.6700		-54		
1968	19.6800		-56		
1969	19.6900		-57		
1970	19.7000		-58		
1971	19.7100		-59		
1972	19.7200		-59		
1973	19.7300		-59		
1974	19.7400		-59		
1975	19.7500		-58		
1976	19.7600		-57		
1977	19.7700		-56		
1978	19.7800		-55		
1979	19.7900		-53		
1980	19.8000		-51		
1981	19.8100		-49		
1982	19.8200		-46		
1983	19.8300		-44		
1984	19.8400		-40		
1985	19.8500		-37		
1986	19.8600		-34		
1987	19.8700		-30		
1988	19.8800		-27		
1989	19.8900		-23		
1990	19.9000		-19		
1991	19.9100		-15		
1992	19.9200		-11		
1993	19.9300		-6		
1994	19.9400		-2		
1995	19.9500		2		
1996	19.9600		6		
1997	19.9700		10		
1998	19.9800		14		
1999	19.9900		18		
2000	20.0000		22		
