#	time(s)	count A	count B	count C	count D
1	0.0100	6	22		
2	0.0200	6	27		
3	0.0300	6	32		
4	0.0400	7	37		
5	0.0500	7	42		
6	0.0600	7	47		
7	0.0700	7	51		
8	0.0800	7	56		
9	0.0900	7	60		
10	0.1000	7	63		
11	0.1100	7	67		
12	0.1200	7	70		
13	0.1300	7	73		
14	0.1400	7	75		
15	0.1500	7	77		
16	0.1600	7	79		
17	0.1700	7	80		
18	0.1800	7	81		
19	0.1900	7	82		
20	0.2000	6	82		
21	0.2100	6	82		
22	0.2200	6	82		
23	0.2300	6	80		
24	0.2400	6	79		
25	0.2500	6	78		
26	0.2600	6	76		
27	0.2700	5	73		
28	0.2800	5	70		
29	0.2900	4	67		
30	0.3000	4	64		
31	0.3100	4	60		
32	0.3200	4	56		
33	0.3300	4	52		
34	0.3400	3	47		
35	0.3500	3	42		
36	0.3600	2	38		
37	0.3700	2	32		
38	0.3800	2	27		
39	0.3900	2	22		
40	0.4000	2	16		
41	0.4100	1	11		
42	0.4200	1	6		
43	0.4300	1	0		
44	0.4400	0	-6		
45	0.4500	0	-11		
46	0.4600	0	-16		
47	0.4700	0	-22		
48	0.4800	0	-26		
49	0.4900	0	-32		
50	0.5000	0	-36		
51	0.5100	0	-41		
52	0.5200	-1	-45		
53	0.5300	-1	-49		
54	0.5400	-1	-53		
55	0.5500	-1	-56		
56	0.5600	-1	-59		
57	0.5700	-1	-62		
58	0.5800	-1	-64		
59	0.5900	-1	-66		
60	0.6000	-1	-68		
61	0.6100	0	-70		
62	0.6200	0	-70		
63	0.6300	0	-71		
64	0.6400	0	-71		
65	0.6500	0	-71		
66	0.6600	0	-70		
67	0.6700	0	-69		
68	0.6800	0	-68		
69	0.6900	1	-66		
70	0.7000	1	-64		
71	0.7100	1	-61		
72	0.7200	2	-58		
73	0.7300	2	-55		
74	0.7400	2	-52		
75	0.7500	2	-48		
76	0.7600	3	-44		
77	0.7700	3	-39		
78	0.7800	3	-34		
79	0.7900	4	-30		
80	0.8000	4	-25		
81	0.8100	4	-20		
82	0.8200	4	-14		
83	0.8300	4	-9		
84	0.8400	5	-3		
85	0.8500	5	2		
86	0.8600	6	8		
87	0.8700	6	14		
88	0.8800	6	19		
89	0.8900	6	24		
90	0.9000	6	30		
91	0.9100	6	35		
92	0.9200	7	40		
93	0.9300	7	45		
94	0.9400	7	50		
95	0.9500	7	54		
96	0.9600	7	59		
97	0.9700	7	63		
98	0.9800	7	66		
99	0.9900	7	70		
100	1.0000	7	73		
101	1.0100	7	76		
102	1.0200	7	78		
103	1.0300	7	80		
104	1.0400	7	82		
105	1.0500	7	83		
106	1.0600	7	84		
107	1.0700	7	84		
108	1.0800	7	85		
109	1.0900	6	84		
110	1.1000	6	84		
111	1.1100	6	82		
112	1.1200	6	81		
113	1.1300	6	79		
114	1.1400	6	77		
115	1.1500	5	74		
116	1.1600	5	71		
117	1.1700	5	68		
118	1.1800	4	64		
119	1.1900	4	60		
120	1.2000	4	56		
121	1.2100	4	51		
122	1.2200	3	46		
123	1.2300	3	42		
124	1.2400	3	36		
125	1.2500	2	31		
126	1.2600	2	26		
127	1.2700	2	20		
128	1.2800	2	14		
129	1.2900	2	9		
130	1.3000	1	3		
131	1.3100	1	-2		
132	1.3200	1	-8		
133	1.3300	0	-14		
134	1.3400	0	-19		
135	1.3500	0	-24		
136	1.3600	0	-30		
137	1.3700	0	-35		
138	1.3800	0	-40		
139	1.3900	0	-44		
140	1.4000	0	-48		
141	1.4100	-1	-52		
142	1.4200	-1	-56		
143	1.4300	-1	-60		
144	1.4400	-1	-62		
145	1.4500	-1	-65		
146	1.4600	-1	-68		
147	1.4700	-1	-70		
148	1.4800	-1	-71		
149	1.4900	0	-72		
150	1.5000	0	-73		
151	1.5100	0	-73		
152	1.5200	0	-73		
153	1.5300	0	-73		
154	1.5400	0	-72		
155	1.5500	0	-71		
156	1.5600	0	-69		
157	1.5700	1	-67		
158	1.5800	1	-65		
159	1.5900	1	-62		
160	1.6000	2	-59		
161	1.6100	2	-55		
162	1.6200	2	-52		
163	1.6300	2	-48		
164	1.6400	2	-43		
165	1.6500	3	-38		
166	1.6600	3	-34		
167	1.6700	4	-28		
168	1.6800	4	-23		
169	1.6900	4	-18		
170	1.7000	4	-12		
171	1.7100	4	-6		
172	1.7200	5	-1		
173	1.7300	5	5		
174	1.7400	5	10		
175	1.7500	6	16		
176	1.7600	6	22		
177	1.7700	6	28		
178	1.7800	6	33		
179	1.7900	6	38		
180	1.8000	6	44		
181	1.8100	7	49		
182	1.8200	7	54		
183	1.8300	7	58		
184	1.8400	7	62		
185	1.8500	7	66		
186	1.8600	7	70		
187	1.8700	7	73		
188	1.8800	7	76		
189	1.8900	7	79		
190	1.9000	7	81		
191	1.9100	7	83		
192	1.9200	7	85		
193	1.9300	7	86		
194	1.9400	7	86		
195	1.9500	7	87		
196	1.9600	7	87		
197	1.9700	6	86		
198	1.9800	6	85		
199	1.9900	6	84		
200	2.0000	6	82		
201	2.0100	6	80		
202	2.0200	6	77		
203	2.0300	6	74		
204	2.0400	5	71		
205	2.0500	5	68		
206	2.0600	4	64		
207	2.0700	4	60		
208	2.0800	4	55		
209	2.0900	4	50		
210	2.1000	4	45		
211	2.1100	3	40		
212	2.1200	3	35		
213	2.1300	2	29		
214	2.1400	2	24		
215	2.1500	2	18		
216	2.1600	2	12		
217	2.1700	2	6		
218	2.1800	1	0		
219	2.1900	1	-5		
220	2.2000	1	-11		
221	2.2100	0	-17		
222	2.2200	0	-22		
223	2.2300	0	-28		
224	2.2400	0	-33		
225	2.2500	0	-38		
226	2.2600	0	-42		
227	2.2700	0	-47		
228	2.2800	0	-52		
229	2.2900	-1	-55		
230	2.3000	-1	-59		
231	2.3100	-1	-62		
232	2.3200	-1	-65		
233	2.3300	-1	-68		
234	2.3400	-1	-70		
235	2.3500	-1	-72		
236	2.3600	-1	-74		
237	2.3700	0	-74		
238	2.3800	0	-75		
239	2.3900	0	-75		
240	2.4000	0	-75		
241	2.4100	0	-74		
242	2.4200	0	-74		
243	2.4300	0	-72		
244	2.4400	0	-70		
245	2.4500	1	-68		
246	2.4600	1	-65		
247	2.4700	1	-62		
248	2.4800	2	-59		
249	2.4900	2	-55		
250	2.5000	2	-51		
251	2.5100	2	-47		
252	2.5200	2	-42		
253	2.5300	3	-37		
254	2.5400	3	-32		
255	2.5500	3	-27		
256	2.5600	4	-22		
257	2.5700	4	-16		
258	2.5800	4	-10		
259	2.5900	4	-4		
260	2.6000	5	1		
261	2.6100	5	7		
262	2.6200	5	13		
263	2.6300	6	19		
264	2.6400	6	25		
265	2.6500	6	30		
266	2.6600	6	36		
267	2.6700	6	42		
268	2.6800	6	47		
269	2.6900	7	52		
270	2.7000	7	56		
271	2.7100	7	61		
272	2.7200	7	65		
273	2.7300	7	69		
274	2.7400	7	73		
275	2.7500	7	76		
276	2.7600	7	79		
277	2.7700	7	82		
278	2.7800	7	84		
279	2.7900	7	86		
280	2.8000	7	87		
281	2.8100	7	88		
282	2.8200	7	88		
283	2.8300	7	88		
284	2.8400	7	88		
285	2.8500	7	88		
286	2.8600	6	86		
287	2.8700	6	85		
288	2.8800	6	83		
289	2.8900	6	80		
290	2.9000	6	78		
291	2.9100	6	74		
292	2.9200	5	71		
293	2.9300	5	67		
294	2.9400	5	63		
295	2.9500	4	59		
296	2.9600	4	54		
297	2.9700	4	49		
298	2.9800	4	44		
299	2.9900	3	39		
300	3.0000	3	33		
301	3.0100	3	27		
302	3.0200	2	22		
303	3.0300	2	16		
304	3.0400	2	10		
305	3.0500	2	4		
306	3.0600	1	-2		
307	3.0700	1	-8		
308	3.0800	1	-14		
309	3.0900	0	-20		
310	3.1000	0	-25		
311	3.1100	0	-30		
312	3.1200	0	-36		
313	3.1300	0	-41		
314	3.1400	0	-46		
315	3.1500	0	-50		
316	3.1600	0	-54		
317	3.1700	-1	-58		
318	3.1800	-1	-62		
319	3.1900	-1	-65		
320	3.2000	-1	-68		
321	3.2100	-1	-70		
322	3.2200	-1	-72		
323	3.2300	-1	-74		
324	3.2400	-1	-76		
325	3.2500	-1	-76		
326	3.2600	0	-77		
327	3.2700	0	-77		
328	3.2800	0	-76		
329	3.2900	0	-76		
330	3.3000	0	-74		
331	3.3100	0	-73		
332	3.3200	0	-71		
333	3.3300	0	-68		
334	3.3400	1	-65		
335	3.3500	1	-62		
336	3.3600	1	-58		
337	3.3700	2	-55		
338	3.3800	2	-50		
339	3.3900	2	-46		
340	3.4000	2	-41		
341	3.4100	3	-36		
342	3.4200	3	-31		
343	3.4300	3	-26		
344	3.4400	4	-20		
345	3.4500	4	-14		
346	3.4600	4	-8		
347	3.4700	4	-2		
348	3.4800	4	4		
349	3.4900	5	10		
350	3.5000	5	16		
351	3.5100	6	22		
352	3.5200	6	28		
353	3.5300	6	33		
354	3.5400	6	39		
355	3.5500	6	44		
356	3.5600	6	50		
357	3.5700	7	54		
358	3.5800	7	59		
359	3.5900	7	64		
360	3.6000	7	68		
361	3.6100	7	72		
362	3.6200	7	76		
363	3.6300	7	79		
364	3.6400	7	82		
365	3.6500	7	84		
366	3.6600	7	86		
367	3.6700	7	88		
368	3.6800	7	89		
369	3.6900	7	90		
370	3.7000	7	90		
371	3.7100	7	90		
372	3.7200	7	90		
373	3.7300	7	88		
374	3.7400	6	87		
375	3.7500	6	85		
376	3.7600	6	83		
377	3.7700	6	81		
378	3.7800	6	78		
379	3.7900	6	74		
380	3.8000	5	71		
381	3.8100	5	66		
382	3.8200	5	62		
383	3.8300	4	58		
384	3.8400	4	53		
385	3.8500	4	48		
386	3.8600	4	42		
387	3.8700	4	37		
388	3.8800	3	31		
389	3.8900	3	25		
390	3.9000	2	19		
391	3.9100	2	13		
392	3.9200	2	7		
393	3.9300	2	1		
394	3.9400	2	-5		
395	3.9500	1	-11		
396	3.9600	1	-17		
397	3.9700	1	-22		
398	3.9800	0	-28		
399	3.9900	0	-34		
400	4.0000	0	-39		
401	4.0100	0	-44		
402	4.0200	0	-48		
403	4.0300	0	-53		
404	4.0400	0	-57		
405	4.0500	0	-61		
406	4.0600	-1	-64		
407	4.0700	-1	-68		
408	4.0800	-1	-70		
409	4.0900	-1	-73		
410	4.1000	-1	-75		
411	4.1100	-1	-76		
412	4.1200	-1	-78		
413	4.1300	-1	-78		
414	4.1400	0	-78		
415	4.1500	0	-78		
416	4.1600	0	-78		
417	4.1700	0	-77		
418	4.1800	0	-75		
419	4.1900	0	-73		
420	4.2000	0	-71		
421	4.2100	0	-68		
422	4.2200	1	-65		
423	4.2300	1	-62		
424	4.2400	1	-58		
425	4.2500	2	-54		
426	4.2600	2	-50		
427	4.2700	2	-45		
428	4.2800	2	-40		
429	4.2900	2	-35		
430	4.3000	3	-29		
431	4.3100	3	-24		
432	4.3200	4	-18		
433	4.3300	4	-12		
434	4.3400	4	-6		
435	4.3500	4	0		
436	4.3600	4	6		
437	4.3700	5	12		
438	4.3800	5	18		
439	4.3900	5	24		
440	4.4000	6	30		
441	4.4100	6	36		
442	4.4200	6	42		
443	4.4300	6	47		
444	4.4400	6	52		
445	4.4500	6	58		
446	4.4600	7	62		
447	4.4700	7	66		
448	4.4800	7	71		
449	4.4900	7	74		
450	4.5000	7	78		
451	4.5100	7	81		
452	4.5200	7	84		
453	4.5300	7	86		
454	4.5400	7	88		
455	4.5500	7	90		
456	4.5600	7	90		
457	4.5700	7	91		
458	4.5800	7	91		
459	4.5900	7	91		
460	4.6000	7	90		
461	4.6100	7	89		
462	4.6200	7	88		
463	4.6300	6	86		
464	4.6400	6	83		
465	4.6500	6	80		
466	4.6600	6	78		
467	4.6700	6	74		
468	4.6800	6	70		
469	4.6900	5	66		
470	4.7000	5	61		
471	4.7100	4	56		
472	4.7200	4	51		
473	4.7300	4	46		
474	4.7400	4	40		
475	4.7500	4	35		
476	4.7600	3	29		
477	4.7700	3	23		
478	4.7800	2	17		
479	4.7900	2	11		
480	4.8000	2	5		
481	4.8100	2	-1		
482	4.8200	2	-8		
483	4.8300	1	-14		
484	4.8400	1	-19		
485	4.8500	1	-25		
486	4.8600	0	-31		
487	4.8700	0	-36		
488	4.8800	0	-41		
489	4.8900	0	-46		
490	4.9000	0	-51		
491	4.9100	0	-56		
492	4.9200	0	-60		
493	4.9300	0	-63		
494	4.9400	-1	-67		
495	4.9500	-1	-70		
496	4.9600	-1	-72		
497	4.9700	-1	-75		
498	4.9800	-1	-76		
499	4.9900	-1	-78		
500	5.0000	-1	-79		
501	5.0100	-1	-80		
502	5.0200	-1	-80		
503	5.0300	0	-79		
504	5.0400	0	-78		
505	5.0500	0	-77		
506	5.0600	0	-76		
507	5.0700	0	-74		
508	5.0800	0	-71		
509	5.0900	0	-68		
510	5.1000	0	-65		
511	5.1100	1	-61		
512	5.1200	1	-57		
513	5.1300	1	-53		
514	5.1400	2	-48		
515	5.1500	2	-44		
516	5.1600	2	-38		
517	5.1700	2	-33		
518	5.1800	3	-27		
519	5.1900	3	-22		
520	5.2000	3	-16		
521	5.2100	4	-10		
522	5.2200	4	-4		
523	5.2300	4	2		
524	5.2400	4	9		
525	5.2500	5	15		
526	5.2600	5	21		
527	5.2700	5	27		
528	5.2800	6	33		
529	5.2900	6	39		
530	5.3000	6	44		
531	5.3100	6	50		
532	5.3200	6	55		
533	5.3300	6	60		
534	5.3400	7	64		
535	5.3500	7	69		
536	5.3600	7	73		
537	5.3700	7	77		
538	5.3800	7	80		
539	5.3900	7	83		
540	5.4000	7	86		
541	5.4100	7	88		
542	5.4200	8	90		
543	5.4300	8	91		
544	5.4400	7	92		
545	5.4500	7	92		
546	5.4600	7	92		
547	5.4700	7	92		
548	5.4800	7	91		
549	5.4900	7	90		
550	5.5000	7	88		
551	5.5100	6	86		
552	5.5200	6	83		
553	5.5300	6	80		
554	5.5400	6	77		
555	5.5500	6	73		
556	5.5600	6	69		
557	5.5700	5	65		
558	5.5800	5	60		
559	5.5900	5	55		
560	5.6000	4	50		
561	5.6100	4	44		
562	5.6200	4	39		
563	5.6300	4	33		
564	5.6400	3	27		
565	5.6500	3	21		
566	5.6600	3	15		
567	5.6700	2	8		
568	5.6800	2	2		
569	5.6900	2	-4		
570	5.7000	2	-10		
571	5.7100	1	-16		
572	5.7200	1	-22		
573	5.7300	1	-28		
574	5.7400	0	-33		
575	5.7500	0	-39		
576	5.7600	0	-44		
577	5.7700	0	-49		
578	5.7800	0	-54		
579	5.7900	0	-58		
580	5.8000	0	-62		
581	5.8100	0	-66		
582	5.8200	-1	-69		
583	5.8300	-1	-72		
584	5.8400	-1	-74		
585	5.8500	-1	-76		
586	5.8600	-1	-78		
587	5.8700	-1	-79		
588	5.8800	-1	-80		
589	5.8900	-1	-80		
590	5.9000	-1	-80		
591	5.9100	0	-80		
592	5.9200	0	-79		
593	5.9300	0	-77		
594	5.9400	0	-76		
595	5.9500	0	-73		
596	5.9600	0	-70		
597	5.9700	0	-68		
598	5.9800	0	-64		
599	5.9900	1	-60		
600	6.0000	1	-56		
601	6.0100	1	-52		
602	6.0200	2	-47		
603	6.0300	2	-42		
604	6.0400	2	-36		
605	6.0500	2	-31		
606	6.0600	2	-26		
607	6.0700	3	-20		
608	6.0800	3	-14		
609	6.0900	4	-8		
610	6.1000	4	-1		
611	6.1100	4	5		
612	6.1200	4	11		
613	6.1300	4	17		
614	6.1400	5	24		
615	6.1500	5	30		
616	6.1600	6	36		
617	6.1700	6	41		
618	6.1800	6	47		
619	6.1900	6	52		
620	6.2000	6	57		
621	6.2100	6	62		
622	6.2200	7	67		
623	6.2300	7	71		
624	6.2400	7	75		
625	6.2500	7	79		
626	6.2600	7	82		
627	6.2700	7	85		
628	6.2800	7	87		
629	6.2900	7	89		
630	6.3000	8	91		
631	6.3100	8	92		
632	6.3200	8	93		
633	6.3300	7	93		
634	6.3400	7	93		
635	6.3500	7	92		
636	6.3600	7	91		
637	6.3700	7	90		
638	6.3800	7	88		
639	6.3900	7	85		
640	6.4000	6	83		
641	6.4100	6	80		
642	6.4200	6	76		
643	6.4300	6	72		
644	6.4400	6	68		
645	6.4500	6	63		
646	6.4600	5	58		
647	6.4700	5	53		
648	6.4800	4	48		
649	6.4900	4	42		
650	6.5000	4	37		
651	6.5100	4	31		
652	6.5200	4	25		
653	6.5300	3	18		
654	6.5400	3	12		
655	6.5500	2	6		
656	6.5600	2	0		
657	6.5700	2	-6		
658	6.5800	2	-12		
659	6.5900	2	-18		
660	6.6000	1	-24		
661	6.6100	1	-30		
662	6.6200	1	-36		
663	6.6300	0	-41		
664	6.6400	0	-46		
665	6.6500	0	-51		
666	6.6600	0	-56		
667	6.6700	0	-60		
668	6.6800	0	-64		
669	6.6900	0	-67		
670	6.7000	0	-70		
671	6.7100	-1	-73		
672	6.7200	-1	-76		
673	6.7300	-1	-78		
674	6.7400	-1	-79		
675	6.7500	-1	-80		
676	6.7600	-1	-80		
677	6.7700	-1	-81		
678	6.7800	-1	-80		
679	6.7900	-1	-80		
680	6.8000	0	-79		
681	6.8100	0	-77		
682	6.8200	0	-75		
683	6.8300	0	-73		
684	6.8400	0	-70		
685	6.8500	0	-66		
686	6.8600	0	-63		
687	6.8700	1	-59		
688	6.8800	1	-55		
689	6.8900	1	-50		
690	6.9000	2	-45		
691	6.9100	2	-40		
692	6.9200	2	-35		
693	6.9300	2	-29		
694	6.9400	2	-23		
695	6.9500	3	-17		
696	6.9600	3	-11		
697	6.9700	3	-5		
698	6.9800	4	1		
699	6.9900	4	7		
700	7.0000	4	14		
701	7.0100	4	20		
702	7.0200	5	26		
703	7.0300	5	32		
704	7.0400	5	38		
705	7.0500	6	44		
706	7.0600	6	49		
707	7.0700	6	54		
708	7.0800	6	60		
709	7.0900	6	64		
710	7.1000	6	69		
711	7.1100	7	73		
712	7.1200	7	77		
713	7.1300	7	80		
714	7.1400	7	84		
715	7.1500	7	86		
716	7.1600	7	88		
717	7.1700	7	90		
718	7.1800	8	92		
719	7.1900	8	93		
720	7.2000	8	93		
721	7.2100	7	93		
722	7.2200	7	93		
723	7.2300	7	92		
724	7.2400	7	91		
725	7.2500	7	89		
726	7.2600	7	87		
727	7.2700	7	85		
728	7.2800	6	82		
729	7.2900	6	78		
730	7.3000	6	75		
731	7.3100	6	71		
732	7.3200	6	66		
733	7.3300	6	62		
734	7.3400	5	57		
735	7.3500	5	52		
736	7.3600	5	46		
737	7.3700	4	40		
738	7.3800	4	35		
739	7.3900	4	29		
740	7.4000	4	22		
741	7.4100	3	16		
742	7.4200	3	10		
743	7.4300	3	4		
744	7.4400	2	-2		
745	7.4500	2	-8		
746	7.4600	2	-15		
747	7.4700	2	-21		
748	7.4800	1	-26		
749	7.4900	1	-32		
750	7.5000	1	-38		
751	7.5100	0	-43		
752	7.5200	0	-48		
753	7.5300	0	-53		
754	7.5400	0	-58		
755	7.5500	0	-62		
756	7.5600	0	-65		
757	7.5700	0	-69		
758	7.5800	0	-72		
759	7.5900	-1	-74		
760	7.6000	-1	-76		
761	7.6100	-1	-78		
762	7.6200	-1	-80		
763	7.6300	-1	-80		
764	7.6400	-1	-81		
765	7.6500	-1	-81		
766	7.6600	-1	-80		
767	7.6700	-1	-80		
768	7.6800	0	-78		
769	7.6900	0	-77		
770	7.7000	0	-74		
771	7.7100	0	-72		
772	7.7200	0	-69		
773	7.7300	0	-66		
774	7.7400	0	-62		
775	7.7500	0	-58		
776	7.7600	1	-53		
777	7.7700	1	-48		
778	7.7800	1	-44		
779	7.7900	2	-38		
780	7.8000	2	-33		
781	7.8100	2	-27		
782	7.8200	2	-21		
783	7.8300	3	-15		
784	7.8400	3	-9		
785	7.8500	3	-3		
786	7.8600	4	4		
787	7.8700	4	10		
788	7.8800	4	16		
789	7.8900	4	22		
790	7.9000	5	28		
791	7.9100	5	34		
792	7.9200	5	40		
793	7.9300	6	46		
794	7.9400	6	51		
795	7.9500	6	56		
796	7.9600	6	62		
797	7.9700	6	66		
798	7.9800	6	70		
799	7.9900	7	74		
800	8.0000	7	78		
801	8.0100	7	82		
802	8.0200	7	84		
803	8.0300	7	87		
804	8.0400	7	89		
805	8.0500	7	91		
806	8.0600	8	92		
807	8.0700	8	93		
808	8.0800	8	94		
809	8.0900	8	93		
810	8.1000	7	93		
811	8.1100	7	92		
812	8.1200	7	90		
813	8.1300	7	89		
814	8.1400	7	86		
815	8.1500	7	84		
816	8.1600	6	81		
817	8.1700	6	77		
818	8.1800	6	73		
819	8.1900	6	69		
820	8.2000	6	65		
821	8.2100	6	60		
822	8.2200	5	55		
823	8.2300	5	50		
824	8.2400	5	44		
825	8.2500	4	38		
826	8.2600	4	32		
827	8.2700	4	26		
828	8.2800	4	20		
829	8.2900	3	14		
830	8.3000	3	8		
831	8.3100	3	2		
832	8.3200	2	-5		
833	8.3300	2	-11		
834	8.3400	2	-17		
835	8.3500	2	-23		
836	8.3600	1	-29		
837	8.3700	1	-34		
838	8.3800	1	-40		
839	8.3900	0	-45		
840	8.4000	0	-50		
841	8.4100	0	-55		
842	8.4200	0	-59		
843	8.4300	0	-63		
844	8.4400	0	-66		
845	8.4500	0	-70		
846	8.4600	0	-73		
847	8.4700	-1	-75		
848	8.4800	-1	-77		
849	8.4900	-1	-79		
850	8.5000	-1	-80		
851	8.5100	-1	-81		
852	8.5200	-1	-81		
853	8.5300	-1	-81		
854	8.5400	-1	-80		
855	8.5500	-1	-79		
856	8.5600	-1	-78		
857	8.5700	0	-76		
858	8.5800	0	-74		
859	8.5900	0	-71		
860	8.6000	0	-68		
861	8.6100	0	-64		
862	8.6200	0	-60		
863	8.6300	0	-56		
864	8.6400	1	-52		
865	8.6500	1	-47		
866	8.6600	1	-42		
867	8.6700	2	-36		
868	8.6800	2	-30		
869	8.6900	2	-25		
870	8.7000	2	-19		
871	8.7100	2	-13		
872	8.7200	3	-7		
873	8.7300	3	0		
874	8.7400	4	6		
875	8.7500	4	12		
876	8.7600	4	18		
877	8.7700	4	24		
878	8.7800	4	30		
879	8.7900	5	36		
880	8.8000	5	42		
881	8.8100	6	48		
882	8.8200	6	53		
883	8.8300	6	58		
884	8.8400	6	63		
885	8.8500	6	68		
886	8.8600	6	72		
887	8.8700	7	76		
888	8.8800	7	80		
889	8.8900	7	82		
890	8.9000	7	86		
891	8.9100	7	88		
892	8.9200	7	90		
893	8.9300	7	91		
894	8.9400	7	92		
895	8.9500	8	93		
896	8.9600	8	93		
897	8.9700	8	93		
898	8.9800	7	92		
899	8.9900	7	91		
900	9.0000	7	90		
901	9.0100	7	88		
902	9.0200	7	85		
903	9.0300	7	82		
904	9.0400	7	79		
905	9.0500	6	76		
906	9.0600	6	72		
907	9.0700	6	68		
908	9.0800	6	63		
909	9.0900	6	58		
910	9.1000	6	53		
911	9.1100	5	48		
912	9.1200	5	42		
913	9.1300	4	36		
914	9.1400	4	30		
915	9.1500	4	24		
916	9.1600	4	18		
917	9.1700	4	12		
918	9.1800	3	6		
919	9.1900	3	-1		
920	9.2000	2	-7		
921	9.2100	2	-13		
922	9.2200	2	-19		
923	9.2300	2	-25		
924	9.2400	2	-31		
925	9.2500	1	-36		
926	9.2600	1	-42		
927	9.2700	1	-47		
928	9.2800	0	-52		
929	9.2900	0	-56		
930	9.3000	0	-60		
931	9.3100	0	-64		
932	9.3200	0	-68		
933	9.3300	0	-71		
934	9.3400	0	-73		
935	9.3500	0	-76		
936	9.3600	-1	-78		
937	9.3700	-1	-79		
938	9.3800	-1	-80		
939	9.3900	-1	-80		
940	9.4000	-1	-81		
941	9.4100	-1	-80		
942	9.4200	-1	-80		
943	9.4300	-1	-78		
944	9.4400	-1	-77		
945	9.4500	0	-75		
946	9.4600	0	-72		
947	9.4700	0	-70		
948	9.4800	0	-66		
949	9.4900	0	-62		
950	9.5000	0	-58		
951	9.5100	0	-54		
952	9.5200	1	-50		
953	9.5300	1	-44		
954	9.5400	1	-40		
955	9.5500	1	-34		
956	9.5600	2	-28		
957	9.5700	2	-22		
958	9.5800	2	-17		
959	9.5900	2	-11		
960	9.6000	3	-4		
961	9.6100	3	2		
962	9.6200	3	8		
963	9.6300	4	14		
964	9.6400	4	20		
965	9.6500	4	26		
966	9.6600	4	32		
967	9.6700	5	38		
968	9.6800	5	44		
969	9.6900	5	50		
970	9.7000	6	55		
971	9.7100	6	60		
972	9.7200	6	64		
973	9.7300	6	69		
974	9.7400	6	73		
975	9.7500	6	77		
976	9.7600	7	80		
977	9.7700	7	83		
978	9.7800	7	86		
979	9.7900	7	88		
980	9.8000	7	90		
981	9.8100	7	91		
982	9.8200	7	92		
983	9.8300	8	93		
984	9.8400	8	93		
985	9.8500	8	92		
986	9.8600	7	92		
987	9.8700	7	90		
988	9.8800	7	88		
989	9.8900	7	86		
990	9.9000	7	84		
991	9.9100	7	81		
992	9.9200	7	78		
993	9.9300	6	74		
994	9.9400	6	70		
995	9.9500	6	66		
996	9.9600	6	61		
997	9.9700	6	56		
998	9.9800	6	51		
999	9.9900	5	45		
1000	10.0000	5	40		
1001	10.0100	5	34		
1002	10.0200	4	28		
1003	10.0300	4	22		
1004	10.0400	4	16		
1005	10.0500	4	10		
1006	10.0600	3	3		
1007	10.0700	3	-3		
1008	10.0800	3	-9		
1009	10.0900	2	-15		
1010	10.1000	2	-21		
1011	10.1100	2	-27		
1012	10.1200	2	-32		
1013	10.1300	1	-38		
1014	10.1400	1	-43		
1015	10.1500	1	-48		
1016	10.1600	0	-53		
1017	10.1700	0	-57		
1018	10.1800	0	-61		
1019	10.1900	0	-65		
1020	10.2000	0	-68		
1021	10.2100	0	-71		
1022	10.2200	0	-74		
1023	10.2300	0	-76		
1024	10.2400	-1	-78		
1025	10.2500	-1	-79		
1026	10.2600	-1	-80		
1027	10.2700	-1	-80		
1028	10.2800	-1	-80		
1029	10.2900	-1	-80		
1030	10.3000	-1	-79		
1031	10.3100	-1	-77		
1032	10.3200	-1	-76		
1033	10.3300	0	-73		
1034	10.3400	0	-71		
1035	10.3500	0	-68		
1036	10.3600	0	-64		
1037	10.3700	0	-60		
1038	10.3800	0	-56		
1039	10.3900	0	-52		
1040	10.4000	0	-48		
1041	10.4100	1	-42		
1042	10.4200	1	-37		
1043	10.4300	1	-32		
1044	10.4400	2	-26		
1045	10.4500	2	-20		
1046	10.4600	2	-14		
1047	10.4700	2	-8		
1048	10.4800	3	-2		
1049	10.4900	3	4		
1050	10.5000	3	10		
1051	10.5100	4	16		
1052	10.5200	4	22		
1053	10.5300	4	28		
1054	10.5400	4	34		
1055	10.5500	5	40		
1056	10.5600	5	46		
1057	10.5700	5	51		
1058	10.5800	6	56		
1059	10.5900	6	61		
1060	10.6000	6	66		
1061	10.6100	6	70		
1062	10.6200	6	74		
1063	10.6300	6	78		
1064	10.6400	7	81		
1065	10.6500	7	84		
1066	10.6600	7	86		
1067	10.6700	7	88		
1068	10.6800	7	90		
1069	10.6900	7	91		
1070	10.7000	7	92		
1071	10.7100	8	92		
1072	10.7200	8	92		
1073	10.7300	8	91		
1074	10.7400	8	90		
1075	10.7500	7	89		
1076	10.7600	7	87		
1077	10.7700	7	85		
1078	10.7800	7	82		
1079	10.7900	7	79		
1080	10.8000	7	76		
1081	10.8100	6	72		
1082	10.8200	6	68		
1083	10.8300	6	63		
1084	10.8400	6	58		
1085	10.8500	6	54		
1086	10.8600	6	48		
1087	10.8700	5	43		
1088	10.8800	5	37		
1089	10.8900	5	31		
1090	10.9000	4	26		
1091	10.9100	4	19		
1092	10.9200	4	13		
1093	10.9300	4	7		
1094	10.9400	3	1		
1095	10.9500	3	-5		
1096	10.9600	3	-11		
1097	10.9700	2	-17		
1098	10.9800	2	-23		
1099	10.9900	2	-29		
1100	11.0000	2	-34		
1101	11.0100	2	-40		
1102	11.0200	1	-45		
1103	11.0300	1	-50		
1104	11.0400	1	-54		
1105	11.0500	0	-58		
1106	11.0600	0	-62		
1107	11.0700	0	-66		
1108	11.0800	0	-69		
1109	11.0900	0	-72		
1110	11.1000	0	-74		
1111	11.1100	0	-76		
1112	11.1200	-1	-77		
1113	11.1300	-1	-78		
1114	11.1400	-1	-79		
1115	11.1500	-1	-79		
1116	11.1600	-1	-79		
1117	11.1700	-1	-78		
1118	11.1800	-1	-78		
1119	11.1900	-1	-76		
1120	11.2000	-1	-74		
1121	11.2100	-1	-72		
1122	11.2200	0	-69		
1123	11.2300	0	-66		
1124	11.2400	0	-62		
1125	11.2500	0	-58		
1126	11.2600	0	-54		
1127	11.2700	0	-50		
1128	11.2800	0	-45		
1129	11.2900	1	-40		
1130	11.3000	1	-35		
1131	11.3100	1	-29		
1132	11.3200	2	-24		
1133	11.3300	2	-18		
1134	11.3400	2	-12		
1135	11.3500	2	-6		
1136	11.3600	2	0		
1137	11.3700	3	6		
1138	11.3800	3	12		
1139	11.3900	4	18		
1140	11.4000	4	24		
1141	11.4100	4	30		
1142	11.4200	4	36		
1143	11.4300	4	42		
1144	11.4400	5	47		
1145	11.4500	5	52		
1146	11.4600	6	58		
1147	11.4700	6	62		
1148	11.4800	6	66		
1149	11.4900	6	71		
1150	11.5000	6	74		
1151	11.5100	6	78		
1152	11.5200	7	81		
1153	11.5300	7	84		
1154	11.5400	7	86		
1155	11.5500	7	88		
1156	11.5600	7	89		
1157	11.5700	7	90		
1158	11.5800	7	91		
1159	11.5900	7	91		
1160	11.6000	8	91		
1161	11.6100	8	90		
1162	11.6200	8	89		
1163	11.6300	7	88		
1164	11.6400	7	86		
1165	11.6500	7	83		
1166	11.6600	7	80		
1167	11.6700	7	77		
1168	11.6800	7	74		
1169	11.6900	7	70		
1170	11.7000	6	66		
1171	11.7100	6	61		
1172	11.7200	6	56		
1173	11.7300	6	51		
1174	11.7400	6	46		
1175	11.7500	6	40		
1176	11.7600	5	35		
1177	11.7700	5	29		
1178	11.7800	4	23		
1179	11.7900	4	17		
1180	11.8000	4	11		
1181	11.8100	4	5		
1182	11.8200	4	-1		
1183	11.8300	3	-7		
1184	11.8400	3	-13		
1185	11.8500	2	-19		
1186	11.8600	2	-24		
1187	11.8700	2	-30		
1188	11.8800	2	-36		
1189	11.8900	2	-40		
1190	11.9000	1	-46		
1191	11.9100	1	-50		
1192	11.9200	1	-54		
1193	11.9300	0	-58		
1194	11.9400	0	-62		
1195	11.9500	0	-66		
1196	11.9600	0	-69		
1197	11.9700	0	-71		
1198	11.9800	0	-73		
1199	11.9900	0	-75		
1200	12.0000	0	-76		
1201	12.0100	-1	-78		
1202	12.0200	-1	-78		
1203	12.0300	-1	-78		
1204	12.0400	-1	-78		
1205	12.0500	-1	-77		
1206	12.0600	-1	-76		
1207	12.0700	-1	-74		
1208	12.0800	-1	-72		
1209	12.0900	-1	-70		
1210	12.1000	0	-67		
1211	12.1100	0	-64		
1212	12.1200	0	-60		
1213	12.1300	0	-56		
1214	12.1400	0	-52		
1215	12.1500	0	-48		
1216	12.1600	0	-43		
1217	12.1700	0	-38		
1218	12.1800	1	-32		
1219	12.1900	1	-27		
1220	12.2000	1	-22		
1221	12.2100	2	-16		
1222	12.2200	2	-10		
1223	12.2300	2	-4		
1224	12.2400	2	2		
1225	12.2500	3	8		
1226	12.2600	3	14		
1227	12.2700	3	20		
1228	12.2800	4	26		
1229	12.2900	4	32		
1230	12.3000	4	38		
1231	12.3100	4	43		
1232	12.3200	5	48		
1233	12.3300	5	54		
1234	12.3400	5	58		
1235	12.3500	6	63		
1236	12.3600	6	67		
1237	12.3700	6	71		
1238	12.3800	6	75		
1239	12.3900	6	78		
1240	12.4000	6	81		
1241	12.4100	7	84		
1242	12.4200	7	86		
1243	12.4300	7	87		
1244	12.4400	7	88		
1245	12.4500	7	89		
1246	12.4600	7	90		
1247	12.4700	7	90		
1248	12.4800	8	90		
1249	12.4900	8	88		
1250	12.5000	8	87		
1251	12.5100	7	86		
1252	12.5200	7	84		
1253	12.5300	7	81		
1254	12.5400	7	78		
1255	12.5500	7	75		
1256	12.5600	7	71		
1257	12.5700	7	68		
1258	12.5800	6	63		
1259	12.5900	6	59		
1260	12.6000	6	54		
1261	12.6100	6	49		
1262	12.6200	6	44		
1263	12.6300	6	38		
1264	12.6400	5	32		
1265	12.6500	5	27		
1266	12.6600	5	21		
1267	12.6700	4	15		
1268	12.6800	4	9		
1269	12.6900	4	3		
1270	12.7000	4	-3		
1271	12.7100	3	-9		
1272	12.7200	3	-15		
1273	12.7300	3	-20		
1274	12.7400	2	-26		
1275	12.7500	2	-31		
1276	12.7600	2	-36		
1277	12.7700	2	-42		
1278	12.7800	1	-46		
1279	12.7900	1	-51		
1280	12.8000	1	-55		
1281	12.8100	0	-59		
1282	12.8200	0	-62		
1283	12.8300	0	-66		
1284	12.8400	0	-68		
1285	12.8500	0	-71		
1286	12.8600	0	-73		
1287	12.8700	0	-74		
1288	12.8800	0	-76		
1289	12.8900	-1	-76		
1290	12.9000	-1	-77		
1291	12.9100	-1	-77		
1292	12.9200	-1	-76		
1293	12.9300	-1	-75		
1294	12.9400	-1	-74		
1295	12.9500	-1	-72		
1296	12.9600	-1	-70		
1297	12.9700	-1	-68		
1298	12.9800	0	-65		
1299	12.9900	0	-62		
1300	13.0000	0	-58		
1301	13.0100	0	-54		
1302	13.0200	0	-50		
1303	13.0300	0	-45		
1304	13.0400	0	-40		
1305	13.0500	0	-35		
1306	13.0600	1	-30		
1307	13.0700	1	-24		
1308	13.0800	1	-19		
1309	13.0900	2	-13		
1310	13.1000	2	-8		
1311	13.1100	2	-2		
1312	13.1200	2	4		
1313	13.1300	2	10		
1314	13.1400	3	16		
1315	13.1500	3	22		
1316	13.1600	4	28		
1317	13.1700	4	33		
1318	13.1800	4	39		
1319	13.1900	4	44		
1320	13.2000	4	49		
1321	13.2100	5	54		
1322	13.2200	5	59		
1323	13.2300	6	63		
1324	13.2400	6	67		
1325	13.2500	6	71		
1326	13.2600	6	74		
1327	13.2700	6	78		
1328	13.2800	6	80		
1329	13.2900	7	83		
1330	13.3000	7	85		
1331	13.3100	7	86		
1332	13.3200	7	87		
1333	13.3300	7	88		
1334	13.3400	7	88		
1335	13.3500	7	88		
1336	13.3600	7	88		
1337	13.3700	7	87		
1338	13.3800	8	85		
1339	13.3900	7	84		
1340	13.4000	7	81		
1341	13.4100	7	79		
1342	13.4200	7	76		
1343	13.4300	7	72		
1344	13.4400	7	69		
1345	13.4500	7	65		
1346	13.4600	7	60		
1347	13.4700	6	56		
1348	13.4800	6	51		
1349	13.4900	6	46		
1350	13.5000	6	41		
1351	13.5100	6	36		
1352	13.5200	5	30		
1353	13.5300	5	24		
1354	13.5400	5	19		
1355	13.5500	4	13		
1356	13.5600	4	7		
1357	13.5700	4	1		
1358	13.5800	4	-4		
1359	13.5900	4	-10		
1360	13.6000	3	-16		
1361	13.6100	3	-22		
1362	13.6200	2	-27		
1363	13.6300	2	-32		
1364	13.6400	2	-37		
1365	13.6500	2	-42		
1366	13.6600	2	-47		
1367	13.6700	1	-51		
1368	13.6800	1	-55		
1369	13.6900	1	-59		
1370	13.7000	0	-62		
1371	13.7100	0	-65		
1372	13.7200	0	-68		
1373	13.7300	0	-70		
1374	13.7400	0	-72		
1375	13.7500	0	-73		
1376	13.7600	0	-74		
1377	13.7700	0	-75		
1378	13.7800	-1	-75		
1379	13.7900	-1	-75		
1380	13.8000	-1	-74		
1381	13.8100	-1	-73		
1382	13.8200	-1	-72		
1383	13.8300	-1	-70		
1384	13.8400	-1	-68		
1385	13.8500	-1	-65		
1386	13.8600	-1	-62		
1387	13.8700	0	-59		
1388	13.8800	0	-55		
1389	13.8900	0	-51		
1390	13.9000	0	-47		
1391	13.9100	0	-42		
1392	13.9200	0	-38		
1393	13.9300	0	-33		
1394	13.9400	1	-28		
1395	13.9500	1	-22		
1396	13.9600	1	-17		
1397	13.9700	2	-11		
1398	13.9800	2	-5		
1399	13.9900	2	0		
1400	14.0000	2	6		
1401	14.0100	2	12		
1402	14.0200	3	18		
1403	14.0300	3	24		
1404	14.0400	4	29		
1405	14.0500	4	34		
1406	14.0600	4	40		
1407	14.0700	4	45		
1408	14.0800	4	50		
1409	14.0900	5	55		
1410	14.1000	5	59		
1411	14.1100	5	64		
1412	14.1200	6	67		
1413	14.1300	6	71		
1414	14.1400	6	74		
1415	14.1500	6	77		
1416	14.1600	6	80		
1417	14.1700	6	82		
1418	14.1800	7	84		
1419	14.1900	7	85		
1420	14.2000	7	86		
1421	14.2100	7	86		
1422	14.2200	7	86		
1423	14.2300	7	86		
1424	14.2400	7	86		
1425	14.2500	7	84		
1426	14.2600	7	83		
1427	14.2700	7	81		
1428	14.2800	7	79		
1429	14.2900	7	76		
1430	14.3000	7	73		
1431	14.3100	7	70		
1432	14.3200	7	66		
1433	14.3300	7	62		
1434	14.3400	7	58		
1435	14.3500	6	54		
1436	14.3600	6	49		
1437	14.3700	6	44		
1438	14.3800	6	38		
1439	14.3900	6	33		
1440	14.4000	6	28		
1441	14.4100	5	22		
1442	14.4200	5	16		
1443	14.4300	5	11		
1444	14.4400	4	5		
1445	14.4500	4	-1		
1446	14.4600	4	-6		
1447	14.4700	4	-12		
1448	14.4800	3	-18		
1449	14.4900	3	-23		
1450	14.5000	2	-28		
1451	14.5100	2	-33		
1452	14.5200	2	-38		
1453	14.5300	2	-43		
1454	14.5400	2	-47		
1455	14.5500	1	-51		
1456	14.5600	1	-55		
1457	14.5700	1	-58		
1458	14.5800	0	-62		
1459	14.5900	0	-64		
1460	14.6000	0	-67		
1461	14.6100	0	-69		
1462	14.6200	0	-70		
1463	14.6300	0	-72		
1464	14.6400	0	-73		
1465	14.6500	0	-73		
1466	14.6600	-1	-73		
1467	14.6700	-1	-73		
1468	14.6800	-1	-72		
1469	14.6900	-1	-71		
1470	14.7000	-1	-70		
1471	14.7100	-1	-68		
1472	14.7200	-1	-66		
1473	14.7300	-1	-63		
1474	14.7400	-1	-60		
1475	14.7500	0	-56		
1476	14.7600	0	-53		
1477	14.7700	0	-49		
1478	14.7800	0	-44		
1479	14.7900	0	-40		
1480	14.8000	0	-35		
1481	14.8100	0	-30		
1482	14.8200	0	-25		
1483	14.8300	1	-20		
1484	14.8400	1	-14		
1485	14.8500	1	-9		
1486	14.8600	2	-3		
1487	14.8700	2	2		
1488	14.8800	2	8		
1489	14.8900	2	14		
1490	14.9000	3	19		
1491	14.9100	3	25		
1492	14.9200	3	30		
1493	14.9300	4	36		
1494	14.9400	4	41		
1495	14.9500	4	46		
1496	14.9600	4	50		
1497	14.9700	5	55		
1498	14.9800	5	59		
1499	14.9900	5	63		
1500	15.0000	6	67		
1501	15.0100	6	70		
1502	15.0200	6	74		
1503	15.0300	6	76		
1504	15.0400	6	78		
1505	15.0500	6	80		
1506	15.0600	7	82		
1507	15.0700	7	83		
1508	15.0800	7	84		
1509	15.0900	7	84		
1510	15.1000	7	84		
1511	15.1100	7	84		
1512	15.1200	7	84		
1513	15.1300	7	82		
1514	15.1400	7	81		
1515	15.1500	7	79		
1516	15.1600	7	76		
1517	15.1700	7	74		
1518	15.1800	7	71		
1519	15.1900	7	67		
1520	15.2000	7	64		
1521	15.2100	7	60		
1522	15.2200	7	56		
1523	15.2300	6	51		
1524	15.2400	6	46		
1525	15.2500	6	41		
1526	15.2600	6	36		
1527	15.2700	6	31		
1528	15.2800	6	26		
1529	15.2900	5	20		
1530	15.3000	5	15		
1531	15.3100	5	9		
1532	15.3200	4	4		
1533	15.3300	4	-2		
1534	15.3400	4	-8		
1535	15.3500	4	-13		
1536	15.3600	3	-18		
1537	15.3700	3	-24		
1538	15.3800	3	-28		
1539	15.3900	2	-34		
1540	15.4000	2	-38		
1541	15.4100	2	-43		
1542	15.4200	2	-47		
1543	15.4300	1	-51		
1544	15.4400	1	-54		
1545	15.4500	1	-58		
1546	15.4600	1	-60		
1547	15.4700	0	-63		
1548	15.4800	0	-66		
1549	15.4900	0	-67		
1550	15.5000	0	-69		
1551	15.5100	0	-70		
1552	15.5200	0	-71		
1553	15.5300	0	-71		
1554	15.5400	-1	-71		
1555	15.5500	-1	-70		
1556	15.5600	-1	-70		
1557	15.5700	-1	-68		
1558	15.5800	-1	-67		
1559	15.5900	-1	-65		
1560	15.6000	-1	-62		
1561	15.6100	-1	-60		
1562	15.6200	-1	-57		
1563	15.6300	0	-54		
1564	15.6400	0	-50		
1565	15.6500	0	-46		
1566	15.6600	0	-42		
1567	15.6700	0	-37		
1568	15.6800	0	-32		
1569	15.6900	0	-28		
1570	15.7000	0	-23		
1571	15.7100	1	-18		
1572	15.7200	1	-12		
1573	15.7300	1	-7		
1574	15.7400	2	-1		
1575	15.7500	2	4		
1576	15.7600	2	10		
1577	15.7700	2	15		
1578	15.7800	2	20		
1579	15.7900	3	26		
1580	15.8000	3	31		
1581	15.8100	4	36		
1582	15.8200	4	41		
1583	15.8300	4	46		
1584	15.8400	4	50		
1585	15.8500	4	55		
1586	15.8600	5	59		
1587	15.8700	5	63		
1588	15.8800	6	66		
1589	15.8900	6	70		
1590	15.9000	6	72		
1591	15.9100	6	75		
1592	15.9200	6	77		
1593	15.9300	6	79		
1594	15.9400	7	80		
1595	15.9500	7	81		
1596	15.9600	7	82		
1597	15.9700	7	82		
1598	15.9800	7	82		
1599	15.9900	7	82		
1600	16.0000	7	81		
1601	16.0100	7	80		
1602	16.0200	7	78		
1603	16.0300	7	76		
1604	16.0400	7	74		
1605	16.0500	7	71		
1606	16.0600	7	68		
1607	16.0700	7	64		
1608	16.0800	7	61		
1609	16.0900	7	57		
1610	16.1000	7	53		
1611	16.1100	7	48		
1612	16.1200	6	44		
1613	16.1300	6	39		
1614	16.1400	6	34		
1615	16.1500	6	29		
1616	16.1600	6	24		
1617	16.1700	5	18		
1618	16.1800	5	13		
1619	16.1900	5	7		
1620	16.2000	4	2		
1621	16.2100	4	-4		
1622	16.2200	4	-9		
1623	16.2300	4	-14		
1624	16.2400	4	-19		
1625	16.2500	3	-24		
1626	16.2600	3	-29		
1627	16.2700	2	-34		
1628	16.2800	2	-38		
1629	16.2900	2	-42		
1630	16.3000	2	-46		
1631	16.3100	2	-50		
1632	16.3200	1	-54		
1633	16.3300	1	-56		
1634	16.3400	1	-59		
1635	16.3500	0	-62		
1636	16.3600	0	-64		
1637	16.3700	0	-66		
1638	16.3800	0	-67		
1639	16.3900	0	-68		
1640	16.4000	0	-68		
1641	16.4100	0	-69		
1642	16.4200	0	-68		
1643	16.4300	-1	-68		
1644	16.4400	-1	-67		
1645	16.4500	-1	-66		
1646	16.4600	-1	-64		
1647	16.4700	-1	-62		
1648	16.4800	-1	-60		
1649	16.4900	-1	-57		
1650	16.5000	-1	-54		
1651	16.5100	-1	-51		
1652	16.5200	0	-47		
1653	16.5300	0	-43		
1654	16.5400	0	-39		
1655	16.5500	0	-34		
1656	16.5600	0	-30		
1657	16.5700	0	-25		
1658	16.5800	0	-20		
1659	16.5900	1	-15		
1660	16.6000	1	-10		
1661	16.6100	1	-5		
1662	16.6200	2	0		
1663	16.6300	2	6		
1664	16.6400	2	11		
1665	16.6500	2	16		
1666	16.6600	2	22		
1667	16.6700	3	27		
1668	16.6800	3	32		
1669	16.6900	3	37		
1670	16.7000	4	42		
1671	16.7100	4	46		
1672	16.7200	4	50		
1673	16.7300	4	54		
1674	16.7400	5	58		
1675	16.7500	5	62		
1676	16.7600	5	65		
1677	16.7700	6	68		
1678	16.7800	6	71		
1679	16.7900	6	73		
1680	16.8000	6	75		
1681	16.8100	6	77		
1682	16.8200	6	78		
1683	16.8300	7	79		
1684	16.8400	7	80		
1685	16.8500	7	80		
1686	16.8600	7	80		
1687	16.8700	7	79		
1688	16.8800	7	78		
1689	16.8900	7	77		
1690	16.9000	7	75		
1691	16.9100	7	73		
1692	16.9200	7	70		
1693	16.9300	7	68		
1694	16.9400	7	65		
1695	16.9500	7	62		
1696	16.9600	7	58		
1697	16.9700	7	54		
1698	16.9800	7	50		
1699	16.9900	7	46		
1700	17.0000	6	41		
1701	17.0100	6	36		
1702	17.0200	6	32		
1703	17.0300	6	26		
1704	17.0400	6	21		
1705	17.0500	6	16		
1706	17.0600	5	11		
1707	17.0700	5	6		
1708	17.0800	5	0		
1709	17.0900	4	-4		
1710	17.1000	4	-10		
1711	17.1100	4	-15		
1712	17.1200	4	-20		
1713	17.1300	3	-24		
1714	17.1400	3	-29		
1715	17.1500	3	-34		
1716	17.1600	2	-38		
1717	17.1700	2	-42		
1718	17.1800	2	-46		
1719	17.1900	2	-49		
1720	17.2000	1	-52		
1721	17.2100	1	-55		
1722	17.2200	1	-58		
1723	17.2300	0	-60		
1724	17.2400	0	-62		
1725	17.2500	0	-64		
1726	17.2600	0	-65		
1727	17.2700	0	-66		
1728	17.2800	0	-66		
1729	17.2900	0	-66		
1730	17.3000	0	-66		
1731	17.3100	0	-65		
1732	17.3200	-1	-64		
1733	17.3300	-1	-63		
1734	17.3400	-1	-61		
1735	17.3500	-1	-59		
1736	17.3600	-1	-57		
1737	17.3700	-1	-54		
1738	17.3800	-1	-51		
1739	17.3900	-1	-48		
1740	17.4000	0	-44		
1741	17.4100	0	-40		
1742	17.4200	0	-36		
1743	17.4300	0	-32		
1744	17.4400	0	-28		
1745	17.4500	0	-23		
1746	17.4600	0	-18		
1747	17.4700	0	-13		
1748	17.4800	1	-8		
1749	17.4900	1	-3		
1750	17.5000	1	2		
1751	17.5100	2	7		
1752	17.5200	2	12		
1753	17.5300	2	18		
1754	17.5400	2	22		
1755	17.5500	2	28		
1756	17.5600	3	32		
1757	17.5700	3	37		
1758	17.5800	4	42		
1759	17.5900	4	46		
1760	17.6000	4	50		
1761	17.6100	4	54		
1762	17.6200	4	58		
1763	17.6300	5	61		
1764	17.6400	5	64		
1765	17.6500	6	67		
1766	17.6600	6	69		
1767	17.6700	6	72		
1768	17.6800	6	73		
1769	17.6900	6	75		
1770	17.7000	6	76		
1771	17.7100	7	77		
1772	17.7200	7	77		
1773	17.7300	7	77		
1774	17.7400	7	77		
1775	17.7500	7	76		
1776	17.7600	7	75		
1777	17.7700	7	74		
1778	17.7800	7	72		
1779	17.7900	7	70		
1780	17.8000	7	68		
1781	17.8100	7	65		
1782	17.8200	7	62		
1783	17.8300	7	58		
1784	17.8400	7	55		
1785	17.8500	7	51		
1786	17.8600	7	47		
1787	17.8700	7	43		
1788	17.8800	6	38		
1789	17.8900	6	34		
1790	17.9000	6	29		
1791	17.9100	6	24		
1792	17.9200	6	20		
1793	17.9300	6	14		
1794	17.9400	5	10		
1795	17.9500	5	4		
1796	17.9600	5	0		
1797	17.9700	4	-6		
1798	17.9800	4	-10		
1799	17.9900	4	-15		
1800	18.0000	4	-20		
1801	18.0100	3	-24		
1802	18.0200	3	-29		
1803	18.0300	3	-33		
1804	18.0400	2	-37		
1805	18.0500	2	-41		
1806	18.0600	2	-44		
1807	18.0700	2	-48		
1808	18.0800	2	-51		
1809	18.0900	1	-54		
1810	18.1000	1	-56		
1811	18.1100	1	-58		
1812	18.1200	0	-60		
1813	18.1300	0	-61		
1814	18.1400	0	-62		
1815	18.1500	0	-63		
1816	18.1600	0	-63		
1817	18.1700	0	-63		
1818	18.1800	0	-63		
1819	18.1900	0	-62		
1820	18.2000	-1	-61		
1821	18.2100	-1	-60		
1822	18.2200	-1	-58		
1823	18.2300	-1	-56		
1824	18.2400	-1	-54		
1825	18.2500	-1	-51		
1826	18.2600	-1	-48		
1827	18.2700	-1	-45		
1828	18.2800	0	-41		
1829	18.2900	0	-38		
1830	18.3000	0	-34		
1831	18.3100	0	-29		
1832	18.3200	0	-25		
1833	18.3300	0	-20		
1834	18.3400	0	-16		
1835	18.3500	0	-11		
1836	18.3600	1	-6		
1837	18.3700	1	-1		
1838	18.3800	1	4		
1839	18.3900	2	8		
1840	18.4000	2	14		
1841	18.4100	2	18		
1842	18.4200	2	23		
1843	18.4300	2	28		
1844	18.4400	3	32		
1845	18.4500	3	37		
1846	18.4600	4	41		
1847	18.4700	4	45		
1848	18.4800	4	49		
1849	18.4900	4	53		
1850	18.5000	4	56		
1851	18.5100	5	60		
1852	18.5200	5	62		
1853	18.5300	5	65		
1854	18.5400	6	67		
1855	18.5500	6	69		
1856	18.5600	6	71		
1857	18.5700	6	72		
1858	18.5800	6	73		
1859	18.5900	6	74		
1860	18.6000	7	74		
1861	18.6100	7	74		
1862	18.6200	7	74		
1863	18.6300	7	73		
1864	18.6400	7	72		
1865	18.6500	7	70		
1866	18.6600	7	69		
1867	18.6700	7	67		
1868	18.6800	7	64		
1869	18.6900	7	62		
1870	18.7000	7	59		
1871	18.7100	7	56		
1872	18.7200	7	52		
1873	18.7300	7	48		
1874	18.7400	7	44		
1875	18.7500	7	40		
1876	18.7600	6	36		
1877	18.7700	6	32		
1878	18.7800	6	27		
1879	18.7900	6	22		
1880	18.8000	6	18		
1881	18.8100	6	13		
1882	18.8200	6	8		
1883	18.8300	5	3		
1884	18.8400	5	-2		
1885	18.8500	4	-6		
1886	18.8600	4	-11		
1887	18.8700	4	-16		
1888	18.8800	4	-20		
1889	18.8900	4	-24		
1890	18.9000	3	-29		
1891	18.9100	3	-33		
1892	18.9200	2	-36		
1893	18.9300	2	-40		
1894	18.9400	2	-44		
1895	18.9500	2	-46		
1896	18.9600	2	-49		
1897	18.9700	1	-52		
1898	18.9800	1	-54		
1899	18.9900	1	-56		
1900	19.0000	0	-58		
1901	19.0100	0	-59		
1902	19.0200	0	-60		
1903	19.0300	0	-60		
1904	19.0400	0	-60		
1905	19.0500	0	-60		
1906	19.0600	0	-60		
1907	19.0700	0	-59		
1908	19.0800	-1	-58		
1909	19.0900	-1	-56		
1910	19.1000	-1	-55		
1911	19.1100	-1	-53		
1912	19.1200	-1	-50		
1913	19.1300	-1	-48		
1914	19.1400	-1	-45		
1915	19.1500	-1	-42		
1916	19.1600	-1	-38		
1917	19.1700	0	-34		
1918	19.1800	0	-31		
1919	19.1900	0	-26		
1920	19.2000	0	-22		
1921	19.2100	0	-18		
1922	19.2200	0	-14		
1923	19.2300	0	-9		
1924	19.2400	0	-4		
1925	19.2500	1	0		
1926	19.2600	1	5		
1927	19.2700	1	10		
1928	19.2800	2	14		
1929	19.2900	2	19		
1930	19.3000	2	24		
1931	19.3100	2	28		
1932	19.3200	3	32		
1933	19.3300	3	37		
1934	19.3400	3	41		
1935	19.3500	4	45		
1936	19.3600	4	48		
1937	19.3700	4	52		
1938	19.3800	4	55		
1939	19.3900	4	58		
1940	19.4000	5	61		
1941	19.4100	5	63		
1942	19.4200	6	65		
1943	19.4300	6	67		
1944	19.4400	6	68		
1945	19.4500	6	70		
1946	19.4600	6	70		
1947	19.4700	6	71		
1948	19.4800	6	71		
1949	19.4900	7	71		
1950	19.5000	7	71		
1951	19.5100	7	70		
1952	19.5200	7	69		
1953	19.5300	7	67		
1954	19.5400	7	66		
1955	19.5500	7	64		
1956	19.5600	7	61		
1957	19.5700	7	58		
1958	19.5800	7	56		
1959	19.5900	7	52		
1960	19.6000	7	49		
1961	19.6100	7	45		
1962	19.6200	7	42		
1963	19.6300	7	38		
1964	19.6400	6	34		
1965	19.6500	6	29		
1966	19.6600	6	25		
1967	19.6700	6	20		
1968	19.6800	6	16		
1969	19.6900	6	11		
1970	19.7000	6	7		
1971	19.7100	5	2		
1972	19.7200	5	-2		
1973	19.7300	5	-7		
1974	19.7400	4	-12		
1975	19.7500	4	-16		
1976	19.7600	4	-20		
1977	19.7700	4	-24		
1978	19.7800	3	-28		
1979	19.7900	3	-32		
1980	19.8000	3	-36		
1981	19.8100	2	-39		
1982	19.8200	2	-42		
1983	19.8300	2	-45		
1984	19.8400	2	-48		
1985	19.8500	1	-50		
1986	19.8600	1	-52		
1987	19.8700	1	-54		
1988	19.8800	1	-55		
1989	19.8900	0	-56		
1990	19.9000	0	-57		
1991	19.9100	0	-57		
1992	19.9200	0	-58		
1993	19.9300	0	-57		
1994	19.9400	0	-57		
1995	19.9500	0	-56		
1996	19.9600	0	-55		
1997	19.9700	-1	-53		
1998	19.9800	-1	-52		
1999	19.9900	-1	-50		
2000	20.0000	-1	-47		
2001	20.0100	-1	-44		
2002	20.0200	-1	-42		
2003	20.0300	-1	-38		
2004	20.0400	-1	-35		
2005	20.0500	0	-32		
2006	20.0600	0	-28		
2007	20.0700	0	-24		
2008	20.0800	0	-20		
2009	20.0900	0	-16		
2010	20.1000	0	-12		
2011	20.1100	0	-7		
2012	20.1200	0	-2		
2013	20.1300	1	2		
2014	20.1400	1	6		
2015	20.1500	1	11		
2016	20.1600	2	15		
2017	20.1700	2	20		
2018	20.1800	2	24		
2019	20.1900	2	28		
2020	20.2000	2	32		
2021	20.2100	3	36		
2022	20.2200	3	40		
2023	20.2300	4	44		
2024	20.2400	4	47		
2025	20.2500	4	50		
2026	20.2600	4	54		
2027	20.2700	4	56		
2028	20.2800	5	59		
2029	20.2900	5	61		
2030	20.3000	5	63		
2031	20.3100	6	64		
2032	20.3200	6	66		
2033	20.3300	6	67		
2034	20.3400	6	68		
2035	20.3500	6	68		
2036	20.3600	6	68		
2037	20.3700	7	68		
2038	20.3800	7	67		
2039	20.3900	7	66		
2040	20.4000	7	65		
2041	20.4100	7	64		
2042	20.4200	7	62		
2043	20.4300	7	60		
2044	20.4400	7	58		
2045	20.4500	7	55		
2046	20.4600	7	52		
2047	20.4700	7	49		
2048	20.4800	7	46		
2049	20.4900	7	42		
2050	20.5000	7	39		
2051	20.5100	7	35		
2052	20.5200	7	31		
2053	20.5300	6	27		
2054	20.5400	6	23		
2055	20.5500	6	18		
2056	20.5600	6	14		
2057	20.5700	6	10		
2058	20.5800	6	6		
2059	20.5900	5	1		
2060	20.6000	5	-3		
2061	20.6100	5	-8		
2062	20.6200	4	-12		
2063	20.6300	4	-16		
2064	20.6400	4	-20		
2065	20.6500	4	-24		
2066	20.6600	4	-27		
2067	20.6700	3	-31		
2068	20.6800	3	-34		
2069	20.6900	2	-37		
2070	20.7000	2	-40		
2071	20.7100	2	-43		
2072	20.7200	2	-45		
2073	20.7300	2	-47		
2074	20.7400	1	-49		
2075	20.7500	1	-51		
2076	20.7600	1	-52		
2077	20.7700	0	-53		
2078	20.7800	0	-54		
2079	20.7900	0	-54		
2080	20.8000	0	-54		
2081	20.8100	0	-54		
2082	20.8200	0	-53		
2083	20.8300	0	-52		
2084	20.8400	0	-51		
2085	20.8500	0	-50		
2086	20.8600	-1	-48		
2087	20.8700	-1	-46		
2088	20.8800	-1	-44		
2089	20.8900	-1	-41		
2090	20.9000	-1	-38		
2091	20.9100	-1	-36		
2092	20.9200	-1	-32		
2093	20.9300	0	-29		
2094	20.9400	0	-25		
2095	20.9500	0	-22		
2096	20.9600	0	-18		
2097	20.9700	0	-14		
2098	20.9800	0	-10		
2099	20.9900	0	-6		
2100	21.0000	0	-1		
2101	21.0100	1	3		
2102	21.0200	1	7		
2103	21.0300	1	12		
2104	21.0400	2	16		
2105	21.0500	2	20		
2106	21.0600	2	24		
2107	21.0700	2	28		
2108	21.0800	2	32		
2109	21.0900	3	36		
2110	21.1000	3	39		
2111	21.1100	3	42		
2112	21.1200	4	46		
2113	21.1300	4	49		
2114	21.1400	4	52		
2115	21.1500	4	54		
2116	21.1600	5	56		
2117	21.1700	5	58		
2118	21.1800	5	60		
2119	21.1900	6	62		
2120	21.2000	6	63		
2121	21.2100	6	64		
2122	21.2200	6	64		
2123	21.2300	6	65		
2124	21.2400	6	65		
2125	21.2500	7	64		
2126	21.2600	7	64		
2127	21.2700	7	63		
2128	21.2800	7	62		
2129	21.2900	7	60		
2130	21.3000	7	59		
2131	21.3100	7	57		
2132	21.3200	7	54		
2133	21.3300	7	52		
2134	21.3400	7	49		
2135	21.3500	7	46		
2136	21.3600	7	43		
2137	21.3700	7	40		
2138	21.3800	7	36		
2139	21.3900	7	33		
2140	21.4000	7	29		
2141	21.4100	6	25		
2142	21.4200	6	21		
2143	21.4300	6	17		
2144	21.4400	6	13		
2145	21.4500	6	9		
2146	21.4600	6	5		
2147	21.4700	6	1		
2148	21.4800	5	-4		
2149	21.4900	5	-8		
2150	21.5000	5	-12		
2151	21.5100	4	-15		
2152	21.5200	4	-19		
2153	21.5300	4	-22		
2154	21.5400	4	-26		
2155	21.5500	3	-29		
2156	21.5600	3	-32		
2157	21.5700	3	-35		
2158	21.5800	2	-38		
2159	21.5900	2	-40		
2160	21.6000	2	-43		
2161	21.6100	2	-44		
2162	21.6200	2	-46		
2163	21.6300	1	-48		
2164	21.6400	1	-49		
2165	21.6500	0	-50		
2166	21.6600	0	-50		
2167	21.6700	0	-50		
2168	21.6800	0	-50		
2169	21.6900	0	-50		
2170	21.7000	0	-50		
2171	21.7100	0	-49		
2172	21.7200	0	-48		
2173	21.7300	0	-46		
2174	21.7400	-1	-44		
2175	21.7500	-1	-43		
2176	21.7600	-1	-40		
2177	21.7700	-1	-38		
2178	21.7800	-1	-35		
2179	21.7900	-1	-32		
2180	21.8000	-1	-30		
2181	21.8100	-1	-26		
2182	21.8200	0	-23		
2183	21.8300	0	-19		
2184	21.8400	0	-16		
2185	21.8500	0	-12		
2186	21.8600	0	-8		
2187	21.8700	0	-4		
2188	21.8800	0	0		
2189	21.8900	0	4		
2190	21.9000	1	8		
2191	21.9100	1	12		
2192	21.9200	1	16		
2193	21.9300	2	20		
2194	21.9400	2	24		
2195	21.9500	2	27		
2196	21.9600	2	31		
2197	21.9700	2	34		
2198	21.9800	3	38		
2199	21.9900	3	41		
2200	22.0000	4	44		
2201	22.0100	4	47		
2202	22.0200	4	49		
2203	22.0300	4	52		
2204	22.0400	4	54		
2205	22.0500	5	56		
2206	22.0600	5	57		
2207	22.0700	5	58		
2208	22.0800	6	60		
2209	22.0900	6	60		
2210	22.1000	6	61		
2211	22.1100	6	61		
2212	22.1200	6	61		
2213	22.1300	6	61		
2214	22.1400	7	60		
2215	22.1500	7	59		
2216	22.1600	7	58		
2217	22.1700	7	57		
2218	22.1800	7	55		
2219	22.1900	7	53		
2220	22.2000	7	51		
2221	22.2100	7	49		
2222	22.2200	7	46		
2223	22.2300	7	43		
2224	22.2400	7	40		
2225	22.2500	7	37		
2226	22.2600	7	34		
2227	22.2700	7	30		
2228	22.2800	7	27		
2229	22.2900	7	23		
2230	22.3000	6	20		
2231	22.3100	6	16		
2232	22.3200	6	12		
2233	22.3300	6	8		
2234	22.3400	6	4		
2235	22.3500	6	0		
2236	22.3600	5	-4		
2237	22.3700	5	-7		
2238	22.3800	5	-11		
2239	22.3900	4	-14		
2240	22.4000	4	-18		
2241	22.4100	4	-22		
2242	22.4200	4	-24		
2243	22.4300	3	-28		
2244	22.4400	3	-30		
2245	22.4500	3	-33		
2246	22.4600	2	-36		
2247	22.4700	2	-38		
2248	22.4800	2	-40		
2249	22.4900	2	-42		
2250	22.5000	2	-43		
2251	22.5100	1	-44		
2252	22.5200	1	-46		
2253	22.5300	1	-46		
2254	22.5400	0	-47		
2255	22.5500	0	-47		
2256	22.5600	0	-47		
2257	22.5700	0	-46		
2258	22.5800	0	-46		
2259	22.5900	0	-45		
2260	22.6000	0	-44		
2261	22.6100	0	-42		
2262	22.6200	-1	-41		
2263	22.6300	-1	-39		
2264	22.6400	-1	-37		
2265	22.6500	-1	-35		
2266	22.6600	-1	-32		
2267	22.6700	-1	-30		
2268	22.6800	-1	-26		
2269	22.6900	-1	-24		
2270	22.7000	0	-20		
2271	22.7100	0	-17		
2272	22.7200	0	-14		
2273	22.7300	0	-10		
2274	22.7400	0	-6		
2275	22.7500	0	-3		
2276	22.7600	0	1		
2277	22.7700	0	5		
2278	22.7800	1	8		
2279	22.7900	1	12		
2280	22.8000	1	16		
2281	22.8100	2	20		
2282	22.8200	2	23		
2283	22.8300	2	26		
2284	22.8400	2	30		
2285	22.8500	2	33		
2286	22.8600	3	36		
2287	22.8700	3	39		
2288	22.8800	3	42		
2289	22.8900	4	44		
2290	22.9000	4	47		
2291	22.9100	4	49		
2292	22.9200	4	51		
2293	22.9300	5	52		
2294	22.9400	5	54		
2295	22.9500	5	55		
2296	22.9600	6	56		
2297	22.9700	6	57		
2298	22.9800	6	57		
2299	22.9900	6	58		
2300	23.0000	6	58		
2301	23.0100	6	57		
2302	23.0200	7	56		
2303	23.0300	7	56		
2304	23.0400	7	54		
2305	23.0500	7	53		
2306	23.0600	7	52		
2307	23.0700	7	50		
2308	23.0800	7	48		
2309	23.0900	7	46		
2310	23.1000	7	43		
2311	23.1100	7	40		
2312	23.1200	7	38		
2313	23.1300	7	34		
2314	23.1400	7	32		
2315	23.1500	7	28		
2316	23.1600	7	25		
2317	23.1700	7	22		
2318	23.1800	6	18		
2319	23.1900	6	15		
2320	23.2000	6	11		
2321	23.2100	6	7		
2322	23.2200	6	4		
2323	23.2300	6	0		
2324	23.2400	5	-3		
2325	23.2500	5	-7		
2326	23.2600	5	-10		
2327	23.2700	4	-14		
2328	23.2800	4	-17		
2329	23.2900	4	-20		
2330	23.3000	4	-23		
2331	23.3100	4	-26		
2332	23.3200	3	-28		
2333	23.3300	3	-31		
2334	23.3400	2	-33		
2335	23.3500	2	-35		
2336	23.3600	2	-37		
2337	23.3700	2	-38		
2338	23.3800	2	-40		
2339	23.3900	1	-41		
2340	23.4000	1	-42		
2341	23.4100	1	-43		
2342	23.4200	0	-43		
2343	23.4300	0	-43		
2344	23.4400	0	-43		
2345	23.4500	0	-43		
2346	23.4600	0	-42		
2347	23.4700	0	-42		
2348	23.4800	0	-40		
2349	23.4900	0	-39		
2350	23.5000	0	-38		
2351	23.5100	-1	-36		
2352	23.5200	-1	-34		
2353	23.5300	-1	-32		
2354	23.5400	-1	-29		
2355	23.5500	-1	-26		
2356	23.5600	-1	-24		
2357	23.5700	-1	-21		
2358	23.5800	0	-18		
2359	23.5900	0	-15		
2360	23.6000	0	-12		
2361	23.6100	0	-8		
2362	23.6200	0	-5		
2363	23.6300	0	-2		
2364	23.6400	0	2		
2365	23.6500	0	5		
2366	23.6600	0	9		
2367	23.6700	1	12		
2368	23.6800	1	16		
2369	23.6900	1	19		
2370	23.7000	2	22		
2371	23.7100	2	25		
2372	23.7200	2	28		
2373	23.7300	2	32		
2374	23.7400	2	34		
2375	23.7500	3	37		
2376	23.7600	3	40		
2377	23.7700	4	42		
2378	23.7800	4	44		
2379	23.7900	4	46		
2380	23.8000	4	48		
2381	23.8100	4	49		
2382	23.8200	5	50		
2383	23.8300	5	52		
2384	23.8400	5	52		
2385	23.8500	6	53		
2386	23.8600	6	54		
2387	23.8700	6	54		
2388	23.8800	6	54		
2389	23.8900	6	53		
2390	23.9000	6	53		
2391	23.9100	7	52		
2392	23.9200	7	51		
2393	23.9300	7	50		
2394	23.9400	7	48		
2395	23.9500	7	46		
2396	23.9600	7	44		
2397	23.9700	7	42		
2398	23.9800	7	40		
2399	23.9900	7	38		
2400	24.0000	7	35		
2401	24.0100	7	32		
2402	24.0200	7	29		
2403	24.0300	7	26		
2404	24.0400	7	23		
2405	24.0500	7	20		
2406	24.0600	6	17		
2407	24.0700	6	14		
2408	24.0800	6	10		
2409	24.0900	6	7		
2410	24.1000	6	4		
2411	24.1100	6	0		
2412	24.1200	6	-3		
2413	24.1300	5	-6		
2414	24.1400	5	-9		
2415	24.1500	5	-12		
2416	24.1600	4	-15		
2417	24.1700	4	-18		
2418	24.1800	4	-21		
2419	24.1900	4	-24		
2420	24.2000	3	-26		
2421	24.2100	3	-28		
2422	24.2200	3	-30		
2423	24.2300	2	-32		
2424	24.2400	2	-34		
2425	24.2500	2	-35		
2426	24.2600	2	-36		
2427	24.2700	2	-38		
2428	24.2800	1	-38		
2429	24.2900	1	-39		
2430	24.3000	1	-39		
2431	24.3100	0	-40		
2432	24.3200	0	-39		
2433	24.3300	0	-39		
2434	24.3400	0	-38		
2435	24.3500	0	-38		
2436	24.3600	0	-36		
2437	24.3700	0	-35		
2438	24.3800	0	-34		
2439	24.3900	-1	-32		
2440	24.4000	-1	-30		
2441	24.4100	-1	-28		
2442	24.4200	-1	-26		
2443	24.4300	-1	-24		
2444	24.4400	-1	-21		
2445	24.4500	-1	-18		
2446	24.4600	-1	-16		
2447	24.4700	0	-13		
2448	24.4800	0	-10		
2449	24.4900	0	-7		
2450	24.5000	0	-4		
2451	24.5100	0	-1		
2452	24.5200	0	2		
2453	24.5300	0	6		
2454	24.5400	0	9		
2455	24.5500	1	12		
2456	24.5600	1	15		
2457	24.5700	1	18		
2458	24.5800	2	21		
2459	24.5900	2	24		
2460	24.6000	2	27		
2461	24.6100	2	30		
2462	24.6200	2	32		
2463	24.6300	3	35		
2464	24.6400	3	37		
2465	24.6500	3	39		
2466	24.6600	4	41		
2467	24.6700	4	43		
2468	24.6800	4	44		
2469	24.6900	4	46		
2470	24.7000	5	47		
2471	24.7100	5	48		
2472	24.7200	5	49		
2473	24.7300	6	49		
2474	24.7400	6	50		
2475	24.7500	6	50		
2476	24.7600	6	50		
2477	24.7700	6	49		
2478	24.7800	6	49		
2479	24.7900	6	48		
2480	24.8000	7	47		
2481	24.8100	7	46		
2482	24.8200	7	44		
2483	24.8300	7	43		
2484	24.8400	7	41		
2485	24.8500	7	39		
2486	24.8600	7	37		
2487	24.8700	7	35		
2488	24.8800	7	32		
2489	24.8900	7	30		
2490	24.9000	7	27		
2491	24.9100	7	24		
2492	24.9200	7	22		
2493	24.9300	7	18		
2494	24.9400	6	16		
2495	24.9500	6	13		
2496	24.9600	6	10		
2497	24.9700	6	6		
2498	24.9800	6	4		
2499	24.9900	6	0		
2500	25.0000	6	-2		
2501	25.0100	5	-6		
2502	25.0200	5	-8		
2503	25.0300	5	-11		
2504	25.0400	4	-14		
2505	25.0500	4	-16		
2506	25.0600	4	-19		
2507	25.0700	4	-21		
2508	25.0800	4	-23		
2509	25.0900	3	-25		
2510	25.1000	3	-27		
2511	25.1100	2	-29		
2512	25.1200	2	-30		
2513	25.1300	2	-32		
2514	25.1400	2	-33		
2515	25.1500	2	-34		
2516	25.1600	1	-34		
2517	25.1700	1	-35		
2518	25.1800	1	-35		
2519	25.1900	0	-36		
2520	25.2000	0	-35		
2521	25.2100	0	-35		
2522	25.2200	0	-34		
2523	25.2300	0	-34		
2524	25.2400	0	-33		
2525	25.2500	0	-32		
2526	25.2600	0	-30		
2527	25.2700	0	-29		
2528	25.2800	-1	-27		
2529	25.2900	-1	-25		
2530	25.3000	-1	-23		
2531	25.3100	-1	-21		
2532	25.3200	-1	-19		
2533	25.3300	-1	-16		
2534	25.3400	-1	-14		
2535	25.3500	0	-11		
2536	25.3600	0	-8		
2537	25.3700	0	-6		
2538	25.3800	0	-3		
2539	25.3900	0	0		
2540	25.4000	0	3		
2541	25.4100	0	6		
2542	25.4200	0	9		
2543	25.4300	1	12		
2544	25.4400	1	14		
2545	25.4500	1	17		
2546	25.4600	1	20		
2547	25.4700	2	23		
2548	25.4800	2	25		
2549	25.4900	2	28		
2550	25.5000	2	30		
2551	25.5100	3	32		
2552	25.5200	3	34		
2553	25.5300	3	36		
2554	25.5400	4	38		
2555	25.5500	4	40		
2556	25.5600	4	41		
2557	25.5700	4	42		
2558	25.5800	4	44		
2559	25.5900	5	44		
2560	25.6000	5	45		
2561	25.6100	6	46		
2562	25.6200	6	46		
2563	25.6300	6	46		
2564	25.6400	6	46		
2565	25.6500	6	45		
2566	25.6600	6	45		
2567	25.6700	6	44		
2568	25.6800	7	43		
2569	25.6900	7	42		
2570	25.7000	7	41		
2571	25.7100	7	39		
2572	25.7200	7	38		
2573	25.7300	7	36		
2574	25.7400	7	34		
2575	25.7500	7	32		
2576	25.7600	7	30		
2577	25.7700	7	28		
2578	25.7800	7	25		
2579	25.7900	7	23		
2580	25.8000	7	20		
2581	25.8100	7	18		
2582	25.8200	7	15		
2583	25.8300	6	12		
2584	25.8400	6	9		
2585	25.8500	6	6		
2586	25.8600	6	4		
2587	25.8700	6	1		
2588	25.8800	6	-2		
2589	25.8900	6	-4		
2590	25.9000	5	-7		
2591	25.9100	5	-10		
2592	25.9200	4	-12		
2593	25.9300	4	-14		
2594	25.9400	4	-16		
2595	25.9500	4	-18		
2596	25.9600	4	-20		
2597	25.9700	3	-22		
2598	25.9800	3	-24		
2599	25.9900	3	-26		
2600	26.0000	2	-27		
2601	26.0100	2	-28		
2602	26.0200	2	-29		
2603	26.0300	2	-30		
2604	26.0400	2	-30		
2605	26.0500	1	-31		
2606	26.0600	1	-31		
2607	26.0700	1	-32		
2608	26.0800	0	-31		
2609	26.0900	0	-31		
2610	26.1000	0	-30		
2611	26.1100	0	-30		
2612	26.1200	0	-29		
2613	26.1300	0	-28		
2614	26.1400	0	-27		
2615	26.1500	0	-26		
2616	26.1600	0	-24		
2617	26.1700	-1	-22		
2618	26.1800	-1	-20		
2619	26.1900	-1	-18		
2620	26.2000	-1	-16		
2621	26.2100	-1	-14		
2622	26.2200	-1	-12		
2623	26.2300	0	-10		
2624	26.2400	0	-7		
2625	26.2500	0	-5		
2626	26.2600	0	-2		
2627	26.2700	0	0		
2628	26.2800	0	3		
2629	26.2900	0	6		
2630	26.3000	0	8		
2631	26.3100	0	11		
2632	26.3200	1	13		
2633	26.3300	1	16		
2634	26.3400	1	18		
2635	26.3500	2	21		
2636	26.3600	2	23		
2637	26.3700	2	25		
2638	26.3800	2	27		
2639	26.3900	2	29		
2640	26.4000	3	31		
2641	26.4100	3	33		
2642	26.4200	4	34		
2643	26.4300	4	36		
2644	26.4400	4	37		
2645	26.4500	4	38		
2646	26.4600	4	40		
2647	26.4700	5	40		
2648	26.4800	5	41		
2649	26.4900	5	41		
2650	26.5000	6	42		
2651	26.5100	6	42		
2652	26.5200	6	42		
2653	26.5300	6	41		
2654	26.5400	6	41		
2655	26.5500	6	40		
2656	26.5600	7	40		
2657	26.5700	7	38		
2658	26.5800	7	37		
2659	26.5900	7	36		
2660	26.6000	7	34		
2661	26.6100	7	33		
2662	26.6200	7	31		
2663	26.6300	7	30		
2664	26.6400	7	28		
2665	26.6500	7	26		
2666	26.6600	7	23		
2667	26.6700	7	21		
2668	26.6800	7	19		
2669	26.6900	7	16		
2670	26.7000	7	14		
2671	26.7100	6	12		
2672	26.7200	6	9		
2673	26.7300	6	7		
2674	26.7400	6	4		
2675	26.7500	6	2		
2676	26.7600	6	0		
2677	26.7700	6	-3		
2678	26.7800	5	-5		
2679	26.7900	5	-8		
2680	26.8000	5	-10		
2681	26.8100	4	-12		
2682	26.8200	4	-14		
2683	26.8300	4	-16		
2684	26.8400	4	-18		
2685	26.8500	4	-19		
2686	26.8600	3	-20		
2687	26.8700	3	-22		
2688	26.8800	2	-23		
2689	26.8900	2	-24		
2690	26.9000	2	-25		
2691	26.9100	2	-26		
2692	26.9200	2	-27		
2693	26.9300	1	-27		
2694	26.9400	1	-27		
2695	26.9500	1	-28		
2696	26.9600	0	-27		
2697	26.9700	0	-27		
2698	26.9800	0	-27		
2699	26.9900	0	-26		
2700	27.0000	0	-26		
2701	27.0100	0	-24		
2702	27.0200	0	-24		
2703	27.0300	0	-22		
2704	27.0400	0	-21		
2705	27.0500	-1	-19		
2706	27.0600	-1	-18		
2707	27.0700	-1	-16		
2708	27.0800	-1	-14		
2709	27.0900	-1	-12		
2710	27.1000	-1	-10		
2711	27.1100	-1	-8		
2712	27.1200	0	-6		
2713	27.1300	0	-4		
2714	27.1400	0	-2		
2715	27.1500	0	1		
2716	27.1600	0	3		
2717	27.1700	0	5		
2718	27.1800	0	8		
2719	27.1900	0	10		
2720	27.2000	1	12		
2721	27.2100	1	14		
2722	27.2200	1	17		
2723	27.2300	2	19		
2724	27.2400	2	21		
2725	27.2500	2	23		
2726	27.2600	2	25		
2727	27.2700	2	26		
2728	27.2800	3	28		
2729	27.2900	3	30		
2730	27.3000	3	31		
2731	27.3100	4	32		
2732	27.3200	4	34		
2733	27.3300	4	35		
2734	27.3400	4	36		
2735	27.3500	4	36		
2736	27.3600	5	37		
2737	27.3700	5	37		
2738	27.3800	6	38		
2739	27.3900	6	38		
2740	27.4000	6	38		
2741	27.4100	6	38		
2742	27.4200	6	37		
2743	27.4300	6	36		
2744	27.4400	6	36		
2745	27.4500	7	35		
2746	27.4600	7	34		
2747	27.4700	7	33		
2748	27.4800	7	32		
2749	27.4900	7	30		
2750	27.5000	7	29		
2751	27.5100	7	27		
2752	27.5200	7	26		
2753	27.5300	7	24		
2754	27.5400	7	22		
2755	27.5500	7	20		
2756	27.5600	7	18		
2757	27.5700	7	16		
2758	27.5800	7	14		
2759	27.5900	6	12		
2760	27.6000	6	10		
2761	27.6100	6	7		
2762	27.6200	6	5		
2763	27.6300	6	3		
2764	27.6400	6	1		
2765	27.6500	6	-2		
2766	27.6600	5	-4		
2767	27.6700	5	-6		
2768	27.6800	5	-7		
2769	27.6900	4	-9		
2770	27.7000	4	-11		
2771	27.7100	4	-13		
2772	27.7200	4	-14		
2773	27.7300	4	-16		
2774	27.7400	3	-17		
2775	27.7500	3	-18		
2776	27.7600	3	-20		
2777	27.7700	2	-20		
2778	27.7800	2	-21		
2779	27.7900	2	-22		
2780	27.8000	2	-22		
2781	27.8100	1	-23		
2782	27.8200	1	-23		
2783	27.8300	1	-23		
2784	27.8400	1	-23		
2785	27.8500	0	-23		
2786	27.8600	0	-23		
2787	27.8700	0	-22		
2788	27.8800	0	-22		
2789	27.8900	0	-21		
2790	27.9000	0	-20		
2791	27.9100	0	-19		
2792	27.9200	0	-18		
2793	27.9300	0	-16		
2794	27.9400	-1	-15		
2795	27.9500	-1	-14		
2796	27.9600	-1	-12		
2797	27.9700	-1	-10		
2798	27.9800	-1	-9		
2799	27.9900	-1	-7		
2800	28.0000	0	-5		
2801	28.0100	0	-3		
2802	28.0200	0	-1		
2803	28.0300	0	1		
2804	28.0400	0	3		
2805	28.0500	0	5		
2806	28.0600	0	7		
2807	28.0700	0	9		
2808	28.0800	0	11		
2809	28.0900	1	13		
2810	28.1000	1	15		
2811	28.1100	1	17		
2812	28.1200	2	18		
2813	28.1300	2	20		
2814	28.1400	2	22		
2815	28.1500	2	24		
2816	28.1600	2	25		
2817	28.1700	3	26		
2818	28.1800	3	28		
2819	28.1900	4	29		
2820	28.2000	4	30		
2821	28.2100	4	31		
2822	28.2200	4	32		
2823	28.2300	4	32		
2824	28.2400	5	33		
2825	28.2500	5	33		
2826	28.2600	5	34		
2827	28.2700	6	34		
2828	28.2800	6	34		
2829	28.2900	6	33		
2830	28.3000	6	33		
2831	28.3100	6	32		
2832	28.3200	6	32		
2833	28.3300	6	31		
2834	28.3400	7	30		
2835	28.3500	7	30		
2836	28.3600	7	28		
2837	28.3700	7	28		
2838	28.3800	7	26		
2839	28.3900	7	25		
2840	28.4000	7	23		
