#	time(s)	count A	count B	count C	count D
1	0.0100	7	3		
2	0.0200	7	3		
3	0.0300	7	3		
4	0.0400	7	3		
5	0.0500	7	3		
6	0.0600	7	3		
7	0.0700	7	3		
8	0.0800	7	3		
9	0.0900	7	3		
10	0.1000	7	3		
11	0.1100	7	3		
12	0.1200	7	4		
13	0.1300	7	4		
14	0.1400	7	4		
15	0.1500	7	4		
16	0.1600	7	4		
17	0.1700	7	4		
18	0.1800	7	4		
19	0.1900	7	4		
20	0.2000	7	4		
21	0.2100	7	4		
22	0.2200	7	4		
23	0.2300	7	4		
24	0.2400	7	4		
25	0.2500	7	5		
26	0.2600	7	5		
27	0.2700	7	5		
28	0.2800	7	5		
29	0.2900	7	5		
30	0.3000	7	5		
31	0.3100	7	5		
32	0.3200	7	5		
33	0.3300	7	5		
34	0.3400	7	5		
35	0.3500	7	6		
36	0.3600	7	6		
37	0.3700	7	6		
38	0.3800	7	6		
39	0.3900	7	6		
40	0.4000	7	6		
41	0.4100	7	6		
42	0.4200	7	6		
43	0.4300	7	6		
44	0.4400	7	6		
45	0.4500	7	6		
46	0.4600	7	6		
47	0.4700	7	6		
48	0.4800	7	6		
49	0.4900	7	5		
50	0.5000	7	5		
51	0.5100	7	5		
52	0.5200	7	5		
53	0.5300	7	5		
54	0.5400	7	5		
55	0.5500	7	5		
56	0.5600	7	5		
57	0.5700	7	5		
58	0.5800	7	5		
59	0.5900	7	4		
60	0.6000	7	4		
61	0.6100	6	4		
62	0.6200	6	4		
63	0.6300	5	4		
64	0.6400	4	4		
65	0.6500	2	4		
66	0.6600	2	4		
67	0.6700	1	4		
68	0.6800	0	4		
69	0.6900	0	4		
70	0.7000	-1	3		
71	0.7100	-2	3		
72	0.7200	-3	3		
73	0.7300	-4	2		
74	0.7400	-4	2		
75	0.7500	-5	2		
76	0.7600	-6	2		
77	0.7700	-6	1		
78	0.7800	-6	1		
79	0.7900	-7	0		
80	0.8000	-8	0		
81	0.8100	-8	-1		
82	0.8200	-9	-1		
83	0.8300	-9	-2		
84	0.8400	-10	-2		
85	0.8500	-10	-3		
86	0.8600	-10	-3		
87	0.8700	-10	-4		
88	0.8800	-10	-4		
89	0.8900	-10	-5		
90	0.9000	-10	-6		
91	0.9100	-11	-6		
92	0.9200	-11	-7		
93	0.9300	-11	-8		
94	0.9400	-10	-8		
95	0.9500	-10	-9		
96	0.9600	-10	-9		
97	0.9700	-10	-10		
98	0.9800	-10	-10		
99	0.9900	-10	-11		
100	1.0000	-10	-11		
101	1.0100	-10	-12		
102	1.0200	-9	-12		
103	1.0300	-8	-13		
104	1.0400	-8	-13		
105	1.0500	-7	-14		
106	1.0600	-6	-14		
107	1.0700	-6	-14		
108	1.0800	-5	-14		
109	1.0900	-5	-14		
110	1.1000	-4	-14		
111	1.1100	-4	-14		
112	1.1200	-2	-14		
113	1.1300	-2	-14		
114	1.1400	-1	-14		
115	1.1500	0	-14		
116	1.1600	1	-13		
117	1.1700	2	-13		
118	1.1800	2	-12		
119	1.1900	2	-12		
120	1.2000	3	-11		
121	1.2100	4	-10		
122	1.2200	5	-10		
123	1.2300	6	-9		
124	1.2400	6	-8		
125	1.2500	7	-7		
126	1.2600	7	-6		
127	1.2700	8	-5		
128	1.2800	8	-4		
129	1.2900	8	-3		
130	1.3000	9	-2		
131	1.3100	9	0		
132	1.3200	10	1		
133	1.3300	10	2		
134	1.3400	10	4		
135	1.3500	10	5		
136	1.3600	10	6		
137	1.3700	10	8		
138	1.3800	10	9		
139	1.3900	10	10		
140	1.4000	10	11		
141	1.4100	10	12		
142	1.4200	10	14		
143	1.4300	10	15		
144	1.4400	10	16		
145	1.4500	9	17		
146	1.4600	9	18		
147	1.4700	8	19		
148	1.4800	8	20		
149	1.4900	7	21		
150	1.5000	6	22		
151	1.5100	5	22		
152	1.5200	5	22		
153	1.5300	4	23		
154	1.5400	4	23		
155	1.5500	4	24		
156	1.5600	2	24		
157	1.5700	2	24		
158	1.5800	0	24		
159	1.5900	0	23		
160	1.6000	-1	23		
161	1.6100	-2	22		
162	1.6200	-2	22		
163	1.6300	-3	21		
164	1.6400	-4	20		
165	1.6500	-4	19		
166	1.6600	-5	18		
167	1.6700	-6	17		
168	1.6800	-6	16		
169	1.6900	-7	14		
170	1.7000	-8	13		
171	1.7100	-8	11		
172	1.7200	-8	10		
173	1.7300	-9	8		
174	1.7400	-10	6		
175	1.7500	-10	4		
176	1.7600	-10	2		
177	1.7700	-10	0		
178	1.7800	-10	-2		
179	1.7900	-10	-4		
180	1.8000	-10	-6		
181	1.8100	-10	-8		
182	1.8200	-10	-10		
183	1.8300	-10	-12		
184	1.8400	-10	-14		
185	1.8500	-10	-16		
186	1.8600	-10	-18		
187	1.8700	-10	-19		
188	1.8800	-10	-21		
189	1.8900	-10	-23		
190	1.9000	-10	-24		
191	1.9100	-10	-26		
192	1.9200	-9	-27		
193	1.9300	-8	-28		
194	1.9400	-8	-30		
195	1.9500	-7	-31		
196	1.9600	-7	-32		
197	1.9700	-6	-32		
198	1.9800	-6	-33		
199	1.9900	-5	-34		
200	2.0000	-4	-34		
201	2.0100	-3	-34		
202	2.0200	-2	-34		
203	2.0300	-2	-34		
204	2.0400	-1	-34		
205	2.0500	0	-33		
206	2.0600	1	-32		
207	2.0700	2	-31		
208	2.0800	2	-30		
209	2.0900	3	-29		
210	2.1000	4	-28		
211	2.1100	4	-26		
212	2.1200	5	-25		
213	2.1300	6	-23		
214	2.1400	6	-21		
215	2.1500	7	-19		
216	2.1600	8	-17		
217	2.1700	8	-14		
218	2.1800	8	-12		
219	2.1900	8	-10		
220	2.2000	9	-7		
221	2.2100	9	-5		
222	2.2200	9	-2		
223	2.2300	10	0		
224	2.2400	10	3		
225	2.2500	10	6		
226	2.2600	10	8		
227	2.2700	10	11		
228	2.2800	10	14		
229	2.2900	10	16		
230	2.3000	10	19		
231	2.3100	10	22		
232	2.3200	10	24		
233	2.3300	10	26		
234	2.3400	10	28		
235	2.3500	9	31		
236	2.3600	9	33		
237	2.3700	8	34		
238	2.3800	8	36		
239	2.3900	7	38		
240	2.4000	6	39		
241	2.4100	6	40		
242	2.4200	5	41		
243	2.4300	4	42		
244	2.4400	4	42		
245	2.4500	3	43		
246	2.4600	2	43		
247	2.4700	2	43		
248	2.4800	1	43		
249	2.4900	0	42		
250	2.5000	-1	42		
251	2.5100	-2	40		
252	2.5200	-2	40		
253	2.5300	-3	38		
254	2.5400	-4	36		
255	2.5500	-4	35		
256	2.5600	-5	33		
257	2.5700	-6	31		
258	2.5800	-6	28		
259	2.5900	-7	26		
260	2.6000	-8	24		
261	2.6100	-8	21		
262	2.6200	-8	18		
263	2.6300	-9	15		
264	2.6400	-9	12		
265	2.6500	-10	8		
266	2.6600	-10	5		
267	2.6700	-10	2		
268	2.6800	-10	-1		
269	2.6900	-10	-5		
270	2.7000	-10	-8		
271	2.7100	-10	-12		
272	2.7200	-10	-15		
273	2.7300	-10	-18		
274	2.7400	-10	-21		
275	2.7500	-10	-24		
276	2.7600	-10	-28		
277	2.7700	-10	-30		
278	2.7800	-10	-33		
279	2.7900	-10	-36		
280	2.8000	-10	-38		
281	2.8100	-10	-41		
282	2.8200	-9	-43		
283	2.8300	-8	-45		
284	2.8400	-8	-47		
285	2.8500	-8	-48		
286	2.8600	-7	-50		
287	2.8700	-6	-51		
288	2.8800	-6	-52		
289	2.8900	-5	-52		
290	2.9000	-4	-53		
291	2.9100	-4	-53		
292	2.9200	-3	-53		
293	2.9300	-2	-52		
294	2.9400	-1	-52		
295	2.9500	0	-51		
296	2.9600	0	-50		
297	2.9700	1	-48		
298	2.9800	2	-46		
299	2.9900	3	-45		
300	3.0000	4	-42		
301	3.0100	4	-40		
302	3.0200	5	-38		
303	3.0300	5	-35		
304	3.0400	6	-32		
305	3.0500	6	-28		
306	3.0600	7	-25		
307	3.0700	8	-22		
308	3.0800	8	-18		
309	3.0900	8	-14		
310	3.1000	9	-10		
311	3.1100	9	-6		
312	3.1200	9	-2		
313	3.1300	10	2		
314	3.1400	10	6		
315	3.1500	10	10		
316	3.1600	10	14		
317	3.1700	10	18		
318	3.1800	10	22		
319	3.1900	10	26		
320	3.2000	10	29		
321	3.2100	10	33		
322	3.2200	10	36		
323	3.2300	10	40		
324	3.2400	10	43		
325	3.2500	9	46		
326	3.2600	9	48		
327	3.2700	8	51		
328	3.2800	8	53		
329	3.2900	7	55		
330	3.3000	6	57		
331	3.3100	6	58		
332	3.3200	5	60		
333	3.3300	5	61		
334	3.3400	4	61		
335	3.3500	3	62		
336	3.3600	2	62		
337	3.3700	2	62		
338	3.3800	1	61		
339	3.3900	0	60		
340	3.4000	-1	59		
341	3.4100	-2	58		
342	3.4200	-2	56		
343	3.4300	-3	54		
344	3.4400	-4	51		
345	3.4500	-4	48		
346	3.4600	-5	46		
347	3.4700	-6	42		
348	3.4800	-6	39		
349	3.4900	-7	36		
350	3.5000	-8	32		
351	3.5100	-8	28		
352	3.5200	-8	24		
353	3.5300	-9	20		
354	3.5400	-9	15		
355	3.5500	-10	10		
356	3.5600	-10	6		
357	3.5700	-10	1		
358	3.5800	-10	-4		
359	3.5900	-10	-8		
360	3.6000	-10	-13		
361	3.6100	-10	-18		
362	3.6200	-10	-22		
363	3.6300	-10	-26		
364	3.6400	-10	-31		
365	3.6500	-10	-35		
366	3.6600	-10	-39		
367	3.6700	-10	-43		
368	3.6800	-10	-47		
369	3.6900	-10	-50		
370	3.7000	-10	-54		
371	3.7100	-10	-57		
372	3.7200	-9	-60		
373	3.7300	-9	-62		
374	3.7400	-8	-65		
375	3.7500	-8	-66		
376	3.7600	-7	-68		
377	3.7700	-6	-70		
378	3.7800	-6	-70		
379	3.7900	-5	-71		
380	3.8000	-4	-71		
381	3.8100	-4	-71		
382	3.8200	-3	-71		
383	3.8300	-2	-70		
384	3.8400	-1	-69		
385	3.8500	0	-68		
386	3.8600	0	-66		
387	3.8700	1	-64		
388	3.8800	2	-61		
389	3.8900	3	-58		
390	3.9000	3	-55		
391	3.9100	4	-52		
392	3.9200	5	-48		
393	3.9300	5	-44		
394	3.9400	6	-40		
395	3.9500	6	-36		
396	3.9600	7	-31		
397	3.9700	8	-26		
398	3.9800	8	-21		
399	3.9900	8	-16		
400	4.0000	9	-11		
401	4.0100	9	-6		
402	4.0200	9	0		
403	4.0300	10	5		
404	4.0400	10	10		
405	4.0500	10	16		
406	4.0600	10	21		
407	4.0700	10	26		
408	4.0800	10	31		
409	4.0900	10	36		
410	4.1000	10	40		
411	4.1100	10	45		
412	4.1200	10	50		
413	4.1300	10	54		
414	4.1400	10	58		
415	4.1500	10	62		
416	4.1600	9	65		
417	4.1700	8	68		
418	4.1800	8	70		
419	4.1900	7	73		
420	4.2000	6	75		
421	4.2100	6	77		
422	4.2200	6	78		
423	4.2300	5	79		
424	4.2400	4	80		
425	4.2500	4	80		
426	4.2600	3	80		
427	4.2700	2	79		
428	4.2800	1	78		
429	4.2900	0	76		
430	4.3000	0	75		
431	4.3100	-1	72		
432	4.3200	-2	70		
433	4.3300	-3	67		
434	4.3400	-4	64		
435	4.3500	-4	60		
436	4.3600	-5	56		
437	4.3700	-6	52		
438	4.3800	-6	48		
439	4.3900	-7	43		
440	4.4000	-8	38		
441	4.4100	-8	32		
442	4.4200	-8	27		
443	4.4300	-9	22		
444	4.4400	-9	16		
445	4.4500	-10	10		
446	4.4600	-10	4		
447	4.4700	-10	-2		
448	4.4800	-10	-8		
449	4.4900	-10	-14		
450	4.5000	-10	-20		
451	4.5100	-10	-26		
452	4.5200	-10	-31		
453	4.5300	-10	-37		
454	4.5400	-11	-42		
455	4.5500	-11	-48		
456	4.5600	-10	-52		
457	4.5700	-10	-57		
458	4.5800	-10	-62		
459	4.5900	-10	-66		
460	4.6000	-10	-70		
461	4.6100	-10	-74		
462	4.6200	-10	-77		
463	4.6300	-9	-80		
464	4.6400	-8	-82		
465	4.6500	-8	-84		
466	4.6600	-7	-86		
467	4.6700	-6	-88		
468	4.6800	-6	-88		
469	4.6900	-5	-89		
470	4.7000	-4	-89		
471	4.7100	-4	-88		
472	4.7200	-3	-88		
473	4.7300	-2	-86		
474	4.7400	-1	-84		
475	4.7500	0	-82		
476	4.7600	0	-80		
477	4.7700	1	-76		
478	4.7800	2	-73		
479	4.7900	3	-70		
480	4.8000	3	-65		
481	4.8100	4	-61		
482	4.8200	4	-56		
483	4.8300	5	-51		
484	4.8400	6	-46		
485	4.8500	6	-40		
486	4.8600	7	-34		
487	4.8700	8	-28		
488	4.8800	8	-22		
489	4.8900	8	-16		
490	4.9000	9	-9		
491	4.9100	9	-3		
492	4.9200	9	4		
493	4.9300	10	10		
494	4.9400	10	17		
495	4.9500	10	24		
496	4.9600	10	30		
497	4.9700	10	36		
498	4.9800	10	42		
499	4.9900	10	48		
500	5.0000	10	54		
501	5.0100	10	59		
502	5.0200	10	64		
503	5.0300	10	69		
504	5.0400	10	74		
505	5.0500	10	78		
506	5.0600	9	82		
507	5.0700	8	85		
508	5.0800	8	88		
509	5.0900	7	91		
510	5.1000	7	93		
511	5.1100	6	95		
512	5.1200	6	96		
513	5.1300	5	97		
514	5.1400	4	97		
515	5.1500	4	97		
516	5.1600	3	96		
517	5.1700	2	95		
518	5.1800	1	93		
519	5.1900	0	91		
520	5.2000	0	89		
521	5.2100	-1	86		
522	5.2200	-2	82		
523	5.2300	-3	78		
524	5.2400	-4	74		
525	5.2500	-4	69		
526	5.2600	-5	64		
527	5.2700	-6	59		
528	5.2800	-6	54		
529	5.2900	-7	48		
530	5.3000	-8	41		
531	5.3100	-8	34		
532	5.3200	-8	28		
533	5.3300	-9	21		
534	5.3400	-9	14		
535	5.3500	-10	7		
536	5.3600	-10	0		
537	5.3700	-10	-7		
538	5.3800	-10	-14		
539	5.3900	-10	-21		
540	5.4000	-10	-28		
541	5.4100	-10	-35		
542	5.4200	-10	-42		
543	5.4300	-10	-48		
544	5.4400	-11	-55		
545	5.4500	-11	-61		
546	5.4600	-11	-67		
547	5.4700	-10	-72		
548	5.4800	-10	-77		
549	5.4900	-10	-82		
550	5.5000	-10	-86		
551	5.5100	-10	-90		
552	5.5200	-10	-94		
553	5.5300	-9	-97		
554	5.5400	-8	-100		
555	5.5500	-8	-102		
556	5.5600	-7	-104		
557	5.5700	-6	-105		
558	5.5800	-6	-106		
559	5.5900	-5	-106		
560	5.6000	-4	-105		
561	5.6100	-4	-104		
562	5.6200	-3	-103		
563	5.6300	-2	-101		
564	5.6400	-1	-98		
565	5.6500	0	-95		
566	5.6600	0	-92		
567	5.6700	1	-88		
568	5.6800	2	-84		
569	5.6900	2	-79		
570	5.7000	3	-74		
571	5.7100	4	-68		
572	5.7200	4	-62		
573	5.7300	5	-56		
574	5.7400	6	-49		
575	5.7500	6	-42		
576	5.7600	7	-35		
577	5.7700	8	-28		
578	5.7800	8	-20		
579	5.7900	8	-13		
580	5.8000	9	-6		
581	5.8100	9	2		
582	5.8200	10	10		
583	5.8300	10	18		
584	5.8400	10	26		
585	5.8500	10	33		
586	5.8600	10	40		
587	5.8700	10	48		
588	5.8800	10	54		
589	5.8900	10	61		
590	5.9000	10	68		
591	5.9100	10	74		
592	5.9200	10	80		
593	5.9300	10	85		
594	5.9400	10	90		
595	5.9500	10	94		
596	5.9600	9	98		
597	5.9700	9	102		
598	5.9800	8	105		
599	5.9900	8	108		
600	6.0000	7	110		
601	6.0100	6	112		
602	6.0200	6	113		
603	6.0300	5	113		
604	6.0400	4	113		
605	6.0500	4	112		
606	6.0600	3	111		
607	6.0700	2	109		
608	6.0800	1	107		
609	6.0900	0	104		
610	6.1000	0	101		
611	6.1100	-1	97		
612	6.1200	-2	92		
613	6.1300	-3	88		
614	6.1400	-4	82		
615	6.1500	-4	76		
616	6.1600	-5	70		
617	6.1700	-6	64		
618	6.1800	-6	57		
619	6.1900	-7	50		
620	6.2000	-8	42		
621	6.2100	-8	34		
622	6.2200	-8	26		
623	6.2300	-9	19		
624	6.2400	-10	10		
625	6.2500	-10	2		
626	6.2600	-10	-6		
627	6.2700	-10	-14		
628	6.2800	-10	-22		
629	6.2900	-10	-30		
630	6.3000	-10	-38		
631	6.3100	-10	-46		
632	6.3200	-10	-54		
633	6.3300	-11	-62		
634	6.3400	-11	-68		
635	6.3500	-11	-75		
636	6.3600	-11	-82		
637	6.3700	-11	-88		
638	6.3800	-10	-93		
639	6.3900	-10	-98		
640	6.4000	-10	-103		
641	6.4100	-10	-108		
642	6.4200	-10	-111		
643	6.4300	-9	-114		
644	6.4400	-8	-117		
645	6.4500	-8	-119		
646	6.4600	-7	-119		
647	6.4700	-6	-119		
648	6.4800	-6	-119		
649	6.4900	-5	-119		
650	6.5000	-4	-119		
651	6.5100	-4	-118		
652	6.5200	-3	-116		
653	6.5300	-2	-114		
654	6.5400	-2	-110		
655	6.5500	0	-106		
656	6.5600	0	-102		
657	6.5700	1	-97		
658	6.5800	2	-92		
659	6.5900	2	-86		
660	6.6000	3	-80		
661	6.6100	4	-72		
662	6.6200	4	-66		
663	6.6300	5	-58		
664	6.6400	6	-50		
665	6.6500	6	-42		
666	6.6600	7	-34		
667	6.6700	8	-26		
668	6.6800	8	-17		
669	6.6900	8	-8		
670	6.7000	9	0		
671	6.7100	9	10		
672	6.7200	10	18		
673	6.7300	10	27		
674	6.7400	10	36		
675	6.7500	10	44		
676	6.7600	10	52		
677	6.7700	10	60		
678	6.7800	10	68		
679	6.7900	10	75		
680	6.8000	10	82		
681	6.8100	10	89		
682	6.8200	10	95		
683	6.8300	10	101		
684	6.8400	10	106		
685	6.8500	10	111		
686	6.8600	10	116		
687	6.8700	9	119		
688	6.8800	8	122		
689	6.8900	8	122		
690	6.9000	7	122		
691	6.9100	6	122		
692	6.9200	6	122		
693	6.9300	5	122		
694	6.9400	4	122		
695	6.9500	4	122		
696	6.9600	3	122		
697	6.9700	2	122		
698	6.9800	1	119		
699	6.9900	0	115		
700	7.0000	0	111		
701	7.0100	-1	106		
702	7.0200	-2	100		
703	7.0300	-3	94		
704	7.0400	-4	88		
705	7.0500	-4	81		
706	7.0600	-5	74		
707	7.0700	-6	66		
708	7.0800	-6	58		
709	7.0900	-7	50		
710	7.1000	-8	42		
711	7.1100	-8	32		
712	7.1200	-8	23		
713	7.1300	-9	14		
714	7.1400	-10	5		
715	7.1500	-10	-4		
716	7.1600	-10	-14		
717	7.1700	-10	-23		
718	7.1800	-10	-32		
719	7.1900	-10	-41		
720	7.2000	-10	-50		
721	7.2100	-11	-59		
722	7.2200	-11	-67		
723	7.2300	-11	-75		
724	7.2400	-11	-83		
725	7.2500	-11	-90		
726	7.2600	-11	-97		
727	7.2700	-11	-104		
728	7.2800	-11	-110		
729	7.2900	-10	-115		
730	7.3000	-10	-119		
731	7.3100	-10	-119		
732	7.3200	-10	-119		
733	7.3300	-9	-119		
734	7.3400	-8	-119		
735	7.3500	-8	-119		
736	7.3600	-7	-119		
737	7.3700	-6	-119		
738	7.3800	-6	-119		
739	7.3900	-5	-119		
740	7.4000	-4	-119		
741	7.4100	-4	-119		
742	7.4200	-3	-119		
743	7.4300	-2	-119		
744	7.4400	-2	-119		
745	7.4500	-1	-116		
746	7.4600	0	-110		
747	7.4700	1	-104		
748	7.4800	2	-98		
749	7.4900	2	-90		
750	7.5000	3	-83		
751	7.5100	4	-75		
752	7.5200	4	-67		
753	7.5300	5	-58		
754	7.5400	6	-49		
755	7.5500	6	-40		
756	7.5600	7	-31		
757	7.5700	8	-21		
758	7.5800	8	-12		
759	7.5900	8	-2		
760	7.6000	9	8		
761	7.6100	9	18		
762	7.6200	10	28		
763	7.6300	10	38		
764	7.6400	10	47		
765	7.6500	10	56		
766	7.6600	10	65		
767	7.6700	10	74		
768	7.6800	10	82		
769	7.6900	10	90		
770	7.7000	10	98		
771	7.7100	10	105		
772	7.7200	10	111		
773	7.7300	10	117		
774	7.7400	10	122		
775	7.7500	10	122		
776	7.7600	10	122		
777	7.7700	9	122		
778	7.7800	8	122		
779	7.7900	8	122		
780	7.8000	7	122		
781	7.8100	6	122		
782	7.8200	6	122		
783	7.8300	5	122		
784	7.8400	4	122		
785	7.8500	4	122		
786	7.8600	3	122		
787	7.8700	2	122		
788	7.8800	1	122		
789	7.8900	0	122		
790	7.9000	0	119		
791	7.9100	-1	113		
792	7.9200	-2	107		
793	7.9300	-3	100		
794	7.9400	-4	92		
795	7.9500	-4	84		
796	7.9600	-5	76		
797	7.9700	-6	67		
798	7.9800	-6	58		
799	7.9900	-7	48		
800	8.0000	-8	38		
801	8.0100	-8	28		
802	8.0200	-9	18		
803	8.0300	-9	8		
804	8.0400	-10	-2		
805	8.0500	-10	-13		
806	8.0600	-10	-23		
807	8.0700	-10	-33		
808	8.0800	-10	-43		
809	8.0900	-10	-53		
810	8.1000	-11	-63		
811	8.1100	-11	-72		
812	8.1200	-11	-81		
813	8.1300	-11	-90		
814	8.1400	-11	-98		
815	8.1500	-11	-106		
816	8.1600	-11	-113		
817	8.1700	-11	-119		
818	8.1800	-11	-119		
819	8.1900	-11	-119		
820	8.2000	-10	-119		
821	8.2100	-10	-119		
822	8.2200	-10	-119		
823	8.2300	-9	-119		
824	8.2400	-9	-119		
825	8.2500	-8	-119		
826	8.2600	-7	-119		
827	8.2700	-7	-119		
828	8.2800	-6	-119		
829	8.2900	-5	-119		
830	8.3000	-5	-119		
831	8.3100	-4	-119		
832	8.3200	-3	-119		
833	8.3300	-2	-119		
834	8.3400	-2	-119		
835	8.3500	-1	-119		
836	8.3600	0	-116		
837	8.3700	1	-109		
838	8.3800	2	-102		
839	8.3900	2	-94		
840	8.4000	3	-85		
841	8.4100	4	-76		
842	8.4200	4	-66		
843	8.4300	5	-56		
844	8.4400	6	-46		
845	8.4500	7	-36		
846	8.4600	7	-26		
847	8.4700	8	-15		
848	8.4800	8	-4		
849	8.4900	8	6		
850	8.5000	9	17		
851	8.5100	9	28		
852	8.5200	10	39		
853	8.5300	10	49		
854	8.5400	10	59		
855	8.5500	10	69		
856	8.5600	10	79		
857	8.5700	10	88		
858	8.5800	10	97		
859	8.5900	10	105		
860	8.6000	10	113		
861	8.6100	10	120		
862	8.6200	10	122		
863	8.6300	10	122		
864	8.6400	10	122		
865	8.6500	10	122		
866	8.6600	10	122		
867	8.6700	9	122		
868	8.6800	8	122		
869	8.6900	8	122		
870	8.7000	7	122		
871	8.7100	6	122		
872	8.7200	6	122		
873	8.7300	5	122		
874	8.7400	4	122		
875	8.7500	4	122		
876	8.7600	3	122		
877	8.7700	2	122		
878	8.7800	2	122		
879	8.7900	0	122		
880	8.8000	0	122		
881	8.8100	-1	118		
882	8.8200	-2	111		
883	8.8300	-3	102		
884	8.8400	-4	94		
885	8.8500	-4	85		
886	8.8600	-5	75		
887	8.8700	-6	65		
888	8.8800	-6	55		
889	8.8900	-7	44		
890	8.9000	-8	34		
891	8.9100	-8	22		
892	8.9200	-9	11		
893	8.9300	-9	0		
894	8.9400	-10	-12		
895	8.9500	-10	-22		
896	8.9600	-10	-34		
897	8.9700	-10	-45		
898	8.9800	-11	-56		
899	8.9900	-11	-66		
900	9.0000	-11	-76		
901	9.0100	-11	-86		
902	9.0200	-11	-96		
903	9.0300	-11	-104		
904	9.0400	-11	-113		
905	9.0500	-11	-119		
906	9.0600	-11	-119		
907	9.0700	-11	-119		
908	9.0800	-11	-119		
909	9.0900	-11	-119		
910	9.1000	-10	-119		
911	9.1100	-10	-119		
912	9.1200	-10	-119		
913	9.1300	-9	-119		
914	9.1400	-9	-119		
915	9.1500	-8	-119		
916	9.1600	-8	-119		
917	9.1700	-7	-119		
918	9.1800	-6	-119		
919	9.1900	-6	-119		
920	9.2000	-5	-119		
921	9.2100	-4	-119		
922	9.2200	-3	-119		
923	9.2300	-2	-119		
924	9.2400	-2	-119		
925	9.2500	0	-119		
926	9.2600	0	-119		
927	9.2700	1	-112		
928	9.2800	2	-104		
929	9.2900	2	-94		
930	9.3000	3	-84		
931	9.3100	4	-74		
932	9.3200	5	-64		
933	9.3300	6	-53		
934	9.3400	6	-42		
935	9.3500	7	-31		
936	9.3600	7	-19		
937	9.3700	8	-8		
938	9.3800	8	4		
939	9.3900	9	16		
940	9.4000	9	28		
941	9.4100	10	39		
942	9.4200	10	50		
943	9.4300	10	62		
944	9.4400	10	72		
945	9.4500	10	83		
946	9.4600	10	93		
947	9.4700	10	102		
948	9.4800	10	112		
949	9.4900	10	120		
950	9.5000	10	122		
951	9.5100	10	122		
952	9.5200	11	122		
953	9.5300	10	122		
954	9.5400	10	122		
955	9.5500	10	122		
956	9.5600	10	122		
957	9.5700	9	122		
958	9.5800	9	122		
959	9.5900	8	122		
960	9.6000	8	122		
961	9.6100	7	122		
962	9.6200	6	122		
963	9.6300	5	122		
964	9.6400	5	122		
965	9.6500	4	122		
966	9.6600	3	122		
967	9.6700	2	122		
968	9.6800	2	122		
969	9.6900	1	122		
970	9.7000	0	122		
971	9.7100	-1	122		
972	9.7200	-2	113		
973	9.7300	-3	104		
974	9.7400	-4	94		
975	9.7500	-4	84		
976	9.7600	-5	73		
977	9.7700	-6	62		
978	9.7800	-6	51		
979	9.7900	-7	39		
980	9.8000	-8	27		
981	9.8100	-8	15		
982	9.8200	-9	3		
983	9.8300	-9	-9		
984	9.8400	-10	-21		
985	9.8500	-10	-33		
986	9.8600	-10	-45		
987	9.8700	-10	-57		
988	9.8800	-11	-68		
989	9.8900	-11	-79		
990	9.9000	-11	-90		
991	9.9100	-11	-100		
992	9.9200	-11	-110		
993	9.9300	-11	-119		
994	9.9400	-11	-119		
995	9.9500	-11	-119		
996	9.9600	-11	-119		
997	9.9700	-11	-119		
998	9.9800	-11	-119		
999	9.9900	-11	-119		
1000	10.0000	-10	-119		
1001	10.0100	-10	-119		
1002	10.0200	-10	-119		
1003	10.0300	-9	-119		
1004	10.0400	-9	-119		
1005	10.0500	-8	-119		
1006	10.0600	-8	-119		
1007	10.0700	-7	-119		
1008	10.0800	-6	-119		
1009	10.0900	-6	-119		
1010	10.1000	-5	-119		
1011	10.1100	-4	-119		
1012	10.1200	-3	-119		
1013	10.1300	-2	-119		
1014	10.1400	-1	-119		
1015	10.1500	0	-119		
1016	10.1600	0	-119		
1017	10.1700	1	-114		
1018	10.1800	2	-104		
1019	10.1900	2	-94		
1020	10.2000	3	-82		
1021	10.2100	4	-71		
1022	10.2200	5	-60		
1023	10.2300	6	-48		
1024	10.2400	6	-36		
1025	10.2500	7	-24		
1026	10.2600	7	-11		
1027	10.2700	8	2		
1028	10.2800	8	14		
1029	10.2900	9	26		
1030	10.3000	9	39		
1031	10.3100	10	51		
1032	10.3200	10	63		
1033	10.3300	10	74		
1034	10.3400	10	86		
1035	10.3500	11	97		
1036	10.3600	11	107		
1037	10.3700	11	117		
1038	10.3800	11	122		
1039	10.3900	11	122		
1040	10.4000	11	122		
1041	10.4100	11	122		
1042	10.4200	11	122		
1043	10.4300	11	122		
1044	10.4400	11	122		
1045	10.4500	10	122		
1046	10.4600	10	122		
1047	10.4700	10	122		
1048	10.4800	9	122		
1049	10.4900	8	122		
1050	10.5000	8	122		
1051	10.5100	7	122		
1052	10.5200	6	122		
1053	10.5300	5	122		
1054	10.5400	5	122		
1055	10.5500	4	122		
1056	10.5600	3	122		
1057	10.5700	2	122		
1058	10.5800	2	122		
1059	10.5900	1	122		
1060	10.6000	0	122		
1061	10.6100	-1	122		
1062	10.6200	-2	113		
1063	10.6300	-3	103		
1064	10.6400	-4	92		
1065	10.6500	-4	81		
1066	10.6600	-5	69		
1067	10.6700	-6	57		
1068	10.6800	-6	45		
1069	10.6900	-7	32		
1070	10.7000	-8	20		
1071	10.7100	-8	6		
1072	10.7200	-9	-6		
1073	10.7300	-10	-20		
1074	10.7400	-10	-32		
1075	10.7500	-10	-45		
1076	10.7600	-10	-57		
1077	10.7700	-10	-70		
1078	10.7800	-11	-82		
1079	10.7900	-11	-93		
1080	10.8000	-11	-104		
1081	10.8100	-11	-115		
1082	10.8200	-11	-119		
1083	10.8300	-11	-119		
1084	10.8400	-11	-119		
1085	10.8500	-11	-119		
1086	10.8600	-11	-119		
1087	10.8700	-11	-119		
1088	10.8800	-11	-119		
1089	10.8900	-11	-119		
1090	10.9000	-11	-119		
1091	10.9100	-10	-119		
1092	10.9200	-10	-119		
1093	10.9300	-9	-119		
1094	10.9400	-9	-119		
1095	10.9500	-8	-119		
1096	10.9600	-8	-119		
1097	10.9700	-7	-119		
1098	10.9800	-6	-119		
1099	10.9900	-6	-119		
1100	11.0000	-5	-119		
1101	11.0100	-4	-119		
1102	11.0200	-3	-119		
1103	11.0300	-2	-119		
1104	11.0400	-2	-119		
1105	11.0500	0	-119		
1106	11.0600	0	-119		
1107	11.0700	1	-113		
1108	11.0800	2	-102		
1109	11.0900	2	-91		
1110	11.1000	3	-79		
1111	11.1100	4	-67		
1112	11.1200	5	-54		
1113	11.1300	6	-42		
1114	11.1400	6	-28		
1115	11.1500	7	-15		
1116	11.1600	8	-2		
1117	11.1700	8	11		
1118	11.1800	8	24		
1119	11.1900	9	38		
1120	11.2000	9	50		
1121	11.2100	10	64		
1122	11.2200	10	76		
1123	11.2300	10	88		
1124	11.2400	11	100		
1125	11.2500	11	111		
1126	11.2600	11	122		
1127	11.2700	11	122		
1128	11.2800	11	122		
1129	11.2900	11	122		
1130	11.3000	11	122		
1131	11.3100	11	122		
1132	11.3200	11	122		
1133	11.3300	11	122		
1134	11.3400	11	122		
1135	11.3500	10	122		
1136	11.3600	10	122		
1137	11.3700	10	122		
1138	11.3800	9	122		
1139	11.3900	8	122		
1140	11.4000	8	122		
1141	11.4100	7	122		
1142	11.4200	6	122		
1143	11.4300	6	122		
1144	11.4400	5	122		
1145	11.4500	4	122		
1146	11.4600	3	122		
1147	11.4700	2	122		
1148	11.4800	2	122		
1149	11.4900	1	122		
1150	11.5000	0	122		
1151	11.5100	-1	122		
1152	11.5200	-2	112		
1153	11.5300	-3	100		
1154	11.5400	-4	89		
1155	11.5500	-4	76		
1156	11.5600	-5	64		
1157	11.5700	-6	51		
1158	11.5800	-6	38		
1159	11.5900	-7	24		
1160	11.6000	-8	11		
1161	11.6100	-8	-3		
1162	11.6200	-9	-17		
1163	11.6300	-10	-30		
1164	11.6400	-10	-44		
1165	11.6500	-10	-57		
1166	11.6600	-10	-70		
1167	11.6700	-10	-82		
1168	11.6800	-11	-95		
1169	11.6900	-11	-106		
1170	11.7000	-11	-118		
1171	11.7100	-11	-119		
1172	11.7200	-11	-119		
1173	11.7300	-11	-119		
1174	11.7400	-11	-119		
1175	11.7500	-11	-119		
1176	11.7600	-11	-119		
1177	11.7700	-11	-119		
1178	11.7800	-11	-119		
1179	11.7900	-11	-119		
1180	11.8000	-11	-119		
1181	11.8100	-10	-119		
1182	11.8200	-10	-119		
1183	11.8300	-10	-119		
1184	11.8400	-9	-119		
1185	11.8500	-8	-119		
1186	11.8600	-8	-119		
1187	11.8700	-7	-119		
1188	11.8800	-6	-119		
1189	11.8900	-6	-119		
1190	11.9000	-5	-119		
1191	11.9100	-4	-119		
1192	11.9200	-3	-119		
1193	11.9300	-2	-119		
1194	11.9400	-2	-119		
1195	11.9500	0	-119		
1196	11.9600	0	-119		
1197	11.9700	1	-110		
1198	11.9800	2	-99		
1199	11.9900	2	-86		
1200	12.0000	3	-74		
1201	12.0100	4	-60		
1202	12.0200	5	-47		
1203	12.0300	6	-34		
1204	12.0400	6	-20		
1205	12.0500	7	-6		
1206	12.0600	8	8		
1207	12.0700	8	22		
1208	12.0800	8	36		
1209	12.0900	9	50		
1210	12.1000	10	63		
1211	12.1100	10	76		
1212	12.1200	10	89		
1213	12.1300	10	102		
1214	12.1400	11	113		
1215	12.1500	11	122		
1216	12.1600	11	122		
1217	12.1700	11	122		
1218	12.1800	11	122		
1219	12.1900	11	122		
1220	12.2000	11	122		
1221	12.2100	11	122		
1222	12.2200	11	122		
1223	12.2300	11	122		
1224	12.2400	11	122		
1225	12.2500	11	122		
1226	12.2600	10	122		
1227	12.2700	10	122		
1228	12.2800	9	122		
1229	12.2900	8	122		
1230	12.3000	8	122		
1231	12.3100	7	122		
1232	12.3200	6	122		
1233	12.3300	5	122		
1234	12.3400	5	122		
1235	12.3500	4	122		
1236	12.3600	3	122		
1237	12.3700	2	122		
1238	12.3800	2	122		
1239	12.3900	1	122		
1240	12.4000	0	122		
1241	12.4100	-1	120		
1242	12.4200	-2	109		
1243	12.4300	-3	96		
1244	12.4400	-4	84		
1245	12.4500	-4	71		
1246	12.4600	-5	57		
1247	12.4700	-6	43		
1248	12.4800	-6	29		
1249	12.4900	-7	15		
1250	12.5000	-8	1		
1251	12.5100	-8	-14		
1252	12.5200	-9	-28		
1253	12.5300	-10	-42		
1254	12.5400	-10	-56		
1255	12.5500	-10	-70		
1256	12.5600	-10	-83		
1257	12.5700	-10	-96		
1258	12.5800	-11	-108		
1259	12.5900	-11	-119		
1260	12.6000	-11	-119		
1261	12.6100	-11	-119		
1262	12.6200	-11	-119		
1263	12.6300	-11	-119		
1264	12.6400	-11	-119		
1265	12.6500	-11	-119		
1266	12.6600	-11	-119		
1267	12.6700	-11	-119		
1268	12.6800	-11	-119		
1269	12.6900	-11	-119		
1270	12.7000	-11	-119		
1271	12.7100	-10	-119		
1272	12.7200	-10	-119		
1273	12.7300	-10	-119		
1274	12.7400	-9	-119		
1275	12.7500	-8	-119		
1276	12.7600	-8	-119		
1277	12.7700	-7	-119		
1278	12.7800	-6	-119		
1279	12.7900	-6	-119		
1280	12.8000	-5	-119		
1281	12.8100	-4	-119		
1282	12.8200	-3	-119		
1283	12.8300	-2	-119		
1284	12.8400	-2	-119		
1285	12.8500	-1	-119		
1286	12.8600	0	-119		
1287	12.8700	1	-107		
1288	12.8800	2	-94		
1289	12.8900	2	-81		
1290	12.9000	4	-67		
1291	12.9100	4	-53		
1292	12.9200	5	-39		
1293	12.9300	6	-25		
1294	12.9400	6	-10		
1295	12.9500	7	4		
1296	12.9600	8	19		
1297	12.9700	8	34		
1298	12.9800	9	48		
1299	12.9900	9	62		
1300	13.0000	10	76		
1301	13.0100	10	89		
1302	13.0200	10	102		
1303	13.0300	11	115		
1304	13.0400	11	122		
1305	13.0500	11	122		
1306	13.0600	11	122		
1307	13.0700	11	122		
1308	13.0800	11	122		
1309	13.0900	11	122		
1310	13.1000	11	122		
1311	13.1100	11	122		
1312	13.1200	11	122		
1313	13.1300	11	122		
1314	13.1400	11	122		
1315	13.1500	11	122		
1316	13.1600	10	122		
1317	13.1700	10	122		
1318	13.1800	10	122		
1319	13.1900	9	122		
1320	13.2000	8	122		
1321	13.2100	7	122		
1322	13.2200	6	122		
1323	13.2300	5	122		
1324	13.2400	4	122		
1325	13.2500	4	122		
1326	13.2600	3	122		
1327	13.2700	2	122		
1328	13.2800	2	122		
1329	13.2900	1	122		
1330	13.3000	0	122		
1331	13.3100	-1	117		
1332	13.3200	-2	104		
1333	13.3300	-3	91		
1334	13.3400	-4	78		
1335	13.3500	-5	64		
1336	13.3600	-5	50		
1337	13.3700	-6	35		
1338	13.3800	-6	20		
1339	13.3900	-7	6		
1340	13.4000	-8	-10		
1341	13.4100	-8	-24		
1342	13.4200	-9	-39		
1343	13.4300	-10	-54		
1344	13.4400	-10	-68		
1345	13.4500	-10	-82		
1346	13.4600	-10	-96		
1347	13.4700	-11	-109		
1348	13.4800	-11	-119		
1349	13.4900	-11	-119		
1350	13.5000	-11	-119		
1351	13.5100	-11	-119		
1352	13.5200	-11	-119		
1353	13.5300	-11	-119		
1354	13.5400	-11	-119		
1355	13.5500	-11	-119		
1356	13.5600	-11	-119		
1357	13.5700	-11	-119		
1358	13.5800	-11	-119		
1359	13.5900	-11	-119		
1360	13.6000	-11	-119		
1361	13.6100	-10	-119		
1362	13.6200	-10	-119		
1363	13.6300	-10	-119		
1364	13.6400	-9	-119		
1365	13.6500	-8	-119		
1366	13.6600	-8	-119		
1367	13.6700	-7	-119		
1368	13.6800	-6	-119		
1369	13.6900	-6	-119		
1370	13.7000	-5	-119		
1371	13.7100	-4	-119		
1372	13.7200	-3	-119		
1373	13.7300	-2	-119		
1374	13.7400	-2	-119		
1375	13.7500	0	-119		
1376	13.7600	0	-115		
1377	13.7700	1	-102		
1378	13.7800	2	-88		
1379	13.7900	2	-74		
1380	13.8000	3	-60		
1381	13.8100	4	-45		
1382	13.8200	5	-30		
1383	13.8300	6	-15		
1384	13.8400	6	0		
1385	13.8500	7	15		
1386	13.8600	8	30		
1387	13.8700	8	45		
1388	13.8800	8	60		
1389	13.8900	9	74		
1390	13.9000	10	88		
1391	13.9100	10	102		
1392	13.9200	10	115		
1393	13.9300	11	122		
1394	13.9400	11	122		
1395	13.9500	11	122		
1396	13.9600	11	122		
1397	13.9700	11	122		
1398	13.9800	11	122		
1399	13.9900	11	122		
1400	14.0000	11	122		
1401	14.0100	11	122		
1402	14.0200	12	122		
1403	14.0300	12	122		
1404	14.0400	11	122		
1405	14.0500	11	122		
1406	14.0600	11	122		
1407	14.0700	10	122		
1408	14.0800	10	122		
1409	14.0900	9	122		
1410	14.1000	8	122		
1411	14.1100	7	122		
1412	14.1200	6	122		
1413	14.1300	6	122		
1414	14.1400	4	122		
1415	14.1500	4	122		
1416	14.1600	3	122		
1417	14.1700	2	122		
1418	14.1800	2	122		
1419	14.1900	1	122		
1420	14.2000	0	122		
1421	14.2100	-1	112		
1422	14.2200	-2	98		
1423	14.2300	-3	85		
1424	14.2400	-4	70		
1425	14.2500	-4	56		
1426	14.2600	-5	41		
1427	14.2700	-6	26		
1428	14.2800	-7	10		
1429	14.2900	-8	-5		
1430	14.3000	-8	-20		
1431	14.3100	-9	-36		
1432	14.3200	-9	-51		
1433	14.3300	-10	-66		
1434	14.3400	-10	-80		
1435	14.3500	-10	-95		
1436	14.3600	-10	-108		
1437	14.3700	-11	-119		
1438	14.3800	-11	-119		
1439	14.3900	-11	-119		
1440	14.4000	-11	-119		
1441	14.4100	-11	-119		
1442	14.4200	-11	-119		
1443	14.4300	-11	-119		
1444	14.4400	-11	-119		
1445	14.4500	-11	-119		
1446	14.4600	-11	-119		
1447	14.4700	-11	-119		
1448	14.4800	-11	-119		
1449	14.4900	-11	-119		
1450	14.5000	-11	-119		
1451	14.5100	-10	-119		
1452	14.5200	-10	-119		
1453	14.5300	-10	-119		
1454	14.5400	-9	-119		
1455	14.5500	-8	-119		
1456	14.5600	-8	-119		
1457	14.5700	-7	-119		
1458	14.5800	-6	-119		
1459	14.5900	-6	-119		
1460	14.6000	-5	-119		
1461	14.6100	-4	-119		
1462	14.6200	-3	-119		
1463	14.6300	-2	-119		
1464	14.6400	-2	-119		
1465	14.6500	0	-119		
1466	14.6600	0	-109		
1467	14.6700	1	-96		
1468	14.6800	2	-81		
1469	14.6900	2	-66		
1470	14.7000	4	-52		
1471	14.7100	4	-36		
1472	14.7200	5	-20		
1473	14.7300	6	-5		
1474	14.7400	7	10		
1475	14.7500	7	26		
1476	14.7600	8	42		
1477	14.7700	8	57		
1478	14.7800	9	72		
1479	14.7900	9	86		
1480	14.8000	10	101		
1481	14.8100	10	115		
1482	14.8200	11	122		
1483	14.8300	11	122		
1484	14.8400	11	122		
1485	14.8500	12	122		
1486	14.8600	12	122		
1487	14.8700	12	122		
1488	14.8800	11	122		
1489	14.8900	11	122		
1490	14.9000	11	122		
1491	14.9100	12	122		
1492	14.9200	12	122		
1493	14.9300	12	122		
1494	14.9400	12	122		
1495	14.9500	11	122		
1496	14.9600	11	122		
1497	14.9700	10	122		
1498	14.9800	10	122		
1499	14.9900	9	122		
1500	15.0000	8	122		
1501	15.0100	7	122		
1502	15.0200	6	122		
1503	15.0300	5	122		
1504	15.0400	4	122		
1505	15.0500	4	122		
1506	15.0600	3	122		
1507	15.0700	2	122		
1508	15.0800	2	122		
1509	15.0900	1	122		
1510	15.1000	0	120		
1511	15.1100	-1	106		
1512	15.1200	-2	92		
1513	15.1300	-3	78		
1514	15.1400	-4	62		
1515	15.1500	-5	47		
1516	15.1600	-6	32		
1517	15.1700	-6	16		
1518	15.1800	-7	0		
1519	15.1900	-7	-16		
1520	15.2000	-8	-32		
1521	15.2100	-9	-48		
1522	15.2200	-10	-63		
1523	15.2300	-10	-78		
1524	15.2400	-10	-92		
1525	15.2500	-10	-107		
1526	15.2600	-10	-119		
1527	15.2700	-11	-119		
1528	15.2800	-11	-119		
1529	15.2900	-11	-119		
1530	15.3000	-12	-119		
1531	15.3100	-12	-119		
1532	15.3200	-12	-119		
1533	15.3300	-12	-119		
1534	15.3400	-12	-119		
1535	15.3500	-12	-119		
1536	15.3600	-12	-119		
1537	15.3700	-11	-119		
1538	15.3800	-11	-119		
1539	15.3900	-11	-119		
1540	15.4000	-11	-119		
1541	15.4100	-10	-119		
1542	15.4200	-10	-119		
1543	15.4300	-10	-119		
1544	15.4400	-9	-119		
1545	15.4500	-8	-119		
1546	15.4600	-8	-119		
1547	15.4700	-7	-119		
1548	15.4800	-6	-119		
1549	15.4900	-6	-119		
1550	15.5000	-5	-119		
1551	15.5100	-4	-119		
1552	15.5200	-3	-119		
1553	15.5300	-2	-119		
1554	15.5400	-2	-119		
1555	15.5500	0	-117		
1556	15.5600	0	-103		
1557	15.5700	1	-88		
1558	15.5800	2	-74		
1559	15.5900	2	-58		
1560	15.6000	4	-42		
1561	15.6100	4	-26		
1562	15.6200	5	-10		
1563	15.6300	6	6		
1564	15.6400	7	22		
1565	15.6500	7	37		
1566	15.6600	8	53		
1567	15.6700	8	68		
1568	15.6800	9	84		
1569	15.6900	9	98		
1570	15.7000	10	113		
1571	15.7100	10	122		
1572	15.7200	11	122		
1573	15.7300	11	122		
1574	15.7400	11	122		
1575	15.7500	12	122		
1576	15.7600	12	122		
1577	15.7700	12	122		
1578	15.7800	12	122		
1579	15.7900	12	122		
1580	15.8000	12	122		
1581	15.8100	12	122		
1582	15.8200	12	122		
1583	15.8300	12	122		
1584	15.8400	12	122		
1585	15.8500	11	122		
1586	15.8600	11	122		
1587	15.8700	10	122		
1588	15.8800	10	122		
1589	15.8900	9	122		
1590	15.9000	8	122		
1591	15.9100	7	122		
1592	15.9200	6	122		
1593	15.9300	5	122		
1594	15.9400	4	122		
1595	15.9500	4	122		
1596	15.9600	3	122		
1597	15.9700	2	122		
1598	15.9800	2	122		
1599	15.9900	1	122		
1600	16.0000	0	114		
1601	16.0100	-1	99		
1602	16.0200	-2	84		
1603	16.0300	-3	69		
1604	16.0400	-4	54		
1605	16.0500	-5	38		
1606	16.0600	-6	22		
1607	16.0700	-6	6		
1608	16.0800	-7	-11		
1609	16.0900	-8	-27		
1610	16.1000	-8	-43		
1611	16.1100	-9	-59		
1612	16.1200	-9	-74		
1613	16.1300	-10	-90		
1614	16.1400	-10	-104		
1615	16.1500	-10	-119		
1616	16.1600	-11	-119		
1617	16.1700	-11	-119		
1618	16.1800	-11	-119		
1619	16.1900	-11	-119		
1620	16.2000	-12	-119		
1621	16.2100	-12	-119		
1622	16.2200	-12	-119		
1623	16.2300	-12	-119		
1624	16.2400	-12	-119		
1625	16.2500	-12	-119		
1626	16.2600	-12	-119		
1627	16.2700	-12	-119		
1628	16.2800	-11	-119		
1629	16.2900	-11	-119		
1630	16.3000	-11	-119		
1631	16.3100	-10	-119		
1632	16.3200	-10	-119		
1633	16.3300	-10	-119		
1634	16.3400	-9	-119		
1635	16.3500	-8	-119		
1636	16.3600	-8	-119		
1637	16.3700	-7	-119		
1638	16.3800	-6	-119		
1639	16.3900	-6	-119		
1640	16.4000	-5	-119		
1641	16.4100	-4	-119		
1642	16.4200	-3	-119		
1643	16.4300	-2	-119		
1644	16.4400	-2	-119		
1645	16.4500	0	-110		
1646	16.4600	0	-96		
1647	16.4700	1	-80		
1648	16.4800	2	-65		
1649	16.4900	3	-49		
1650	16.5000	4	-33		
1651	16.5100	4	-16		
1652	16.5200	5	0		
1653	16.5300	6	16		
1654	16.5400	7	32		
1655	16.5500	8	49		
1656	16.5600	8	64		
1657	16.5700	8	80		
1658	16.5800	9	95		
1659	16.5900	10	110		
1660	16.6000	10	122		
1661	16.6100	10	122		
1662	16.6200	11	122		
1663	16.6300	11	122		
1664	16.6400	11	122		
1665	16.6500	12	122		
1666	16.6600	12	122		
1667	16.6700	12	122		
1668	16.6800	12	122		
1669	16.6900	12	122		
1670	16.7000	12	122		
1671	16.7100	12	122		
1672	16.7200	12	122		
1673	16.7300	12	122		
1674	16.7400	12	122		
1675	16.7500	11	122		
1676	16.7600	11	122		
1677	16.7700	11	122		
1678	16.7800	10	122		
1679	16.7900	10	122		
1680	16.8000	8	122		
1681	16.8100	8	122		
1682	16.8200	6	122		
1683	16.8300	5	122		
1684	16.8400	4	122		
1685	16.8500	4	122		
1686	16.8600	3	122		
1687	16.8700	2	122		
1688	16.8800	2	122		
1689	16.8900	1	121		
1690	16.9000	0	107		
1691	16.9100	-1	91		
1692	16.9200	-2	76		
1693	16.9300	-4	60		
1694	16.9400	-4	44		
1695	16.9500	-5	28		
1696	16.9600	-6	12		
1697	16.9700	-6	-5		
1698	16.9800	-7	-22		
1699	16.9900	-8	-38		
1700	17.0000	-8	-54		
1701	17.0100	-9	-70		
1702	17.0200	-10	-86		
1703	17.0300	-10	-101		
1704	17.0400	-10	-116		
1705	17.0500	-10	-119		
1706	17.0600	-11	-119		
1707	17.0700	-11	-119		
1708	17.0800	-11	-119		
1709	17.0900	-11	-119		
1710	17.1000	-12	-119		
1711	17.1100	-12	-119		
1712	17.1200	-12	-119		
1713	17.1300	-12	-119		
1714	17.1400	-12	-119		
1715	17.1500	-12	-119		
1716	17.1600	-12	-119		
1717	17.1700	-12	-119		
1718	17.1800	-11	-119		
1719	17.1900	-11	-119		
1720	17.2000	-11	-119		
1721	17.2100	-11	-119		
1722	17.2200	-10	-119		
1723	17.2300	-10	-119		
1724	17.2400	-9	-119		
1725	17.2500	-8	-119		
1726	17.2600	-8	-119		
1727	17.2700	-7	-119		
1728	17.2800	-6	-119		
1729	17.2900	-6	-119		
1730	17.3000	-5	-119		
1731	17.3100	-4	-119		
1732	17.3200	-3	-119		
1733	17.3300	-2	-119		
1734	17.3400	-1	-117		
1735	17.3500	0	-102		
1736	17.3600	0	-87		
1737	17.3700	1	-72		
1738	17.3800	2	-56		
1739	17.3900	3	-39		
1740	17.4000	4	-23		
1741	17.4100	4	-6		
1742	17.4200	5	11		
1743	17.4300	6	27		
1744	17.4400	7	44		
1745	17.4500	8	60		
1746	17.4600	8	76		
1747	17.4700	9	92		
1748	17.4800	9	107		
1749	17.4900	10	121		
1750	17.5000	10	122		
1751	17.5100	10	122		
1752	17.5200	11	122		
1753	17.5300	11	122		
1754	17.5400	12	122		
1755	17.5500	12	122		
1756	17.5600	12	122		
1757	17.5700	12	122		
1758	17.5800	12	122		
1759	17.5900	12	122		
1760	17.6000	12	122		
1761	17.6100	12	122		
1762	17.6200	12	122		
1763	17.6300	12	122		
1764	17.6400	12	122		
1765	17.6500	11	122		
1766	17.6600	11	122		
1767	17.6700	11	122		
1768	17.6800	10	122		
1769	17.6900	9	122		
1770	17.7000	8	122		
1771	17.7100	8	122		
1772	17.7200	6	122		
1773	17.7300	5	122		
1774	17.7400	4	122		
1775	17.7500	4	122		
1776	17.7600	3	122		
1777	17.7700	2	122		
1778	17.7800	2	122		
1779	17.7900	0	114		
1780	17.8000	0	99		
1781	17.8100	-2	83		
1782	17.8200	-2	67		
1783	17.8300	-4	51		
1784	17.8400	-4	34		
1785	17.8500	-5	18		
1786	17.8600	-6	1		
1787	17.8700	-6	-16		
1788	17.8800	-7	-32		
1789	17.8900	-8	-49		
1790	17.9000	-8	-65		
1791	17.9100	-9	-82		
1792	17.9200	-10	-97		
1793	17.9300	-10	-112		
1794	17.9400	-10	-119		
1795	17.9500	-10	-119		
1796	17.9600	-11	-119		
1797	17.9700	-11	-119		
1798	17.9800	-11	-119		
1799	17.9900	-12	-119		
1800	18.0000	-12	-119		
1801	18.0100	-12	-119		
1802	18.0200	-12	-119		
1803	18.0300	-12	-119		
1804	18.0400	-12	-119		
1805	18.0500	-12	-119		
1806	18.0600	-12	-119		
1807	18.0700	-12	-119		
1808	18.0800	-11	-119		
1809	18.0900	-11	-119		
1810	18.1000	-11	-119		
1811	18.1100	-10	-119		
1812	18.1200	-10	-119		
1813	18.1300	-10	-119		
1814	18.1400	-9	-119		
1815	18.1500	-8	-119		
1816	18.1600	-8	-119		
1817	18.1700	-7	-119		
1818	18.1800	-6	-119		
1819	18.1900	-6	-119		
1820	18.2000	-5	-119		
1821	18.2100	-4	-119		
1822	18.2200	-3	-119		
1823	18.2300	-2	-119		
1824	18.2400	-1	-110		
1825	18.2500	0	-94		
1826	18.2600	1	-78		
1827	18.2700	2	-62		
1828	18.2800	2	-46		
1829	18.2900	3	-30		
1830	18.3000	4	-13		
1831	18.3100	4	4		
1832	18.3200	6	21		
1833	18.3300	6	38		
1834	18.3400	7	55		
1835	18.3500	8	71		
1836	18.3600	8	87		
1837	18.3700	9	102		
1838	18.3800	9	118		
1839	18.3900	10	122		
1840	18.4000	10	122		
1841	18.4100	11	122		
1842	18.4200	11	122		
1843	18.4300	12	122		
1844	18.4400	12	122		
1845	18.4500	12	122		
1846	18.4600	12	122		
1847	18.4700	12	122		
1848	18.4800	12	122		
1849	18.4900	12	122		
1850	18.5000	12	122		
1851	18.5100	12	122		
1852	18.5200	12	122		
1853	18.5300	12	122		
1854	18.5400	12	122		
1855	18.5500	12	122		
1856	18.5600	11	122		
1857	18.5700	10	122		
1858	18.5800	10	122		
1859	18.5900	9	122		
1860	18.6000	8	122		
1861	18.6100	7	122		
1862	18.6200	6	122		
1863	18.6300	5	122		
1864	18.6400	4	122		
1865	18.6500	4	122		
1866	18.6600	3	122		
1867	18.6700	2	122		
1868	18.6800	1	121		
1869	18.6900	0	106		
1870	18.7000	0	90		
1871	18.7100	-2	74		
1872	18.7200	-2	58		
1873	18.7300	-4	41		
1874	18.7400	-4	24		
1875	18.7500	-5	8		
1876	18.7600	-6	-9		
1877	18.7700	-6	-26		
1878	18.7800	-7	-43		
1879	18.7900	-8	-60		
1880	18.8000	-8	-76		
1881	18.8100	-9	-92		
1882	18.8200	-10	-108		
1883	18.8300	-10	-119		
1884	18.8400	-10	-119		
1885	18.8500	-11	-119		
1886	18.8600	-11	-119		
1887	18.8700	-11	-119		
1888	18.8800	-11	-119		
1889	18.8900	-11	-119		
1890	18.9000	-12	-119		
1891	18.9100	-12	-119		
1892	18.9200	-12	-119		
1893	18.9300	-12	-119		
1894	18.9400	-12	-119		
1895	18.9500	-12	-119		
1896	18.9600	-12	-119		
1897	18.9700	-11	-119		
1898	18.9800	-11	-119		
1899	18.9900	-11	-119		
1900	19.0000	-11	-119		
1901	19.0100	-10	-119		
1902	19.0200	-10	-119		
1903	19.0300	-10	-119		
1904	19.0400	-9	-119		
1905	19.0500	-8	-119		
1906	19.0600	-8	-119		
1907	19.0700	-7	-119		
1908	19.0800	-6	-119		
1909	19.0900	-6	-119		
1910	19.1000	-5	-119		
1911	19.1100	-4	-119		
1912	19.1200	-3	-119		
1913	19.1300	-2	-116		
1914	19.1400	-1	-101		
1915	19.1500	0	-86		
1916	19.1600	0	-70		
1917	19.1700	1	-53		
1918	19.1800	2	-36		
1919	19.1900	3	-20		
1920	19.2000	4	-2		
1921	19.2100	5	15		
1922	19.2200	6	32		
1923	19.2300	6	49		
1924	19.2400	7	65		
1925	19.2500	8	82		
1926	19.2600	8	97		
1927	19.2700	9	113		
1928	19.2800	9	122		
1929	19.2900	10	122		
1930	19.3000	10	122		
1931	19.3100	11	122		
1932	19.3200	12	122		
1933	19.3300	12	122		
1934	19.3400	12	122		
1935	19.3500	12	122		
1936	19.3600	12	122		
1937	19.3700	12	122		
1938	19.3800	12	122		
1939	19.3900	12	122		
1940	19.4000	12	122		
1941	19.4100	12	122		
1942	19.4200	12	122		
1943	19.4300	12	122		
1944	19.4400	12	122		
1945	19.4500	12	122		
1946	19.4600	11	122		
1947	19.4700	11	122		
1948	19.4800	10	122		
1949	19.4900	9	122		
1950	19.5000	8	122		
1951	19.5100	7	122		
1952	19.5200	6	122		
1953	19.5300	5	122		
1954	19.5400	4	122		
1955	19.5500	4	122		
1956	19.5600	3	122		
1957	19.5700	2	122		
1958	19.5800	1	113		
1959	19.5900	0	98		
1960	19.6000	0	82		
1961	19.6100	-2	65		
1962	19.6200	-3	48		
1963	19.6300	-4	32		
1964	19.6400	-4	14		
1965	19.6500	-5	-2		
1966	19.6600	-6	-20		
1967	19.6700	-6	-36		
1968	19.6800	-7	-54		
1969	19.6900	-8	-70		
1970	19.7000	-8	-86		
1971	19.7100	-9	-102		
1972	19.7200	-10	-118		
1973	19.7300	-10	-119		
1974	19.7400	-10	-119		
1975	19.7500	-11	-119		
1976	19.7600	-11	-119		
1977	19.7700	-11	-119		
1978	19.7800	-11	-119		
1979	19.7900	-12	-119		
1980	19.8000	-12	-119		
1981	19.8100	-12	-119		
1982	19.8200	-12	-119		
1983	19.8300	-12	-119		
1984	19.8400	-12	-119		
1985	19.8500	-12	-119		
1986	19.8600	-12	-119		
1987	19.8700	-11	-119		
1988	19.8800	-11	-119		
1989	19.8900	-11	-119		
1990	19.9000	-11	-119		
1991	19.9100	-10	-119		
1992	19.9200	-10	-119		
1993	19.9300	-10	-119		
1994	19.9400	-9	-119		
1995	19.9500	-8	-119		
1996	19.9600	-8	-119		
1997	19.9700	-7	-119		
1998	19.9800	-6	-119		
1999	19.9900	-6	-119		
2000	20.0000	-4	-119		
2001	20.0100	-4	-119		
2002	20.0200	-3	-119		
2003	20.0300	-2	-108		
2004	20.0400	-1	-92		
2005	20.0500	0	-76		
2006	20.0600	0	-60		
2007	20.0700	2	-43		
2008	20.0800	2	-26		
2009	20.0900	3	-10		
2010	20.1000	4	8		
2011	20.1100	5	25		
2012	20.1200	6	42		
2013	20.1300	6	59		
2014	20.1400	7	76		
2015	20.1500	8	92		
2016	20.1600	8	107		
2017	20.1700	9	122		
2018	20.1800	9	122		
2019	20.1900	10	122		
2020	20.2000	10	122		
2021	20.2100	11	122		
2022	20.2200	12	122		
2023	20.2300	12	122		
2024	20.2400	12	122		
2025	20.2500	12	122		
2026	20.2600	12	122		
2027	20.2700	12	122		
2028	20.2800	12	122		
2029	20.2900	12	122		
2030	20.3000	12	122		
2031	20.3100	12	122		
2032	20.3200	12	122		
2033	20.3300	12	122		
2034	20.3400	12	122		
2035	20.3500	12	122		
2036	20.3600	11	122		
2037	20.3700	11	122		
2038	20.3800	10	122		
2039	20.3900	9	122		
2040	20.4000	8	122		
2041	20.4100	7	122		
2042	20.4200	6	122		
2043	20.4300	5	122		
2044	20.4400	4	122		
2045	20.4500	3	122		
2046	20.4600	2	122		
2047	20.4700	2	120		
2048	20.4800	1	105		
2049	20.4900	0	89		
2050	20.5000	-1	73		
2051	20.5100	-2	56		
2052	20.5200	-3	39		
2053	20.5300	-4	22		
2054	20.5400	-5	5		
2055	20.5500	-5	-12		
2056	20.5600	-6	-29		
2057	20.5700	-7	-46		
2058	20.5800	-7	-63		
2059	20.5900	-8	-80		
2060	20.6000	-9	-96		
2061	20.6100	-10	-111		
2062	20.6200	-10	-119		
2063	20.6300	-10	-119		
2064	20.6400	-10	-119		
2065	20.6500	-11	-119		
2066	20.6600	-11	-119		
2067	20.6700	-11	-119		
2068	20.6800	-12	-119		
2069	20.6900	-12	-119		
2070	20.7000	-12	-119		
2071	20.7100	-12	-119		
2072	20.7200	-12	-119		
2073	20.7300	-12	-119		
2074	20.7400	-12	-119		
2075	20.7500	-12	-119		
2076	20.7600	-12	-119		
2077	20.7700	-12	-119		
2078	20.7800	-12	-119		
2079	20.7900	-12	-119		
2080	20.8000	-11	-119		
2081	20.8100	-10	-119		
2082	20.8200	-10	-119		
2083	20.8300	-10	-119		
2084	20.8400	-9	-119		
2085	20.8500	-8	-119		
2086	20.8600	-8	-119		
2087	20.8700	-7	-119		
2088	20.8800	-6	-119		
2089	20.8900	-5	-119		
2090	20.9000	-4	-119		
2091	20.9100	-4	-119		
2092	20.9200	-3	-115		
2093	20.9300	-2	-100		
2094	20.9400	-1	-84		
2095	20.9500	0	-68		
2096	20.9600	0	-51		
2097	20.9700	2	-34		
2098	20.9800	2	-17		
2099	20.9900	3	0		
2100	21.0000	4	17		
2101	21.0100	5	35		
2102	21.0200	6	52		
2103	21.0300	6	68		
2104	21.0400	7	84		
2105	21.0500	8	100		
2106	21.0600	8	116		
2107	21.0700	9	122		
2108	21.0800	10	122		
2109	21.0900	10	122		
2110	21.1000	10	122		
2111	21.1100	11	122		
2112	21.1200	11	122		
2113	21.1300	12	122		
2114	21.1400	12	122		
2115	21.1500	12	122		
2116	21.1600	12	122		
2117	21.1700	12	122		
2118	21.1800	12	122		
2119	21.1900	12	122		
2120	21.2000	12	122		
2121	21.2100	12	122		
2122	21.2200	12	122		
2123	21.2300	12	122		
2124	21.2400	12	122		
2125	21.2500	12	122		
2126	21.2600	11	122		
2127	21.2700	10	122		
2128	21.2800	10	122		
2129	21.2900	9	122		
2130	21.3000	8	122		
2131	21.3100	7	122		
2132	21.3200	6	122		
2133	21.3300	4	122		
2134	21.3400	4	122		
2135	21.3500	3	122		
2136	21.3600	2	122		
2137	21.3700	2	112		
2138	21.3800	1	96		
2139	21.3900	0	80		
2140	21.4000	-1	63		
2141	21.4100	-2	46		
2142	21.4200	-3	29		
2143	21.4300	-4	12		
2144	21.4400	-5	-5		
2145	21.4500	-6	-22		
2146	21.4600	-6	-39		
2147	21.4700	-7	-56		
2148	21.4800	-8	-73		
2149	21.4900	-8	-89		
2150	21.5000	-9	-105		
