#	time(s)	count A	count B	count C	count D
1	0.0050	-29	-14		
2	0.0100	-29	-14		
3	0.0150	-29	-14		
4	0.0200	-29	-14		
5	0.0250	-30	-14		
6	0.0300	-30	-15		
7	0.0350	-30	-15		
8	0.0400	-30	-15		
9	0.0450	-30	-15		
10	0.0500	-30	-15		
11	0.0550	-30	-16		
12	0.0600	-30	-16		
13	0.0650	-30	-16		
14	0.0700	-30	-16		
15	0.0750	-30	-16		
16	0.0800	-30	-16		
17	0.0850	-30	-16		
18	0.0900	-30	-16		
19	0.0950	-30	-16		
20	0.1000	-30	-16		
21	0.1050	-30	-16		
22	0.1100	-30	-16		
23	0.1150	-30	-17		
24	0.1200	-30	-17		
25	0.1250	-30	-17		
26	0.1300	-30	-17		
27	0.1350	-30	-17		
28	0.1400	-30	-17		
29	0.1450	-30	-17		
30	0.1500	-30	-17		
31	0.1550	-30	-17		
32	0.1600	-30	-17		
33	0.1650	-30	-16		
34	0.1700	-29	-16		
35	0.1750	-29	-16		
36	0.1800	-29	-16		
37	0.1850	-29	-16		
38	0.1900	-28	-16		
39	0.1950	-28	-16		
40	0.2000	-28	-16		
41	0.2050	-28	-16		
42	0.2100	-28	-16		
43	0.2150	-28	-16		
44	0.2200	-27	-16		
45	0.2250	-27	-16		
46	0.2300	-26	-15		
47	0.2350	-26	-15		
48	0.2400	-26	-15		
49	0.2450	-26	-15		
50	0.2500	-26	-14		
51	0.2550	-25	-14		
52	0.2600	-25	-14		
53	0.2650	-24	-14		
54	0.2700	-24	-14		
55	0.2750	-24	-14		
56	0.2800	-24	-13		
57	0.2850	-24	-13		
58	0.2900	-23	-13		
59	0.2950	-22	-12		
60	0.3000	-22	-12		
61	0.3050	-22	-12		
62	0.3100	-22	-12		
63	0.3150	-21	-12		
64	0.3200	-20	-11		
65	0.3250	-20	-11		
66	0.3300	-20	-10		
67	0.3350	-20	-10		
68	0.3400	-19	-10		
69	0.3450	-19	-10		
70	0.3500	-18	-9		
71	0.3550	-18	-9		
72	0.3600	-18	-8		
73	0.3650	-17	-8		
74	0.3700	-17	-8		
75	0.3750	-16	-8		
76	0.3800	-16	-7		
77	0.3850	-16	-7		
78	0.3900	-15	-7		
79	0.3950	-14	-6		
80	0.4000	-14	-6		
81	0.4050	-14	-6		
82	0.4100	-14	-5		
83	0.4150	-13	-5		
84	0.4200	-12	-4		
85	0.4250	-12	-4		
86	0.4300	-12	-4		
87	0.4350	-12	-4		
88	0.4400	-11	-3		
89	0.4450	-10	-3		
90	0.4500	-10	-2		
91	0.4550	-10	-2		
92	0.4600	-10	-2		
93	0.4650	-9	-2		
94	0.4700	-8	-1		
95	0.4750	-8	-1		
96	0.4800	-8	0		
97	0.4850	-8	0		
98	0.4900	-7	0		
99	0.4950	-6	1		
100	0.5000	-6	1		
101	0.5050	-6	1		
102	0.5100	-6	2		
103	0.5150	-5	2		
104	0.5200	-5	2		
105	0.5250	-4	2		
106	0.5300	-4	3		
107	0.5350	-4	3		
108	0.5400	-4	4		
109	0.5450	-4	4		
110	0.5500	-3	4		
111	0.5550	-3	4		
112	0.5600	-2	5		
113	0.5650	-2	5		
114	0.5700	-2	5		
115	0.5750	-2	6		
116	0.5800	-2	6		
117	0.5850	-2	6		
118	0.5900	-1	6		
119	0.5950	-1	6		
120	0.6000	0	7		
121	0.6050	0	7		
122	0.6100	0	7		
123	0.6150	0	8		
124	0.6200	0	8		
125	0.6250	0	8		
126	0.6300	0	8		
127	0.6350	0	8		
128	0.6400	0	8		
129	0.6450	0	8		
130	0.6500	1	9		
131	0.6550	1	9		
132	0.6600	1	9		
133	0.6650	1	9		
134	0.6700	1	9		
135	0.6750	1	9		
136	0.6800	1	10		
137	0.6850	1	10		
138	0.6900	1	10		
139	0.6950	1	10		
140	0.7000	1	10		
141	0.7050	1	10		
142	0.7100	1	10		
143	0.7150	1	10		
144	0.7200	1	10		
145	0.7250	1	10		
146	0.7300	1	10		
147	0.7350	1	10		
148	0.7400	1	10		
149	0.7450	1	10		
150	0.7500	0	10		
151	0.7550	0	10		
152	0.7600	0	10		
153	0.7650	0	10		
154	0.7700	0	10		
155	0.7750	0	10		
156	0.7800	0	10		
157	0.7850	0	10		
158	0.7900	0	10		
159	0.7950	-1	9		
160	0.8000	-1	9		
161	0.8050	-1	9		
162	0.8100	-2	9		
163	0.8150	-2	9		
164	0.8200	-2	9		
165	0.8250	-2	8		
166	0.8300	-2	8		
167	0.8350	-3	8		
168	0.8400	-3	8		
169	0.8450	-4	8		
170	0.8500	-4	8		
171	0.8550	-4	8		
172	0.8600	-4	7		
173	0.8650	-4	7		
174	0.8700	-5	7		
175	0.8750	-5	6		
176	0.8800	-6	6		
177	0.8850	-6	6		
178	0.8900	-6	6		
179	0.8950	-6	6		
180	0.9000	-7	5		
181	0.9050	-8	5		
182	0.9100	-8	4		
183	0.9150	-8	4		
184	0.9200	-8	4		
185	0.9250	-9	4		
186	0.9300	-10	4		
187	0.9350	-10	3		
188	0.9400	-10	3		
189	0.9450	-10	2		
190	0.9500	-11	2		
191	0.9550	-12	2		
192	0.9600	-12	2		
193	0.9650	-12	1		
194	0.9700	-12	1		
195	0.9750	-13	0		
196	0.9800	-14	0		
197	0.9850	-14	0		
198	0.9900	-14	0		
199	0.9950	-14	-1		
200	1.0000	-15	-1		
201	1.0050	-16	-2		
202	1.0100	-16	-2		
203	1.0150	-16	-2		
204	1.0200	-17	-2		
205	1.0250	-17	-3		
206	1.0300	-18	-3		
207	1.0350	-18	-4		
208	1.0400	-18	-4		
209	1.0450	-19	-4		
210	1.0500	-19	-5		
211	1.0550	-20	-5		
212	1.0600	-20	-6		
213	1.0650	-20	-6		
214	1.0700	-21	-6		
215	1.0750	-21	-6		
216	1.0800	-22	-7		
217	1.0850	-22	-7		
218	1.0900	-22	-8		
219	1.0950	-22	-8		
220	1.1000	-23	-8		
221	1.1050	-24	-8		
222	1.1100	-24	-9		
223	1.1150	-24	-9		
224	1.1200	-24	-10		
225	1.1250	-24	-10		
226	1.1300	-25	-10		
227	1.1350	-26	-10		
228	1.1400	-26	-11		
229	1.1450	-26	-11		
230	1.1500	-26	-11		
231	1.1550	-26	-12		
232	1.1600	-27	-12		
233	1.1650	-27	-12		
234	1.1700	-27	-12		
235	1.1750	-28	-13		
236	1.1800	-28	-13		
237	1.1850	-28	-13		
238	1.1900	-28	-14		
239	1.1950	-28	-14		
240	1.2000	-28	-14		
241	1.2050	-29	-14		
242	1.2100	-29	-14		
243	1.2150	-29	-14		
244	1.2200	-29	-15		
245	1.2250	-30	-15		
246	1.2300	-30	-15		
247	1.2350	-30	-15		
248	1.2400	-30	-16		
249	1.2450	-30	-16		
250	1.2500	-30	-16		
251	1.2550	-30	-16		
252	1.2600	-30	-16		
253	1.2650	-30	-16		
254	1.2700	-30	-16		
255	1.2750	-30	-16		
256	1.2800	-30	-16		
257	1.2850	-30	-16		
258	1.2900	-30	-17		
259	1.2950	-30	-17		
260	1.3000	-30	-17		
261	1.3050	-30	-17		
262	1.3100	-30	-17		
263	1.3150	-30	-17		
264	1.3200	-30	-17		
265	1.3250	-30	-17		
266	1.3300	-30	-17		
267	1.3350	-30	-17		
268	1.3400	-30	-17		
269	1.3450	-30	-17		
270	1.3500	-30	-17		
271	1.3550	-30	-17		
272	1.3600	-30	-17		
273	1.3650	-30	-17		
274	1.3700	-29	-17		
275	1.3750	-29	-16		
276	1.3800	-29	-16		
277	1.3850	-29	-16		
278	1.3900	-28	-16		
279	1.3950	-28	-16		
280	1.4000	-28	-16		
281	1.4050	-28	-16		
282	1.4100	-28	-16		
283	1.4150	-28	-16		
284	1.4200	-27	-16		
285	1.4250	-27	-16		
286	1.4300	-26	-15		
287	1.4350	-26	-15		
288	1.4400	-26	-15		
289	1.4450	-26	-14		
290	1.4500	-26	-14		
291	1.4550	-25	-14		
292	1.4600	-25	-14		
293	1.4650	-24	-14		
294	1.4700	-24	-14		
295	1.4750	-24	-13		
296	1.4800	-24	-13		
297	1.4850	-23	-13		
298	1.4900	-23	-12		
299	1.4950	-22	-12		
300	1.5000	-22	-12		
301	1.5050	-22	-12		
302	1.5100	-22	-12		
303	1.5150	-21	-11		
304	1.5200	-20	-11		
305	1.5250	-20	-10		
306	1.5300	-20	-10		
307	1.5350	-20	-10		
308	1.5400	-19	-10		
309	1.5450	-18	-9		
310	1.5500	-18	-9		
311	1.5550	-18	-8		
312	1.5600	-18	-8		
313	1.5650	-17	-8		
314	1.5700	-16	-8		
315	1.5750	-16	-7		
316	1.5800	-16	-7		
317	1.5850	-16	-6		
318	1.5900	-15	-6		
319	1.5950	-14	-6		
320	1.6000	-14	-6		
321	1.6050	-14	-5		
322	1.6100	-14	-5		
323	1.6150	-13	-4		
324	1.6200	-12	-4		
325	1.6250	-12	-4		
326	1.6300	-12	-4		
327	1.6350	-12	-3		
328	1.6400	-11	-3		
329	1.6450	-10	-2		
330	1.6500	-10	-2		
331	1.6550	-10	-2		
332	1.6600	-10	-1		
333	1.6650	-9	-1		
334	1.6700	-8	0		
335	1.6750	-8	0		
336	1.6800	-8	0		
337	1.6850	-8	0		
338	1.6900	-7	1		
339	1.6950	-6	1		
340	1.7000	-6	2		
341	1.7050	-6	2		
342	1.7100	-6	2		
343	1.7150	-5	2		
344	1.7200	-5	3		
345	1.7250	-4	3		
346	1.7300	-4	4		
347	1.7350	-4	4		
348	1.7400	-4	4		
349	1.7450	-4	4		
350	1.7500	-3	4		
351	1.7550	-3	5		
352	1.7600	-2	5		
353	1.7650	-2	6		
354	1.7700	-2	6		
355	1.7750	-2	6		
356	1.7800	-2	6		
357	1.7850	-2	6		
358	1.7900	-1	6		
359	1.7950	-1	7		
360	1.8000	0	7		
361	1.8050	0	7		
362	1.8100	0	8		
363	1.8150	0	8		
364	1.8200	0	8		
365	1.8250	0	8		
366	1.8300	0	8		
367	1.8350	0	8		
368	1.8400	0	8		
369	1.8450	0	9		
370	1.8500	1	9		
371	1.8550	1	9		
372	1.8600	1	9		
373	1.8650	1	9		
374	1.8700	1	9		
375	1.8750	1	10		
376	1.8800	1	10		
377	1.8850	1	10		
378	1.8900	1	10		
379	1.8950	1	10		
380	1.9000	1	10		
381	1.9050	1	10		
382	1.9100	1	10		
383	1.9150	1	10		
384	1.9200	1	10		
385	1.9250	1	10		
386	1.9300	1	10		
387	1.9350	1	10		
388	1.9400	1	10		
389	1.9450	0	10		
390	1.9500	0	10		
391	1.9550	0	10		
392	1.9600	0	10		
393	1.9650	0	10		
394	1.9700	0	10		
395	1.9750	0	10		
396	1.9800	0	10		
397	1.9850	0	9		
398	1.9900	-1	9		
399	1.9950	-1	9		
400	2.0000	-1	9		
401	2.0050	-2	9		
402	2.0100	-2	8		
403	2.0150	-2	8		
404	2.0200	-2	8		
405	2.0250	-2	8		
406	2.0300	-2	8		
407	2.0350	-3	8		
408	2.0400	-3	8		
409	2.0450	-4	8		
410	2.0500	-4	7		
411	2.0550	-4	7		
412	2.0600	-4	7		
413	2.0650	-5	6		
414	2.0700	-5	6		
415	2.0750	-6	6		
416	2.0800	-6	6		
417	2.0850	-6	6		
418	2.0900	-6	5		
419	2.0950	-7	5		
420	2.1000	-7	5		
421	2.1050	-8	4		
422	2.1100	-8	4		
423	2.1150	-8	4		
424	2.1200	-8	4		
425	2.1250	-9	3		
426	2.1300	-10	3		
427	2.1350	-10	2		
428	2.1400	-10	2		
429	2.1450	-11	2		
430	2.1500	-11	2		
431	2.1550	-12	1		
432	2.1600	-12	1		
433	2.1650	-12	0		
434	2.1700	-13	0		
435	2.1750	-13	0		
436	2.1800	-14	0		
437	2.1850	-14	-1		
438	2.1900	-14	-1		
439	2.1950	-15	-2		
440	2.2000	-15	-2		
441	2.2050	-16	-2		
442	2.2100	-16	-2		
443	2.2150	-16	-3		
444	2.2200	-17	-3		
445	2.2250	-18	-4		
446	2.2300	-18	-4		
447	2.2350	-18	-4		
448	2.2400	-18	-4		
449	2.2450	-19	-5		
450	2.2500	-20	-5		
451	2.2550	-20	-6		
452	2.2600	-20	-6		
453	2.2650	-20	-6		
454	2.2700	-21	-6		
455	2.2750	-22	-7		
456	2.2800	-22	-7		
457	2.2850	-22	-8		
458	2.2900	-22	-8		
459	2.2950	-23	-8		
460	2.3000	-23	-8		
461	2.3050	-24	-9		
462	2.3100	-24	-9		
463	2.3150	-24	-10		
464	2.3200	-24	-10		
465	2.3250	-25	-10		
466	2.3300	-25	-10		
467	2.3350	-26	-11		
468	2.3400	-26	-11		
469	2.3450	-26	-11		
470	2.3500	-26	-12		
471	2.3550	-26	-12		
472	2.3600	-27	-12		
473	2.3650	-27	-12		
474	2.3700	-28	-12		
475	2.3750	-28	-13		
476	2.3800	-28	-13		
477	2.3850	-28	-14		
478	2.3900	-28	-14		
479	2.3950	-28	-14		
480	2.4000	-28	-14		
481	2.4050	-29	-14		
482	2.4100	-29	-14		
483	2.4150	-29	-14		
484	2.4200	-30	-15		
485	2.4250	-30	-15		
486	2.4300	-30	-15		
487	2.4350	-30	-15		
488	2.4400	-30	-16		
489	2.4450	-30	-16		
490	2.4500	-30	-16		
491	2.4550	-30	-16		
492	2.4600	-30	-16		
493	2.4650	-30	-16		
494	2.4700	-30	-16		
495	2.4750	-30	-16		
496	2.4800	-30	-16		
497	2.4850	-30	-16		
498	2.4900	-30	-16		
499	2.4950	-30	-16		
500	2.5000	-30	-16		
501	2.5050	-30	-16		
502	2.5100	-30	-17		
503	2.5150	-30	-17		
504	2.5200	-30	-17		
505	2.5250	-30	-17		
506	2.5300	-30	-17		
507	2.5350	-30	-17		
508	2.5400	-30	-17		
509	2.5450	-30	-16		
510	2.5500	-30	-16		
511	2.5550	-30	-16		
512	2.5600	-30	-16		
513	2.5650	-30	-16		
514	2.5700	-29	-16		
515	2.5750	-29	-16		
516	2.5800	-29	-16		
517	2.5850	-28	-16		
518	2.5900	-28	-16		
519	2.5950	-28	-16		
520	2.6000	-28	-16		
521	2.6050	-28	-16		
522	2.6100	-28	-16		
523	2.6150	-28	-15		
524	2.6200	-27	-15		
525	2.6250	-27	-15		
526	2.6300	-26	-15		
527	2.6350	-26	-14		
528	2.6400	-26	-14		
529	2.6450	-26	-14		
530	2.6500	-26	-14		
531	2.6550	-25	-14		
532	2.6600	-25	-14		
533	2.6650	-24	-13		
534	2.6700	-24	-13		
535	2.6750	-24	-13		
536	2.6800	-24	-12		
537	2.6850	-23	-12		
538	2.6900	-23	-12		
539	2.6950	-22	-12		
540	2.7000	-22	-12		
541	2.7050	-22	-11		
542	2.7100	-22	-11		
543	2.7150	-21	-11		
544	2.7200	-20	-10		
545	2.7250	-20	-10		
546	2.7300	-20	-10		
547	2.7350	-20	-10		
548	2.7400	-19	-9		
549	2.7450	-18	-9		
550	2.7500	-18	-8		
551	2.7550	-18	-8		
552	2.7600	-18	-8		
553	2.7650	-17	-8		
554	2.7700	-16	-7		
555	2.7750	-16	-7		
556	2.7800	-16	-6		
557	2.7850	-16	-6		
558	2.7900	-15	-6		
559	2.7950	-14	-6		
560	2.8000	-14	-5		
561	2.8050	-14	-5		
562	2.8100	-13	-4		
563	2.8150	-13	-4		
564	2.8200	-12	-4		
565	2.8250	-12	-4		
566	2.8300	-12	-3		
567	2.8350	-11	-3		
568	2.8400	-11	-2		
569	2.8450	-10	-2		
570	2.8500	-10	-2		
571	2.8550	-10	-2		
572	2.8600	-9	-1		
573	2.8650	-9	-1		
574	2.8700	-8	0		
575	2.8750	-8	0		
576	2.8800	-8	0		
577	2.8850	-8	0		
578	2.8900	-7	1		
579	2.8950	-6	1		
580	2.9000	-6	2		
581	2.9050	-6	2		
582	2.9100	-6	2		
583	2.9150	-5	2		
584	2.9200	-5	3		
585	2.9250	-4	3		
586	2.9300	-4	3		
587	2.9350	-4	4		
588	2.9400	-4	4		
589	2.9450	-4	4		
590	2.9500	-3	4		
591	2.9550	-3	5		
592	2.9600	-2	5		
593	2.9650	-2	5		
594	2.9700	-2	6		
595	2.9750	-2	6		
596	2.9800	-2	6		
597	2.9850	-1	6		
598	2.9900	-1	6		
599	2.9950	-1	6		
600	3.0000	0	7		
601	3.0050	0	7		
602	3.0100	0	7		
603	3.0150	0	8		
604	3.0200	0	8		
605	3.0250	0	8		
606	3.0300	0	8		
607	3.0350	0	8		
608	3.0400	0	8		
609	3.0450	0	8		
610	3.0500	1	8		
611	3.0550	1	8		
612	3.0600	1	9		
613	3.0650	1	9		
614	3.0700	1	9		
615	3.0750	1	9		
616	3.0800	1	9		
617	3.0850	1	9		
618	3.0900	1	9		
619	3.0950	1	9		
620	3.1000	1	10		
621	3.1050	1	10		
622	3.1100	1	10		
623	3.1150	1	10		
624	3.1200	1	10		
625	3.1250	1	10		
626	3.1300	1	10		
627	3.1350	1	10		
628	3.1400	1	10		
629	3.1450	0	10		
630	3.1500	0	10		
631	3.1550	0	9		
632	3.1600	0	9		
633	3.1650	0	9		
634	3.1700	0	9		
635	3.1750	0	9		
636	3.1800	0	9		
637	3.1850	0	9		
638	3.1900	-1	9		
639	3.1950	-1	9		
640	3.2000	-1	8		
641	3.2050	-2	8		
642	3.2100	-2	8		
643	3.2150	-2	8		
644	3.2200	-2	8		
645	3.2250	-2	8		
646	3.2300	-3	8		
647	3.2350	-3	8		
648	3.2400	-4	7		
649	3.2450	-4	7		
650	3.2500	-4	7		
651	3.2550	-4	7		
652	3.2600	-4	6		
653	3.2650	-5	6		
654	3.2700	-5	6		
655	3.2750	-6	6		
656	3.2800	-6	6		
657	3.2850	-6	5		
658	3.2900	-6	5		
659	3.2950	-7	5		
660	3.3000	-8	4		
661	3.3050	-8	4		
662	3.3100	-8	4		
663	3.3150	-8	4		
664	3.3200	-9	4		
665	3.3250	-9	3		
666	3.3300	-10	3		
667	3.3350	-10	2		
668	3.3400	-10	2		
669	3.3450	-11	2		
670	3.3500	-11	2		
671	3.3550	-12	1		
672	3.3600	-12	1		
673	3.3650	-12	1		
674	3.3700	-13	0		
675	3.3750	-13	0		
676	3.3800	-14	0		
677	3.3850	-14	0		
678	3.3900	-14	-1		
679	3.3950	-15	-1		
680	3.4000	-16	-2		
681	3.4050	-16	-2		
682	3.4100	-16	-2		
683	3.4150	-16	-2		
684	3.4200	-17	-3		
685	3.4250	-18	-3		
686	3.4300	-18	-4		
687	3.4350	-18	-4		
688	3.4400	-18	-4		
689	3.4450	-19	-5		
690	3.4500	-20	-5		
691	3.4550	-20	-6		
692	3.4600	-20	-6		
693	3.4650	-20	-6		
694	3.4700	-21	-6		
695	3.4750	-22	-7		
696	3.4800	-22	-7		
697	3.4850	-22	-7		
698	3.4900	-22	-8		
699	3.4950	-23	-8		
700	3.5000	-23	-8		
701	3.5050	-24	-8		
702	3.5100	-24	-9		
703	3.5150	-24	-9		
704	3.5200	-24	-10		
705	3.5250	-25	-10		
706	3.5300	-25	-10		
707	3.5350	-26	-10		
708	3.5400	-26	-11		
709	3.5450	-26	-11		
710	3.5500	-26	-11		
711	3.5550	-26	-12		
712	3.5600	-27	-12		
713	3.5650	-27	-12		
714	3.5700	-28	-12		
715	3.5750	-28	-12		
716	3.5800	-28	-13		
717	3.5850	-28	-13		
718	3.5900	-28	-13		
719	3.5950	-28	-14		
720	3.6000	-29	-14		
721	3.6050	-29	-14		
722	3.6100	-29	-14		
723	3.6150	-29	-14		
724	3.6200	-30	-14		
725	3.6250	-30	-15		
726	3.6300	-30	-15		
727	3.6350	-30	-15		
728	3.6400	-30	-15		
729	3.6450	-30	-15		
730	3.6500	-30	-16		
731	3.6550	-30	-16		
732	3.6600	-30	-16		
733	3.6650	-30	-16		
734	3.6700	-30	-16		
735	3.6750	-30	-16		
736	3.6800	-30	-16		
737	3.6850	-30	-16		
738	3.6900	-30	-16		
739	3.6950	-30	-16		
740	3.7000	-30	-16		
741	3.7050	-30	-16		
742	3.7100	-30	-16		
743	3.7150	-30	-16		
744	3.7200	-30	-16		
745	3.7250	-30	-16		
746	3.7300	-30	-16		
747	3.7350	-30	-16		
748	3.7400	-30	-16		
749	3.7450	-30	-16		
750	3.7500	-30	-16		
751	3.7550	-30	-16		
752	3.7600	-30	-16		
753	3.7650	-30	-16		
754	3.7700	-29	-16		
755	3.7750	-29	-16		
756	3.7800	-29	-16		
757	3.7850	-28	-16		
758	3.7900	-28	-16		
759	3.7950	-28	-16		
760	3.8000	-28	-16		
761	3.8050	-28	-16		
762	3.8100	-28	-16		
763	3.8150	-28	-15		
764	3.8200	-27	-15		
765	3.8250	-27	-15		
766	3.8300	-26	-15		
767	3.8350	-26	-14		
768	3.8400	-26	-14		
769	3.8450	-26	-14		
770	3.8500	-26	-14		
771	3.8550	-25	-14		
772	3.8600	-25	-14		
773	3.8650	-24	-14		
774	3.8700	-24	-13		
775	3.8750	-24	-13		
776	3.8800	-24	-13		
777	3.8850	-23	-12		
778	3.8900	-23	-12		
779	3.8950	-22	-12		
780	3.9000	-22	-12		
781	3.9050	-22	-12		
782	3.9100	-21	-11		
783	3.9150	-21	-11		
784	3.9200	-20	-10		
785	3.9250	-20	-10		
786	3.9300	-20	-10		
787	3.9350	-19	-10		
788	3.9400	-19	-10		
789	3.9450	-18	-9		
790	3.9500	-18	-9		
791	3.9550	-18	-8		
792	3.9600	-17	-8		
793	3.9650	-17	-8		
794	3.9700	-16	-8		
795	3.9750	-16	-7		
796	3.9800	-16	-7		
797	3.9850	-15	-6		
798	3.9900	-15	-6		
799	3.9950	-14	-6		
800	4.0000	-14	-6		
801	4.0050	-14	-5		
802	4.0100	-13	-5		
803	4.0150	-12	-4		
804	4.0200	-12	-4		
805	4.0250	-12	-4		
806	4.0300	-12	-4		
807	4.0350	-11	-3		
808	4.0400	-10	-3		
809	4.0450	-10	-2		
810	4.0500	-10	-2		
811	4.0550	-10	-2		
812	4.0600	-9	-2		
813	4.0650	-8	-1		
814	4.0700	-8	-1		
815	4.0750	-8	0		
816	4.0800	-8	0		
817	4.0850	-7	0		
818	4.0900	-7	0		
819	4.0950	-6	1		
820	4.1000	-6	1		
821	4.1050	-6	2		
822	4.1100	-6	2		
823	4.1150	-5	2		
824	4.1200	-5	2		
825	4.1250	-4	3		
826	4.1300	-4	3		
827	4.1350	-4	3		
828	4.1400	-4	4		
829	4.1450	-3	4		
830	4.1500	-3	4		
831	4.1550	-2	4		
832	4.1600	-2	5		
833	4.1650	-2	5		
834	4.1700	-2	5		
835	4.1750	-2	6		
836	4.1800	-2	6		
837	4.1850	-1	6		
838	4.1900	-1	6		
839	4.1950	-1	6		
840	4.2000	0	6		
841	4.2050	0	7		
842	4.2100	0	7		
843	4.2150	0	7		
844	4.2200	0	8		
845	4.2250	0	8		
846	4.2300	0	8		
847	4.2350	0	8		
848	4.2400	0	8		
849	4.2450	1	8		
850	4.2500	1	8		
851	4.2550	1	8		
852	4.2600	1	9		
853	4.2650	1	9		
854	4.2700	1	9		
855	4.2750	1	9		
856	4.2800	1	9		
857	4.2850	1	9		
858	4.2900	1	9		
859	4.2950	1	9		
860	4.3000	1	10		
861	4.3050	1	10		
862	4.3100	1	10		
863	4.3150	1	10		
864	4.3200	1	10		
865	4.3250	1	10		
866	4.3300	1	10		
867	4.3350	1	10		
868	4.3400	0	10		
869	4.3450	0	10		
870	4.3500	0	10		
871	4.3550	0	10		
872	4.3600	0	10		
873	4.3650	0	9		
874	4.3700	0	9		
875	4.3750	0	9		
876	4.3800	0	9		
877	4.3850	0	9		
878	4.3900	-1	9		
879	4.3950	-1	9		
880	4.4000	-2	9		
881	4.4050	-2	8		
882	4.4100	-2	8		
883	4.4150	-2	8		
884	4.4200	-2	8		
885	4.4250	-2	8		
886	4.4300	-3	8		
887	4.4350	-3	8		
888	4.4400	-4	8		
889	4.4450	-4	7		
890	4.4500	-4	7		
891	4.4550	-4	7		
892	4.4600	-4	7		
893	4.4650	-5	6		
894	4.4700	-5	6		
895	4.4750	-6	6		
896	4.4800	-6	6		
897	4.4850	-6	6		
898	4.4900	-6	5		
899	4.4950	-7	5		
900	4.5000	-8	5		
901	4.5050	-8	4		
902	4.5100	-8	4		
903	4.5150	-8	4		
904	4.5200	-9	4		
905	4.5250	-10	3		
906	4.5300	-10	3		
907	4.5350	-10	3		
908	4.5400	-10	2		
909	4.5450	-11	2		
910	4.5500	-12	2		
911	4.5550	-12	2		
912	4.5600	-12	1		
913	4.5650	-12	1		
914	4.5700	-13	0		
915	4.5750	-14	0		
916	4.5800	-14	0		
917	4.5850	-14	0		
918	4.5900	-14	-1		
919	4.5950	-15	-1		
920	4.6000	-16	-2		
921	4.6050	-16	-2		
922	4.6100	-16	-2		
923	4.6150	-17	-2		
924	4.6200	-17	-3		
925	4.6250	-18	-3		
926	4.6300	-18	-4		
927	4.6350	-18	-4		
928	4.6400	-19	-4		
929	4.6450	-19	-4		
930	4.6500	-20	-5		
931	4.6550	-20	-5		
932	4.6600	-20	-6		
933	4.6650	-21	-6		
934	4.6700	-21	-6		
935	4.6750	-22	-6		
936	4.6800	-22	-7		
937	4.6850	-22	-7		
938	4.6900	-22	-8		
939	4.6950	-23	-8		
940	4.7000	-24	-8		
941	4.7050	-24	-8		
942	4.7100	-24	-9		
943	4.7150	-24	-9		
944	4.7200	-25	-10		
945	4.7250	-25	-10		
946	4.7300	-26	-10		
947	4.7350	-26	-10		
948	4.7400	-26	-11		
949	4.7450	-26	-11		
950	4.7500	-26	-11		
951	4.7550	-27	-12		
952	4.7600	-27	-12		
953	4.7650	-27	-12		
954	4.7700	-28	-12		
955	4.7750	-28	-12		
956	4.7800	-28	-13		
957	4.7850	-28	-13		
958	4.7900	-28	-13		
959	4.7950	-28	-14		
960	4.8000	-29	-14		
961	4.8050	-29	-14		
962	4.8100	-29	-14		
963	4.8150	-30	-14		
964	4.8200	-30	-14		
965	4.8250	-30	-15		
966	4.8300	-30	-15		
967	4.8350	-30	-15		
968	4.8400	-30	-15		
969	4.8450	-30	-15		
970	4.8500	-30	-16		
971	4.8550	-30	-16		
972	4.8600	-30	-16		
973	4.8650	-30	-16		
974	4.8700	-30	-16		
975	4.8750	-30	-16		
976	4.8800	-30	-16		
977	4.8850	-30	-16		
978	4.8900	-30	-16		
979	4.8950	-30	-16		
980	4.9000	-30	-16		
981	4.9050	-30	-16		
982	4.9100	-30	-16		
983	4.9150	-30	-16		
984	4.9200	-30	-16		
985	4.9250	-30	-16		
986	4.9300	-30	-16		
987	4.9350	-30	-16		
988	4.9400	-30	-16		
989	4.9450	-30	-16		
990	4.9500	-30	-16		
991	4.9550	-30	-16		
992	4.9600	-30	-16		
993	4.9650	-30	-16		
994	4.9700	-29	-16		
995	4.9750	-29	-16		
996	4.9800	-29	-16		
997	4.9850	-28	-16		
998	4.9900	-28	-16		
999	4.9950	-28	-16		
1000	5.0000	-28	-16		
1001	5.0050	-28	-16		
1002	5.0100	-28	-16		
1003	5.0150	-27	-16		
1004	5.0200	-27	-15		
1005	5.0250	-26	-15		
1006	5.0300	-26	-15		
1007	5.0350	-26	-15		
1008	5.0400	-26	-14		
1009	5.0450	-26	-14		
1010	5.0500	-26	-14		
1011	5.0550	-25	-14		
1012	5.0600	-24	-14		
1013	5.0650	-24	-14		
1014	5.0700	-24	-13		
1015	5.0750	-24	-13		
1016	5.0800	-24	-13		
1017	5.0850	-23	-12		
1018	5.0900	-22	-12		
1019	5.0950	-22	-12		
1020	5.1000	-22	-12		
1021	5.1050	-22	-12		
1022	5.1100	-21	-11		
1023	5.1150	-20	-11		
1024	5.1200	-20	-10		
1025	5.1250	-20	-10		
1026	5.1300	-20	-10		
1027	5.1350	-19	-10		
1028	5.1400	-19	-10		
1029	5.1450	-18	-9		
1030	5.1500	-18	-9		
1031	5.1550	-18	-8		
1032	5.1600	-17	-8		
1033	5.1650	-17	-8		
1034	5.1700	-16	-8		
1035	5.1750	-16	-7		
1036	5.1800	-16	-7		
1037	5.1850	-15	-6		
1038	5.1900	-14	-6		
1039	5.1950	-14	-6		
1040	5.2000	-14	-6		
1041	5.2050	-14	-5		
1042	5.2100	-13	-5		
1043	5.2150	-12	-4		
1044	5.2200	-12	-4		
1045	5.2250	-12	-4		
1046	5.2300	-12	-4		
1047	5.2350	-11	-3		
1048	5.2400	-10	-3		
1049	5.2450	-10	-2		
1050	5.2500	-10	-2		
1051	5.2550	-10	-2		
1052	5.2600	-9	-2		
1053	5.2650	-8	-1		
1054	5.2700	-8	-1		
1055	5.2750	-8	0		
1056	5.2800	-8	0		
1057	5.2850	-7	0		
1058	5.2900	-7	0		
1059	5.2950	-6	1		
1060	5.3000	-6	1		
1061	5.3050	-6	2		
1062	5.3100	-6	2		
1063	5.3150	-5	2		
1064	5.3200	-4	2		
1065	5.3250	-4	3		
1066	5.3300	-4	3		
1067	5.3350	-4	4		
1068	5.3400	-4	4		
1069	5.3450	-3	4		
1070	5.3500	-3	4		
1071	5.3550	-2	4		
1072	5.3600	-2	5		
1073	5.3650	-2	5		
1074	5.3700	-2	6		
1075	5.3750	-2	6		
1076	5.3800	-2	6		
1077	5.3850	-1	6		
1078	5.3900	-1	6		
1079	5.3950	-1	6		
1080	5.4000	0	7		
1081	5.4050	0	7		
1082	5.4100	0	7		
1083	5.4150	0	8		
1084	5.4200	0	8		
1085	5.4250	0	8		
1086	5.4300	0	8		
1087	5.4350	0	8		
1088	5.4400	0	8		
1089	5.4450	1	8		
1090	5.4500	1	8		
1091	5.4550	1	9		
1092	5.4600	1	9		
1093	5.4650	1	9		
1094	5.4700	1	9		
1095	5.4750	1	9		
1096	5.4800	1	9		
1097	5.4850	1	9		
1098	5.4900	1	10		
1099	5.4950	1	10		
1100	5.5000	1	10		
1101	5.5050	1	10		
1102	5.5100	1	10		
1103	5.5150	1	10		
1104	5.5200	1	10		
1105	5.5250	1	10		
1106	5.5300	1	10		
1107	5.5350	1	10		
1108	5.5400	0	10		
1109	5.5450	0	10		
1110	5.5500	0	10		
1111	5.5550	0	10		
1112	5.5600	0	10		
1113	5.5650	0	10		
1114	5.5700	0	10		
1115	5.5750	0	9		
1116	5.5800	0	9		
1117	5.5850	-1	9		
1118	5.5900	-1	9		
1119	5.5950	-1	9		
1120	5.6000	-2	9		
1121	5.6050	-2	9		
1122	5.6100	-2	8		
1123	5.6150	-2	8		
1124	5.6200	-2	8		
1125	5.6250	-2	8		
1126	5.6300	-3	8		
1127	5.6350	-3	8		
1128	5.6400	-4	8		
1129	5.6450	-4	7		
1130	5.6500	-4	7		
1131	5.6550	-4	7		
1132	5.6600	-5	7		
1133	5.6650	-5	6		
1134	5.6700	-6	6		
1135	5.6750	-6	6		
1136	5.6800	-6	6		
1137	5.6850	-6	6		
1138	5.6900	-7	5		
1139	5.6950	-7	5		
1140	5.7000	-8	5		
1141	5.7050	-8	4		
1142	5.7100	-8	4		
1143	5.7150	-8	4		
1144	5.7200	-9	4		
1145	5.7250	-10	3		
1146	5.7300	-10	3		
1147	5.7350	-10	2		
1148	5.7400	-10	2		
1149	5.7450	-11	2		
1150	5.7500	-12	2		
1151	5.7550	-12	2		
1152	5.7600	-12	1		
1153	5.7650	-12	1		
1154	5.7700	-13	0		
1155	5.7750	-14	0		
1156	5.7800	-14	0		
1157	5.7850	-14	0		
1158	5.7900	-15	-1		
1159	5.7950	-15	-1		
1160	5.8000	-16	-2		
1161	5.8050	-16	-2		
1162	5.8100	-16	-2		
1163	5.8150	-17	-3		
1164	5.8200	-18	-3		
1165	5.8250	-18	-3		
1166	5.8300	-18	-4		
1167	5.8350	-18	-4		
1168	5.8400	-19	-4		
1169	5.8450	-20	-5		
1170	5.8500	-20	-5		
1171	5.8550	-20	-6		
1172	5.8600	-20	-6		
1173	5.8650	-21	-6		
1174	5.8700	-21	-6		
1175	5.8750	-22	-7		
1176	5.8800	-22	-7		
1177	5.8850	-22	-8		
1178	5.8900	-23	-8		
1179	5.8950	-23	-8		
1180	5.9000	-24	-8		
1181	5.9050	-24	-9		
1182	5.9100	-24	-9		
1183	5.9150	-24	-10		
1184	5.9200	-25	-10		
1185	5.9250	-25	-10		
1186	5.9300	-26	-10		
1187	5.9350	-26	-10		
1188	5.9400	-26	-11		
1189	5.9450	-26	-11		
1190	5.9500	-26	-12		
1191	5.9550	-27	-12		
1192	5.9600	-27	-12		
1193	5.9650	-28	-12		
1194	5.9700	-28	-12		
1195	5.9750	-28	-13		
1196	5.9800	-28	-13		
1197	5.9850	-28	-13		
1198	5.9900	-28	-14		
1199	5.9950	-28	-14		
1200	6.0000	-29	-14		
1201	6.0050	-29	-14		
1202	6.0100	-29	-14		
1203	6.0150	-30	-14		
1204	6.0200	-30	-15		
1205	6.0250	-30	-15		
1206	6.0300	-30	-15		
1207	6.0350	-30	-15		
1208	6.0400	-30	-16		
1209	6.0450	-30	-16		
1210	6.0500	-30	-16		
1211	6.0550	-30	-16		
1212	6.0600	-30	-16		
1213	6.0650	-30	-16		
1214	6.0700	-30	-16		
1215	6.0750	-30	-16		
1216	6.0800	-30	-16		
1217	6.0850	-30	-16		
1218	6.0900	-30	-16		
1219	6.0950	-30	-16		
1220	6.1000	-30	-17		
1221	6.1050	-30	-17		
1222	6.1100	-30	-17		
1223	6.1150	-30	-17		
1224	6.1200	-30	-17		
1225	6.1250	-30	-17		
1226	6.1300	-30	-17		
1227	6.1350	-30	-17		
1228	6.1400	-30	-17		
1229	6.1450	-30	-17		
1230	6.1500	-30	-17		
1231	6.1550	-30	-17		
1232	6.1600	-30	-16		
1233	6.1650	-29	-16		
1234	6.1700	-29	-16		
1235	6.1750	-29	-16		
1236	6.1800	-29	-16		
1237	6.1850	-28	-16		
1238	6.1900	-28	-16		
1239	6.1950	-28	-16		
1240	6.2000	-28	-16		
1241	6.2050	-28	-16		
1242	6.2100	-28	-16		
1243	6.2150	-27	-16		
1244	6.2200	-27	-15		
1245	6.2250	-26	-15		
1246	6.2300	-26	-15		
1247	6.2350	-26	-15		
1248	6.2400	-26	-14		
1249	6.2450	-26	-14		
1250	6.2500	-25	-14		
1251	6.2550	-25	-14		
1252	6.2600	-24	-14		
1253	6.2650	-24	-14		
1254	6.2700	-24	-13		
1255	6.2750	-24	-13		
1256	6.2800	-23	-13		
1257	6.2850	-23	-12		
1258	6.2900	-22	-12		
1259	6.2950	-22	-12		
1260	6.3000	-22	-12		
1261	6.3050	-22	-12		
1262	6.3100	-21	-11		
1263	6.3150	-20	-11		
1264	6.3200	-20	-10		
1265	6.3250	-20	-10		
1266	6.3300	-20	-10		
1267	6.3350	-19	-10		
1268	6.3400	-18	-9		
1269	6.3450	-18	-9		
1270	6.3500	-18	-9		
1271	6.3550	-18	-8		
1272	6.3600	-17	-8		
1273	6.3650	-16	-8		
1274	6.3700	-16	-8		
1275	6.3750	-16	-7		
1276	6.3800	-16	-7		
1277	6.3850	-15	-6		
1278	6.3900	-14	-6		
1279	6.3950	-14	-6		
1280	6.4000	-14	-5		
1281	6.4050	-14	-5		
1282	6.4100	-13	-4		
1283	6.4150	-12	-4		
1284	6.4200	-12	-4		
1285	6.4250	-12	-4		
1286	6.4300	-11	-3		
1287	6.4350	-11	-3		
1288	6.4400	-10	-2		
1289	6.4450	-10	-2		
1290	6.4500	-10	-2		
1291	6.4550	-9	-2		
1292	6.4600	-9	-1		
1293	6.4650	-8	-1		
1294	6.4700	-8	0		
1295	6.4750	-8	0		
1296	6.4800	-8	0		
1297	6.4850	-7	0		
1298	6.4900	-6	1		
1299	6.4950	-6	1		
1300	6.5000	-6	2		
1301	6.5050	-6	2		
1302	6.5100	-5	2		
1303	6.5150	-5	2		
1304	6.5200	-4	3		
1305	6.5250	-4	3		
1306	6.5300	-4	4		
1307	6.5350	-4	4		
1308	6.5400	-4	4		
1309	6.5450	-3	4		
1310	6.5500	-3	4		
1311	6.5550	-2	5		
1312	6.5600	-2	5		
1313	6.5650	-2	5		
1314	6.5700	-2	6		
1315	6.5750	-2	6		
1316	6.5800	-2	6		
1317	6.5850	-1	6		
1318	6.5900	-1	6		
1319	6.5950	0	7		
1320	6.6000	0	7		
1321	6.6050	0	7		
1322	6.6100	0	8		
1323	6.6150	0	8		
1324	6.6200	0	8		
1325	6.6250	0	8		
1326	6.6300	0	8		
1327	6.6350	0	8		
1328	6.6400	0	8		
1329	6.6450	1	9		
1330	6.6500	1	9		
1331	6.6550	1	9		
1332	6.6600	1	9		
1333	6.6650	1	9		
1334	6.6700	1	9		
1335	6.6750	1	10		
1336	6.6800	1	10		
1337	6.6850	1	10		
1338	6.6900	1	10		
1339	6.6950	1	10		
1340	6.7000	1	10		
1341	6.7050	1	10		
1342	6.7100	1	10		
1343	6.7150	1	10		
1344	6.7200	1	10		
1345	6.7250	1	10		
1346	6.7300	1	10		
1347	6.7350	1	10		
1348	6.7400	0	10		
1349	6.7450	0	10		
1350	6.7500	0	10		
1351	6.7550	0	10		
1352	6.7600	0	10		
1353	6.7650	0	10		
1354	6.7700	0	10		
1355	6.7750	0	9		
1356	6.7800	0	9		
1357	6.7850	-1	9		
1358	6.7900	-1	9		
1359	6.7950	-1	9		
1360	6.8000	-2	9		
1361	6.8050	-2	8		
1362	6.8100	-2	8		
1363	6.8150	-2	8		
1364	6.8200	-2	8		
1365	6.8250	-3	8		
1366	6.8300	-3	8		
1367	6.8350	-3	8		
1368	6.8400	-4	7		
1369	6.8450	-4	7		
1370	6.8500	-4	7		
1371	6.8550	-4	7		
1372	6.8600	-5	6		
1373	6.8650	-5	6		
1374	6.8700	-6	6		
1375	6.8750	-6	6		
1376	6.8800	-6	6		
1377	6.8850	-6	5		
1378	6.8900	-7	5		
1379	6.8950	-7	5		
1380	6.9000	-8	4		
1381	6.9050	-8	4		
1382	6.9100	-8	4		
1383	6.9150	-9	4		
1384	6.9200	-9	3		
1385	6.9250	-10	3		
1386	6.9300	-10	2		
1387	6.9350	-10	2		
1388	6.9400	-11	2		
1389	6.9450	-11	2		
1390	6.9500	-12	1		
1391	6.9550	-12	1		
1392	6.9600	-12	1		
1393	6.9650	-13	0		
1394	6.9700	-13	0		
1395	6.9750	-14	0		
1396	6.9800	-14	-1		
1397	6.9850	-14	-1		
1398	6.9900	-15	-1		
1399	6.9950	-16	-2		
1400	7.0000	-16	-2		
1401	7.0050	-16	-2		
1402	7.0100	-16	-3		
1403	7.0150	-17	-3		
1404	7.0200	-18	-4		
1405	7.0250	-18	-4		
1406	7.0300	-18	-4		
1407	7.0350	-18	-4		
1408	7.0400	-19	-5		
1409	7.0450	-20	-5		
1410	7.0500	-20	-6		
1411	7.0550	-20	-6		
1412	7.0600	-20	-6		
1413	7.0650	-21	-6		
1414	7.0700	-22	-7		
1415	7.0750	-22	-7		
1416	7.0800	-22	-8		
1417	7.0850	-22	-8		
1418	7.0900	-23	-8		
1419	7.0950	-23	-8		
1420	7.1000	-24	-9		
1421	7.1050	-24	-9		
1422	7.1100	-24	-10		
1423	7.1150	-24	-10		
1424	7.1200	-25	-10		
1425	7.1250	-25	-10		
1426	7.1300	-26	-11		
1427	7.1350	-26	-11		
1428	7.1400	-26	-11		
1429	7.1450	-26	-12		
1430	7.1500	-26	-12		
1431	7.1550	-27	-12		
1432	7.1600	-27	-12		
1433	7.1650	-28	-12		
1434	7.1700	-28	-13		
1435	7.1750	-28	-13		
1436	7.1800	-28	-14		
1437	7.1850	-28	-14		
1438	7.1900	-28	-14		
1439	7.1950	-29	-14		
1440	7.2000	-29	-14		
1441	7.2050	-29	-14		
1442	7.2100	-29	-15		
1443	7.2150	-30	-15		
1444	7.2200	-30	-15		
1445	7.2250	-30	-15		
1446	7.2300	-30	-16		
1447	7.2350	-30	-16		
1448	7.2400	-30	-16		
1449	7.2450	-30	-16		
1450	7.2500	-30	-16		
1451	7.2550	-30	-16		
1452	7.2600	-30	-16		
1453	7.2650	-30	-16		
1454	7.2700	-30	-16		
1455	7.2750	-30	-16		
1456	7.2800	-30	-16		
1457	7.2850	-30	-16		
1458	7.2900	-30	-16		
1459	7.2950	-30	-17		
1460	7.3000	-30	-17		
1461	7.3050	-30	-17		
1462	7.3100	-30	-17		
1463	7.3150	-30	-17		
1464	7.3200	-30	-17		
1465	7.3250	-30	-17		
1466	7.3300	-30	-17		
1467	7.3350	-30	-17		
1468	7.3400	-30	-17		
1469	7.3450	-30	-17		
1470	7.3500	-30	-17		
1471	7.3550	-30	-16		
1472	7.3600	-30	-16		
1473	7.3650	-29	-16		
1474	7.3700	-29	-16		
1475	7.3750	-29	-16		
1476	7.3800	-28	-16		
1477	7.3850	-28	-16		
1478	7.3900	-28	-16		
1479	7.3950	-28	-16		
1480	7.4000	-28	-16		
1481	7.4050	-28	-16		
1482	7.4100	-28	-16		
1483	7.4150	-27	-15		
1484	7.4200	-27	-15		
1485	7.4250	-26	-15		
1486	7.4300	-26	-15		
1487	7.4350	-26	-14		
1488	7.4400	-26	-14		
1489	7.4450	-26	-14		
1490	7.4500	-25	-14		
1491	7.4550	-25	-14		
1492	7.4600	-24	-14		
1493	7.4650	-24	-13		
1494	7.4700	-24	-13		
1495	7.4750	-24	-13		
1496	7.4800	-23	-12		
1497	7.4850	-23	-12		
1498	7.4900	-22	-12		
1499	7.4950	-22	-12		
1500	7.5000	-22	-12		
1501	7.5050	-21	-11		
1502	7.5100	-21	-11		
1503	7.5150	-20	-10		
1504	7.5200	-20	-10		
1505	7.5250	-20	-10		
1506	7.5300	-20	-10		
1507	7.5350	-19	-9		
1508	7.5400	-18	-9		
1509	7.5450	-18	-9		
1510	7.5500	-18	-8		
1511	7.5550	-18	-8		
1512	7.5600	-17	-8		
1513	7.5650	-16	-7		
1514	7.5700	-16	-7		
1515	7.5750	-16	-7		
1516	7.5800	-15	-6		
1517	7.5850	-15	-6		
1518	7.5900	-14	-6		
1519	7.5950	-14	-5		
1520	7.6000	-14	-5		
1521	7.6050	-13	-4		
1522	7.6100	-13	-4		
1523	7.6150	-12	-4		
1524	7.6200	-12	-4		
1525	7.6250	-12	-3		
1526	7.6300	-11	-3		
1527	7.6350	-10	-2		
1528	7.6400	-10	-2		
1529	7.6450	-10	-2		
1530	7.6500	-10	-2		
1531	7.6550	-9	-1		
1532	7.6600	-9	-1		
1533	7.6650	-8	0		
1534	7.6700	-8	0		
1535	7.6750	-8	0		
1536	7.6800	-7	0		
1537	7.6850	-7	1		
1538	7.6900	-6	1		
1539	7.6950	-6	2		
1540	7.7000	-6	2		
1541	7.7050	-6	2		
1542	7.7100	-5	2		
1543	7.7150	-5	3		
1544	7.7200	-4	3		
1545	7.7250	-4	3		
1546	7.7300	-4	4		
1547	7.7350	-4	4		
1548	7.7400	-4	4		
1549	7.7450	-3	4		
1550	7.7500	-2	5		
1551	7.7550	-2	5		
1552	7.7600	-2	5		
1553	7.7650	-2	6		
1554	7.7700	-2	6		
1555	7.7750	-2	6		
1556	7.7800	-1	6		
1557	7.7850	-1	6		
1558	7.7900	-1	6		
1559	7.7950	0	7		
1560	7.8000	0	7		
1561	7.8050	0	7		
1562	7.8100	0	8		
1563	7.8150	0	8		
1564	7.8200	0	8		
1565	7.8250	0	8		
1566	7.8300	0	8		
1567	7.8350	0	8		
1568	7.8400	1	8		
1569	7.8450	1	8		
1570	7.8500	1	8		
1571	7.8550	1	9		
1572	7.8600	1	9		
1573	7.8650	1	9		
1574	7.8700	1	9		
1575	7.8750	1	9		
1576	7.8800	1	9		
1577	7.8850	1	9		
1578	7.8900	1	9		
1579	7.8950	1	10		
1580	7.9000	1	10		
1581	7.9050	1	10		
1582	7.9100	1	10		
1583	7.9150	1	10		
1584	7.9200	1	10		
1585	7.9250	1	10		
1586	7.9300	1	10		
1587	7.9350	0	10		
1588	7.9400	0	10		
1589	7.9450	0	10		
1590	7.9500	0	9		
1591	7.9550	0	9		
1592	7.9600	0	9		
1593	7.9650	0	9		
1594	7.9700	0	9		
1595	7.9750	0	9		
1596	7.9800	0	9		
1597	7.9850	-1	9		
1598	7.9900	-1	8		
1599	7.9950	-1	8		
1600	8.0000	-2	8		
1601	8.0050	-2	8		
1602	8.0100	-2	8		
1603	8.0150	-2	8		
1604	8.0200	-2	8		
1605	8.0250	-3	8		
1606	8.0300	-3	8		
1607	8.0350	-4	7		
1608	8.0400	-4	7		
1609	8.0450	-4	7		
1610	8.0500	-4	6		
1611	8.0550	-4	6		
1612	8.0600	-5	6		
1613	8.0650	-5	6		
1614	8.0700	-6	6		
1615	8.0750	-6	6		
1616	8.0800	-6	5		
1617	8.0850	-6	5		
1618	8.0900	-7	5		
1619	8.0950	-8	4		
1620	8.1000	-8	4		
1621	8.1050	-8	4		
1622	8.1100	-8	4		
1623	8.1150	-9	3		
1624	8.1200	-10	3		
1625	8.1250	-10	3		
1626	8.1300	-10	2		
1627	8.1350	-10	2		
1628	8.1400	-11	2		
1629	8.1450	-12	2		
1630	8.1500	-12	1		
1631	8.1550	-12	1		
1632	8.1600	-12	0		
1633	8.1650	-13	0		
1634	8.1700	-14	0		
1635	8.1750	-14	0		
1636	8.1800	-14	-1		
1637	8.1850	-14	-1		
1638	8.1900	-15	-2		
1639	8.1950	-16	-2		
1640	8.2000	-16	-2		
1641	8.2050	-16	-2		
1642	8.2100	-17	-3		
1643	8.2150	-17	-3		
1644	8.2200	-18	-4		
1645	8.2250	-18	-4		
1646	8.2300	-18	-4		
1647	8.2350	-19	-4		
1648	8.2400	-19	-5		
1649	8.2450	-20	-5		
1650	8.2500	-20	-6		
1651	8.2550	-20	-6		
1652	8.2600	-21	-6		
1653	8.2650	-21	-6		
1654	8.2700	-22	-7		
1655	8.2750	-22	-7		
1656	8.2800	-22	-8		
1657	8.2850	-22	-8		
1658	8.2900	-23	-8		
1659	8.2950	-24	-8		
1660	8.3000	-24	-9		
1661	8.3050	-24	-9		
1662	8.3100	-24	-9		
1663	8.3150	-24	-10		
1664	8.3200	-25	-10		
1665	8.3250	-26	-10		
1666	8.3300	-26	-10		
1667	8.3350	-26	-11		
1668	8.3400	-26	-11		
1669	8.3450	-26	-11		
1670	8.3500	-27	-12		
1671	8.3550	-27	-12		
1672	8.3600	-27	-12		
1673	8.3650	-28	-12		
1674	8.3700	-28	-12		
1675	8.3750	-28	-13		
1676	8.3800	-28	-13		
1677	8.3850	-28	-13		
1678	8.3900	-28	-14		
1679	8.3950	-29	-14		
1680	8.4000	-29	-14		
1681	8.4050	-29	-14		
1682	8.4100	-30	-14		
1683	8.4150	-30	-14		
1684	8.4200	-30	-15		
1685	8.4250	-30	-15		
1686	8.4300	-30	-15		
1687	8.4350	-30	-15		
1688	8.4400	-30	-15		
1689	8.4450	-30	-16		
1690	8.4500	-30	-16		
1691	8.4550	-30	-16		
1692	8.4600	-30	-16		
1693	8.4650	-30	-16		
1694	8.4700	-30	-16		
1695	8.4750	-30	-16		
1696	8.4800	-30	-16		
1697	8.4850	-30	-16		
1698	8.4900	-30	-16		
1699	8.4950	-30	-16		
1700	8.5000	-30	-16		
1701	8.5050	-30	-16		
1702	8.5100	-30	-16		
1703	8.5150	-30	-16		
1704	8.5200	-30	-16		
1705	8.5250	-30	-16		
1706	8.5300	-30	-16		
1707	8.5350	-30	-16		
1708	8.5400	-30	-16		
1709	8.5450	-30	-16		
1710	8.5500	-30	-16		
1711	8.5550	-30	-16		
1712	8.5600	-30	-16		
1713	8.5650	-29	-16		
1714	8.5700	-29	-16		
1715	8.5750	-29	-16		
1716	8.5800	-28	-16		
1717	8.5850	-28	-16		
1718	8.5900	-28	-16		
1719	8.5950	-28	-16		
1720	8.6000	-28	-16		
1721	8.6050	-28	-15		
1722	8.6100	-27	-15		
1723	8.6150	-27	-15		
1724	8.6200	-26	-15		
1725	8.6250	-26	-15		
1726	8.6300	-26	-14		
1727	8.6350	-26	-14		
1728	8.6400	-26	-14		
1729	8.6450	-26	-14		
1730	8.6500	-25	-14		
1731	8.6550	-24	-14		
1732	8.6600	-24	-13		
1733	8.6650	-24	-13		
1734	8.6700	-24	-13		
1735	8.6750	-24	-12		
1736	8.6800	-23	-12		
1737	8.6850	-22	-12		
1738	8.6900	-22	-12		
1739	8.6950	-22	-12		
1740	8.7000	-22	-11		
1741	8.7050	-21	-11		
1742	8.7100	-21	-11		
1743	8.7150	-20	-10		
1744	8.7200	-20	-10		
1745	8.7250	-20	-10		
1746	8.7300	-19	-10		
1747	8.7350	-19	-9		
1748	8.7400	-18	-9		
1749	8.7450	-18	-9		
1750	8.7500	-18	-8		
1751	8.7550	-17	-8		
1752	8.7600	-17	-8		
1753	8.7650	-16	-8		
1754	8.7700	-16	-7		
1755	8.7750	-16	-7		
1756	8.7800	-15	-6		
1757	8.7850	-14	-6		
1758	8.7900	-14	-6		
1759	8.7950	-14	-6		
1760	8.8000	-14	-5		
1761	8.8050	-13	-5		
1762	8.8100	-12	-4		
1763	8.8150	-12	-4		
1764	8.8200	-12	-4		
1765	8.8250	-12	-4		
1766	8.8300	-11	-3		
1767	8.8350	-10	-3		
1768	8.8400	-10	-2		
1769	8.8450	-10	-2		
1770	8.8500	-10	-2		
1771	8.8550	-9	-2		
1772	8.8600	-8	-1		
1773	8.8650	-8	-1		
1774	8.8700	-8	0		
1775	8.8750	-8	0		
1776	8.8800	-7	0		
1777	8.8850	-7	0		
1778	8.8900	-6	1		
1779	8.8950	-6	1		
1780	8.9000	-6	2		
1781	8.9050	-6	2		
1782	8.9100	-5	2		
1783	8.9150	-4	2		
1784	8.9200	-4	3		
1785	8.9250	-4	3		
1786	8.9300	-4	3		
1787	8.9350	-4	4		
1788	8.9400	-3	4		
1789	8.9450	-3	4		
1790	8.9500	-2	4		
1791	8.9550	-2	5		
1792	8.9600	-2	5		
1793	8.9650	-2	5		
1794	8.9700	-2	6		
1795	8.9750	-2	6		
1796	8.9800	-1	6		
1797	8.9850	-1	6		
1798	8.9900	-1	6		
1799	8.9950	0	6		
1800	9.0000	0	7		
1801	9.0050	0	7		
1802	9.0100	0	7		
1803	9.0150	0	8		
1804	9.0200	0	8		
1805	9.0250	0	8		
1806	9.0300	0	8		
1807	9.0350	0	8		
1808	9.0400	1	8		
1809	9.0450	1	8		
1810	9.0500	1	8		
1811	9.0550	1	8		
1812	9.0600	1	9		
1813	9.0650	1	9		
1814	9.0700	1	9		
1815	9.0750	1	9		
1816	9.0800	1	9		
1817	9.0850	1	9		
1818	9.0900	1	9		
1819	9.0950	1	9		
1820	9.1000	1	9		
1821	9.1050	1	10		
1822	9.1100	1	10		
1823	9.1150	1	10		
1824	9.1200	1	10		
1825	9.1250	1	10		
1826	9.1300	1	10		
1827	9.1350	0	10		
1828	9.1400	0	10		
1829	9.1450	0	10		
1830	9.1500	0	10		
1831	9.1550	0	9		
1832	9.1600	0	9		
1833	9.1650	0	9		
1834	9.1700	0	9		
1835	9.1750	0	9		
1836	9.1800	0	9		
1837	9.1850	-1	9		
1838	9.1900	-1	9		
1839	9.1950	-2	8		
1840	9.2000	-2	8		
1841	9.2050	-2	8		
1842	9.2100	-2	8		
1843	9.2150	-2	8		
1844	9.2200	-2	8		
1845	9.2250	-3	8		
1846	9.2300	-3	8		
1847	9.2350	-4	8		
1848	9.2400	-4	7		
1849	9.2450	-4	7		
1850	9.2500	-4	7		
1851	9.2550	-4	6		
1852	9.2600	-5	6		
1853	9.2650	-6	6		
1854	9.2700	-6	6		
1855	9.2750	-6	6		
1856	9.2800	-6	6		
1857	9.2850	-7	5		
1858	9.2900	-7	5		
1859	9.2950	-8	4		
1860	9.3000	-8	4		
1861	9.3050	-8	4		
1862	9.3100	-8	4		
1863	9.3150	-9	4		
1864	9.3200	-10	3		
1865	9.3250	-10	3		
1866	9.3300	-10	2		
1867	9.3350	-10	2		
1868	9.3400	-11	2		
1869	9.3450	-12	2		
1870	9.3500	-12	2		
1871	9.3550	-12	1		
1872	9.3600	-12	1		
1873	9.3650	-13	0		
1874	9.3700	-14	0		
1875	9.3750	-14	0		
1876	9.3800	-14	0		
1877	9.3850	-15	-1		
1878	9.3900	-15	-1		
1879	9.3950	-16	-2		
1880	9.4000	-16	-2		
1881	9.4050	-16	-2		
1882	9.4100	-17	-2		
1883	9.4150	-17	-3		
1884	9.4200	-18	-3		
1885	9.4250	-18	-4		
1886	9.4300	-18	-4		
1887	9.4350	-19	-4		
1888	9.4400	-19	-4		
1889	9.4450	-20	-5		
1890	9.4500	-20	-5		
1891	9.4550	-20	-6		
1892	9.4600	-21	-6		
1893	9.4650	-21	-6		
1894	9.4700	-22	-6		
1895	9.4750	-22	-7		
1896	9.4800	-22	-7		
1897	9.4850	-23	-8		
1898	9.4900	-23	-8		
1899	9.4950	-24	-8		
1900	9.5000	-24	-8		
1901	9.5050	-24	-9		
1902	9.5100	-24	-9		
1903	9.5150	-25	-10		
1904	9.5200	-25	-10		
1905	9.5250	-26	-10		
1906	9.5300	-26	-10		
1907	9.5350	-26	-10		
1908	9.5400	-26	-11		
1909	9.5450	-26	-11		
1910	9.5500	-27	-12		
1911	9.5550	-27	-12		
1912	9.5600	-28	-12		
1913	9.5650	-28	-12		
1914	9.5700	-28	-12		
1915	9.5750	-28	-13		
1916	9.5800	-28	-13		
1917	9.5850	-28	-13		
1918	9.5900	-28	-14		
1919	9.5950	-29	-14		
1920	9.6000	-29	-14		
1921	9.6050	-29	-14		
1922	9.6100	-30	-14		
1923	9.6150	-30	-14		
1924	9.6200	-30	-15		
1925	9.6250	-30	-15		
1926	9.6300	-30	-15		
1927	9.6350	-30	-15		
1928	9.6400	-30	-15		
1929	9.6450	-30	-16		
1930	9.6500	-30	-16		
1931	9.6550	-30	-16		
1932	9.6600	-30	-16		
1933	9.6650	-30	-16		
1934	9.6700	-30	-16		
1935	9.6750	-30	-16		
1936	9.6800	-30	-16		
1937	9.6850	-30	-16		
1938	9.6900	-30	-16		
1939	9.6950	-30	-16		
1940	9.7000	-30	-16		
1941	9.7050	-30	-16		
1942	9.7100	-30	-16		
1943	9.7150	-30	-16		
1944	9.7200	-30	-16		
1945	9.7250	-30	-16		
1946	9.7300	-30	-16		
1947	9.7350	-30	-16		
1948	9.7400	-30	-16		
1949	9.7450	-30	-16		
1950	9.7500	-30	-16		
1951	9.7550	-30	-16		
1952	9.7600	-30	-16		
1953	9.7650	-29	-16		
1954	9.7700	-29	-16		
1955	9.7750	-29	-16		
1956	9.7800	-28	-16		
1957	9.7850	-28	-16		
1958	9.7900	-28	-16		
1959	9.7950	-28	-16		
1960	9.8000	-28	-16		
1961	9.8050	-28	-16		
1962	9.8100	-27	-15		
1963	9.8150	-27	-15		
1964	9.8200	-26	-15		
1965	9.8250	-26	-15		
1966	9.8300	-26	-15		
1967	9.8350	-26	-14		
1968	9.8400	-26	-14		
1969	9.8450	-25	-14		
1970	9.8500	-25	-14		
1971	9.8550	-24	-14		
1972	9.8600	-24	-14		
1973	9.8650	-24	-13		
1974	9.8700	-24	-13		
1975	9.8750	-23	-13		
1976	9.8800	-23	-12		
1977	9.8850	-22	-12		
1978	9.8900	-22	-12		
1979	9.8950	-22	-12		
1980	9.9000	-22	-12		
1981	9.9050	-21	-11		
1982	9.9100	-20	-11		
1983	9.9150	-20	-10		
1984	9.9200	-20	-10		
1985	9.9250	-20	-10		
1986	9.9300	-19	-10		
1987	9.9350	-18	-10		
1988	9.9400	-18	-9		
1989	9.9450	-18	-9		
1990	9.9500	-18	-8		
1991	9.9550	-17	-8		
1992	9.9600	-16	-8		
1993	9.9650	-16	-8		
1994	9.9700	-16	-7		
1995	9.9750	-16	-7		
1996	9.9800	-15	-6		
1997	9.9850	-14	-6		
1998	9.9900	-14	-6		
1999	9.9950	-14	-6		
2000	10.0000	-14	-5		
