#	time(s)	count A	count B	count C	count D
1	0.0050	-24	-8		
2	0.0100	-25	-8		
3	0.0150	-25	-8		
4	0.0200	-26	-8		
5	0.0250	-26	-8		
6	0.0300	-26	-8		
7	0.0350	-26	-9		
8	0.0400	-26	-9		
9	0.0450	-26	-9		
10	0.0500	-27	-9		
11	0.0550	-27	-9		
12	0.0600	-27	-10		
13	0.0650	-28	-10		
14	0.0700	-28	-10		
15	0.0750	-28	-10		
16	0.0800	-28	-10		
17	0.0850	-28	-10		
18	0.0900	-28	-10		
19	0.0950	-28	-10		
20	0.1000	-29	-10		
21	0.1050	-29	-10		
22	0.1100	-29	-10		
23	0.1150	-29	-10		
24	0.1200	-30	-11		
25	0.1250	-30	-11		
26	0.1300	-30	-11		
27	0.1350	-30	-11		
28	0.1400	-30	-11		
29	0.1450	-30	-11		
30	0.1500	-30	-11		
31	0.1550	-30	-11		
32	0.1600	-30	-11		
33	0.1650	-30	-12		
34	0.1700	-30	-12		
35	0.1750	-30	-12		
36	0.1800	-30	-12		
37	0.1850	-30	-12		
38	0.1900	-30	-12		
39	0.1950	-30	-12		
40	0.2000	-30	-12		
41	0.2050	-30	-12		
42	0.2100	-30	-12		
43	0.2150	-30	-12		
44	0.2200	-30	-12		
45	0.2250	-30	-12		
46	0.2300	-30	-12		
47	0.2350	-30	-12		
48	0.2400	-30	-12		
49	0.2450	-30	-12		
50	0.2500	-30	-12		
51	0.2550	-30	-12		
52	0.2600	-30	-12		
53	0.2650	-30	-12		
54	0.2700	-30	-12		
55	0.2750	-30	-12		
56	0.2800	-30	-12		
57	0.2850	-30	-12		
58	0.2900	-30	-12		
59	0.2950	-29	-12		
60	0.3000	-29	-12		
61	0.3050	-29	-12		
62	0.3100	-29	-12		
63	0.3150	-28	-11		
64	0.3200	-28	-11		
65	0.3250	-28	-11		
66	0.3300	-28	-11		
67	0.3350	-28	-11		
68	0.3400	-28	-11		
69	0.3450	-28	-11		
70	0.3500	-28	-11		
71	0.3550	-27	-11		
72	0.3600	-27	-11		
73	0.3650	-26	-10		
74	0.3700	-26	-10		
75	0.3750	-26	-10		
76	0.3800	-26	-10		
77	0.3850	-26	-10		
78	0.3900	-26	-10		
79	0.3950	-25	-10		
80	0.4000	-25	-10		
81	0.4050	-24	-10		
82	0.4100	-24	-10		
83	0.4150	-24	-10		
84	0.4200	-24	-9		
85	0.4250	-24	-9		
86	0.4300	-24	-9		
87	0.4350	-23	-9		
88	0.4400	-22	-9		
89	0.4450	-22	-8		
90	0.4500	-22	-8		
91	0.4550	-22	-8		
92	0.4600	-22	-8		
93	0.4650	-21	-8		
94	0.4700	-21	-8		
95	0.4750	-20	-8		
96	0.4800	-20	-8		
97	0.4850	-20	-8		
98	0.4900	-20	-7		
99	0.4950	-19	-7		
100	0.5000	-19	-7		
101	0.5050	-18	-7		
102	0.5100	-18	-6		
103	0.5150	-18	-6		
104	0.5200	-18	-6		
105	0.5250	-17	-6		
106	0.5300	-17	-6		
107	0.5350	-16	-6		
108	0.5400	-16	-6		
109	0.5450	-16	-5		
110	0.5500	-16	-5		
111	0.5550	-15	-5		
112	0.5600	-14	-5		
113	0.5650	-14	-4		
114	0.5700	-14	-4		
115	0.5750	-14	-4		
116	0.5800	-14	-4		
117	0.5850	-13	-4		
118	0.5900	-12	-4		
119	0.5950	-12	-4		
120	0.6000	-12	-3		
121	0.6050	-12	-3		
122	0.6100	-11	-3		
123	0.6150	-11	-3		
124	0.6200	-10	-2		
125	0.6250	-10	-2		
126	0.6300	-10	-2		
127	0.6350	-10	-2		
128	0.6400	-9	-2		
129	0.6450	-9	-2		
130	0.6500	-8	-2		
131	0.6550	-8	-1		
132	0.6600	-8	-1		
133	0.6650	-8	-1		
134	0.6700	-8	-1		
135	0.6750	-7	0		
136	0.6800	-6	0		
137	0.6850	-6	0		
138	0.6900	-6	0		
139	0.6950	-6	0		
140	0.7000	-6	0		
141	0.7050	-5	0		
142	0.7100	-5	0		
143	0.7150	-4	1		
144	0.7200	-4	1		
145	0.7250	-4	1		
146	0.7300	-4	1		
147	0.7350	-4	1		
148	0.7400	-4	2		
149	0.7450	-3	2		
150	0.7500	-3	2		
151	0.7550	-2	2		
152	0.7600	-2	2		
153	0.7650	-2	2		
154	0.7700	-2	2		
155	0.7750	-2	2		
156	0.7800	-2	2		
157	0.7850	-2	3		
158	0.7900	-1	3		
159	0.7950	-1	3		
160	0.8000	-1	3		
161	0.8050	0	3		
162	0.8100	0	3		
163	0.8150	0	4		
164	0.8200	0	4		
165	0.8250	0	4		
166	0.8300	0	4		
167	0.8350	0	4		
168	0.8400	0	4		
169	0.8450	0	4		
170	0.8500	0	4		
171	0.8550	0	4		
172	0.8600	1	4		
173	0.8650	1	4		
174	0.8700	1	4		
175	0.8750	1	4		
176	0.8800	1	4		
177	0.8850	1	4		
178	0.8900	1	4		
179	0.8950	1	4		
180	0.9000	1	5		
181	0.9050	1	5		
182	0.9100	1	5		
183	0.9150	1	5		
184	0.9200	1	5		
185	0.9250	1	5		
186	0.9300	1	5		
187	0.9350	1	5		
188	0.9400	1	5		
189	0.9450	1	5		
190	0.9500	1	5		
191	0.9550	1	5		
192	0.9600	1	5		
193	0.9650	1	5		
194	0.9700	1	5		
195	0.9750	1	5		
196	0.9800	0	5		
197	0.9850	0	5		
198	0.9900	0	5		
199	0.9950	0	5		
200	1.0000	0	5		
201	1.0050	0	4		
202	1.0100	0	4		
203	1.0150	0	4		
204	1.0200	0	4		
205	1.0250	0	4		
206	1.0300	0	4		
207	1.0350	-1	4		
208	1.0400	-1	4		
209	1.0450	-1	4		
210	1.0500	-2	4		
211	1.0550	-2	4		
212	1.0600	-2	4		
213	1.0650	-2	4		
214	1.0700	-2	4		
215	1.0750	-2	4		
216	1.0800	-2	4		
217	1.0850	-3	4		
218	1.0900	-3	3		
219	1.0950	-4	3		
220	1.1000	-4	3		
221	1.1050	-4	3		
222	1.1100	-4	3		
223	1.1150	-4	3		
224	1.1200	-4	2		
225	1.1250	-5	2		
226	1.1300	-5	2		
227	1.1350	-6	2		
228	1.1400	-6	2		
229	1.1450	-6	2		
230	1.1500	-6	2		
231	1.1550	-6	2		
232	1.1600	-7	2		
233	1.1650	-7	1		
234	1.1700	-8	1		
235	1.1750	-8	1		
236	1.1800	-8	1		
237	1.1850	-8	1		
238	1.1900	-9	0		
239	1.1950	-9	0		
240	1.2000	-10	0		
241	1.2050	-10	0		
242	1.2100	-10	0		
243	1.2150	-10	0		
244	1.2200	-11	0		
245	1.2250	-11	0		
246	1.2300	-12	-1		
247	1.2350	-12	-1		
248	1.2400	-12	-1		
249	1.2450	-12	-1		
250	1.2500	-13	-2		
251	1.2550	-14	-2		
252	1.2600	-14	-2		
253	1.2650	-14	-2		
254	1.2700	-14	-2		
255	1.2750	-15	-2		
256	1.2800	-15	-2		
257	1.2850	-16	-3		
258	1.2900	-16	-3		
259	1.2950	-16	-3		
260	1.3000	-16	-3		
261	1.3050	-17	-4		
262	1.3100	-17	-4		
263	1.3150	-18	-4		
264	1.3200	-18	-4		
265	1.3250	-18	-4		
266	1.3300	-18	-4		
267	1.3350	-19	-4		
268	1.3400	-19	-5		
269	1.3450	-20	-5		
270	1.3500	-20	-5		
271	1.3550	-20	-5		
272	1.3600	-20	-6		
273	1.3650	-21	-6		
274	1.3700	-21	-6		
275	1.3750	-22	-6		
276	1.3800	-22	-6		
277	1.3850	-22	-6		
278	1.3900	-22	-6		
279	1.3950	-23	-7		
280	1.4000	-23	-7		
281	1.4050	-24	-7		
282	1.4100	-24	-7		
283	1.4150	-24	-8		
284	1.4200	-24	-8		
285	1.4250	-24	-8		
286	1.4300	-25	-8		
287	1.4350	-25	-8		
288	1.4400	-26	-8		
289	1.4450	-26	-8		
290	1.4500	-26	-8		
291	1.4550	-26	-9		
292	1.4600	-26	-9		
293	1.4650	-26	-9		
294	1.4700	-26	-9		
295	1.4750	-27	-9		
296	1.4800	-27	-10		
297	1.4850	-28	-10		
298	1.4900	-28	-10		
299	1.4950	-28	-10		
300	1.5000	-28	-10		
301	1.5050	-28	-10		
302	1.5100	-28	-10		
303	1.5150	-28	-10		
304	1.5200	-28	-10		
305	1.5250	-29	-10		
306	1.5300	-29	-10		
307	1.5350	-29	-11		
308	1.5400	-29	-11		
309	1.5450	-30	-11		
310	1.5500	-30	-11		
311	1.5550	-30	-11		
312	1.5600	-30	-11		
313	1.5650	-30	-11		
314	1.5700	-30	-11		
315	1.5750	-30	-11		
316	1.5800	-30	-12		
317	1.5850	-30	-12		
318	1.5900	-30	-12		
319	1.5950	-30	-12		
320	1.6000	-30	-12		
321	1.6050	-30	-12		
322	1.6100	-30	-12		
323	1.6150	-30	-12		
324	1.6200	-30	-12		
325	1.6250	-30	-12		
326	1.6300	-30	-12		
327	1.6350	-30	-12		
328	1.6400	-30	-12		
329	1.6450	-30	-12		
330	1.6500	-30	-12		
331	1.6550	-30	-12		
332	1.6600	-30	-12		
333	1.6650	-30	-12		
334	1.6700	-30	-12		
335	1.6750	-30	-12		
336	1.6800	-30	-12		
337	1.6850	-30	-12		
338	1.6900	-30	-12		
339	1.6950	-30	-12		
340	1.7000	-30	-12		
341	1.7050	-30	-12		
342	1.7100	-30	-12		
343	1.7150	-30	-12		
344	1.7200	-29	-12		
345	1.7250	-29	-12		
346	1.7300	-29	-12		
347	1.7350	-29	-12		
348	1.7400	-28	-12		
349	1.7450	-28	-12		
350	1.7500	-28	-11		
351	1.7550	-28	-11		
352	1.7600	-28	-11		
353	1.7650	-28	-11		
354	1.7700	-28	-11		
355	1.7750	-27	-11		
356	1.7800	-27	-11		
357	1.7850	-27	-11		
358	1.7900	-26	-10		
359	1.7950	-26	-10		
360	1.8000	-26	-10		
361	1.8050	-26	-10		
362	1.8100	-26	-10		
363	1.8150	-26	-10		
364	1.8200	-25	-10		
365	1.8250	-25	-10		
366	1.8300	-24	-10		
367	1.8350	-24	-10		
368	1.8400	-24	-10		
369	1.8450	-24	-9		
370	1.8500	-24	-9		
371	1.8550	-23	-9		
372	1.8600	-23	-9		
373	1.8650	-22	-9		
374	1.8700	-22	-8		
375	1.8750	-22	-8		
376	1.8800	-22	-8		
377	1.8850	-22	-8		
378	1.8900	-21	-8		
379	1.8950	-21	-8		
380	1.9000	-20	-8		
381	1.9050	-20	-8		
382	1.9100	-20	-7		
383	1.9150	-20	-7		
384	1.9200	-19	-7		
385	1.9250	-19	-7		
386	1.9300	-18	-6		
387	1.9350	-18	-6		
388	1.9400	-18	-6		
389	1.9450	-18	-6		
390	1.9500	-17	-6		
391	1.9550	-16	-6		
392	1.9600	-16	-6		
393	1.9650	-16	-6		
394	1.9700	-16	-5		
395	1.9750	-16	-5		
396	1.9800	-15	-5		
397	1.9850	-14	-5		
398	1.9900	-14	-4		
399	1.9950	-14	-4		
400	2.0000	-14	-4		
401	2.0050	-13	-4		
402	2.0100	-13	-4		
403	2.0150	-12	-4		
404	2.0200	-12	-4		
405	2.0250	-12	-3		
406	2.0300	-12	-3		
407	2.0350	-11	-3		
408	2.0400	-11	-3		
409	2.0450	-10	-2		
410	2.0500	-10	-2		
411	2.0550	-10	-2		
412	2.0600	-10	-2		
413	2.0650	-9	-2		
414	2.0700	-9	-2		
415	2.0750	-8	-2		
416	2.0800	-8	-1		
417	2.0850	-8	-1		
418	2.0900	-8	-1		
419	2.0950	-7	-1		
420	2.1000	-7	0		
421	2.1050	-6	0		
422	2.1100	-6	0		
423	2.1150	-6	0		
424	2.1200	-6	0		
425	2.1250	-6	0		
426	2.1300	-5	0		
427	2.1350	-5	0		
428	2.1400	-4	1		
429	2.1450	-4	1		
430	2.1500	-4	1		
431	2.1550	-4	1		
432	2.1600	-4	2		
433	2.1650	-4	2		
434	2.1700	-3	2		
435	2.1750	-3	2		
436	2.1800	-2	2		
437	2.1850	-2	2		
438	2.1900	-2	2		
439	2.1950	-2	2		
440	2.2000	-2	2		
441	2.2050	-2	2		
442	2.2100	-2	3		
443	2.2150	-1	3		
444	2.2200	-1	3		
445	2.2250	-1	3		
446	2.2300	0	3		
447	2.2350	0	3		
448	2.2400	0	4		
449	2.2450	0	4		
450	2.2500	0	4		
451	2.2550	0	4		
452	2.2600	0	4		
453	2.2650	0	4		
454	2.2700	0	4		
455	2.2750	0	4		
456	2.2800	0	4		
457	2.2850	1	4		
458	2.2900	1	4		
459	2.2950	1	4		
460	2.3000	1	4		
461	2.3050	1	4		
462	2.3100	1	4		
463	2.3150	1	4		
464	2.3200	1	4		
465	2.3250	1	4		
466	2.3300	1	4		
467	2.3350	1	5		
468	2.3400	1	5		
469	2.3450	1	5		
470	2.3500	1	5		
471	2.3550	1	5		
472	2.3600	1	5		
473	2.3650	1	5		
474	2.3700	1	5		
475	2.3750	1	5		
476	2.3800	1	5		
477	2.3850	1	5		
478	2.3900	1	5		
479	2.3950	1	5		
480	2.4000	1	5		
481	2.4050	0	4		
482	2.4100	0	4		
483	2.4150	0	4		
484	2.4200	0	4		
485	2.4250	0	4		
486	2.4300	0	4		
487	2.4350	0	4		
488	2.4400	0	4		
489	2.4450	0	4		
490	2.4500	0	4		
491	2.4550	0	4		
492	2.4600	-1	4		
493	2.4650	-1	4		
494	2.4700	-1	4		
495	2.4750	-2	4		
496	2.4800	-2	4		
497	2.4850	-2	4		
498	2.4900	-2	4		
499	2.4950	-2	4		
500	2.5000	-2	4		
501	2.5050	-2	3		
502	2.5100	-3	3		
503	2.5150	-3	3		
504	2.5200	-4	3		
505	2.5250	-4	3		
506	2.5300	-4	3		
507	2.5350	-4	3		
508	2.5400	-4	2		
509	2.5450	-4	2		
510	2.5500	-5	2		
511	2.5550	-5	2		
512	2.5600	-6	2		
513	2.5650	-6	2		
514	2.5700	-6	2		
515	2.5750	-6	2		
516	2.5800	-7	2		
517	2.5850	-7	1		
518	2.5900	-8	1		
519	2.5950	-8	1		
520	2.6000	-8	1		
521	2.6050	-8	1		
522	2.6100	-8	0		
523	2.6150	-9	0		
524	2.6200	-10	0		
525	2.6250	-10	0		
526	2.6300	-10	0		
527	2.6350	-10	0		
528	2.6400	-10	0		
529	2.6450	-11	0		
530	2.6500	-12	-1		
531	2.6550	-12	-1		
532	2.6600	-12	-1		
533	2.6650	-12	-1		
534	2.6700	-12	-2		
535	2.6750	-13	-2		
536	2.6800	-14	-2		
537	2.6850	-14	-2		
538	2.6900	-14	-2		
539	2.6950	-14	-2		
540	2.7000	-15	-2		
541	2.7050	-15	-3		
542	2.7100	-16	-3		
543	2.7150	-16	-3		
544	2.7200	-16	-3		
545	2.7250	-16	-4		
546	2.7300	-17	-4		
547	2.7350	-17	-4		
548	2.7400	-18	-4		
549	2.7450	-18	-4		
550	2.7500	-18	-4		
551	2.7550	-18	-4		
552	2.7600	-19	-5		
553	2.7650	-19	-5		
554	2.7700	-20	-5		
555	2.7750	-20	-5		
556	2.7800	-20	-6		
557	2.7850	-20	-6		
558	2.7900	-21	-6		
559	2.7950	-21	-6		
560	2.8000	-22	-6		
561	2.8050	-22	-6		
562	2.8100	-22	-6		
563	2.8150	-22	-6		
564	2.8200	-23	-7		
565	2.8250	-23	-7		
566	2.8300	-24	-7		
567	2.8350	-24	-7		
568	2.8400	-24	-8		
569	2.8450	-24	-8		
570	2.8500	-24	-8		
571	2.8550	-25	-8		
572	2.8600	-25	-8		
573	2.8650	-26	-8		
574	2.8700	-26	-8		
575	2.8750	-26	-8		
576	2.8800	-26	-8		
577	2.8850	-26	-9		
578	2.8900	-26	-9		
579	2.8950	-27	-9		
580	2.9000	-27	-9		
581	2.9050	-27	-9		
582	2.9100	-28	-10		
583	2.9150	-28	-10		
584	2.9200	-28	-10		
585	2.9250	-28	-10		
586	2.9300	-28	-10		
587	2.9350	-28	-10		
588	2.9400	-28	-10		
589	2.9450	-28	-10		
590	2.9500	-29	-10		
591	2.9550	-29	-10		
592	2.9600	-29	-10		
593	2.9650	-29	-10		
594	2.9700	-30	-11		
595	2.9750	-30	-11		
596	2.9800	-30	-11		
597	2.9850	-30	-11		
598	2.9900	-30	-11		
599	2.9950	-30	-11		
600	3.0000	-30	-11		
601	3.0050	-30	-11		
602	3.0100	-30	-11		
603	3.0150	-30	-11		
604	3.0200	-30	-12		
605	3.0250	-30	-12		
606	3.0300	-30	-12		
607	3.0350	-30	-12		
608	3.0400	-30	-12		
609	3.0450	-30	-12		
610	3.0500	-30	-12		
611	3.0550	-30	-12		
612	3.0600	-30	-12		
613	3.0650	-30	-12		
614	3.0700	-30	-12		
615	3.0750	-30	-12		
616	3.0800	-30	-12		
617	3.0850	-30	-12		
618	3.0900	-30	-12		
619	3.0950	-30	-12		
620	3.1000	-30	-12		
621	3.1050	-30	-12		
622	3.1100	-30	-12		
623	3.1150	-30	-12		
624	3.1200	-30	-12		
625	3.1250	-30	-12		
626	3.1300	-30	-12		
627	3.1350	-30	-12		
628	3.1400	-30	-12		
629	3.1450	-29	-12		
630	3.1500	-29	-12		
631	3.1550	-29	-12		
632	3.1600	-28	-11		
633	3.1650	-28	-11		
634	3.1700	-28	-11		
635	3.1750	-28	-11		
636	3.1800	-28	-11		
637	3.1850	-28	-11		
638	3.1900	-28	-11		
639	3.1950	-28	-11		
640	3.2000	-27	-11		
641	3.2050	-27	-11		
642	3.2100	-27	-10		
643	3.2150	-26	-10		
644	3.2200	-26	-10		
645	3.2250	-26	-10		
646	3.2300	-26	-10		
647	3.2350	-26	-10		
648	3.2400	-26	-10		
649	3.2450	-25	-10		
650	3.2500	-25	-10		
651	3.2550	-24	-10		
652	3.2600	-24	-10		
653	3.2650	-24	-10		
654	3.2700	-24	-9		
655	3.2750	-24	-9		
656	3.2800	-23	-9		
657	3.2850	-23	-9		
658	3.2900	-22	-9		
659	3.2950	-22	-8		
660	3.3000	-22	-8		
661	3.3050	-22	-8		
662	3.3100	-22	-8		
663	3.3150	-21	-8		
664	3.3200	-20	-8		
665	3.3250	-20	-8		
666	3.3300	-20	-8		
667	3.3350	-20	-7		
668	3.3400	-20	-7		
669	3.3450	-19	-7		
670	3.3500	-19	-7		
671	3.3550	-18	-7		
672	3.3600	-18	-6		
673	3.3650	-18	-6		
674	3.3700	-18	-6		
675	3.3750	-17	-6		
676	3.3800	-16	-6		
677	3.3850	-16	-6		
678	3.3900	-16	-6		
679	3.3950	-16	-5		
680	3.4000	-15	-5		
681	3.4050	-15	-5		
682	3.4100	-14	-5		
683	3.4150	-14	-4		
684	3.4200	-14	-4		
685	3.4250	-14	-4		
686	3.4300	-13	-4		
687	3.4350	-13	-4		
688	3.4400	-12	-4		
689	3.4450	-12	-4		
690	3.4500	-12	-3		
691	3.4550	-12	-3		
692	3.4600	-11	-3		
693	3.4650	-11	-3		
694	3.4700	-10	-2		
695	3.4750	-10	-2		
696	3.4800	-10	-2		
697	3.4850	-10	-2		
698	3.4900	-9	-2		
699	3.4950	-9	-2		
700	3.5000	-8	-2		
701	3.5050	-8	-1		
702	3.5100	-8	-1		
703	3.5150	-8	-1		
704	3.5200	-7	-1		
705	3.5250	-7	0		
706	3.5300	-6	0		
707	3.5350	-6	0		
708	3.5400	-6	0		
709	3.5450	-6	0		
710	3.5500	-6	0		
711	3.5550	-5	0		
712	3.5600	-5	0		
713	3.5650	-4	1		
714	3.5700	-4	1		
715	3.5750	-4	1		
716	3.5800	-4	1		
717	3.5850	-4	1		
718	3.5900	-4	2		
719	3.5950	-3	2		
720	3.6000	-3	2		
721	3.6050	-2	2		
722	3.6100	-2	2		
723	3.6150	-2	2		
724	3.6200	-2	2		
725	3.6250	-2	2		
726	3.6300	-2	2		
727	3.6350	-2	3		
728	3.6400	-1	3		
729	3.6450	-1	3		
730	3.6500	-1	3		
731	3.6550	0	3		
732	3.6600	0	3		
733	3.6650	0	3		
734	3.6700	0	4		
735	3.6750	0	4		
736	3.6800	0	4		
737	3.6850	0	4		
738	3.6900	0	4		
739	3.6950	0	4		
740	3.7000	0	4		
741	3.7050	0	4		
742	3.7100	1	4		
743	3.7150	1	4		
744	3.7200	1	4		
745	3.7250	1	4		
746	3.7300	1	4		
747	3.7350	1	4		
748	3.7400	1	4		
749	3.7450	1	4		
750	3.7500	1	4		
751	3.7550	1	4		
752	3.7600	1	4		
753	3.7650	1	4		
754	3.7700	1	4		
755	3.7750	1	4		
756	3.7800	1	5		
757	3.7850	1	5		
758	3.7900	1	5		
759	3.7950	1	5		
760	3.8000	1	5		
761	3.8050	1	5		
762	3.8100	1	5		
763	3.8150	1	5		
764	3.8200	1	5		
765	3.8250	1	5		
766	3.8300	0	4		
767	3.8350	0	4		
768	3.8400	0	4		
769	3.8450	0	4		
770	3.8500	0	4		
771	3.8550	0	4		
772	3.8600	0	4		
773	3.8650	0	4		
774	3.8700	0	4		
775	3.8750	0	4		
776	3.8800	0	4		
777	3.8850	-1	4		
778	3.8900	-1	4		
779	3.8950	-1	4		
780	3.9000	-2	4		
781	3.9050	-2	4		
782	3.9100	-2	4		
783	3.9150	-2	4		
784	3.9200	-2	4		
785	3.9250	-2	4		
786	3.9300	-2	3		
787	3.9350	-3	3		
788	3.9400	-3	3		
789	3.9450	-4	3		
790	3.9500	-4	3		
791	3.9550	-4	3		
792	3.9600	-4	3		
793	3.9650	-4	2		
794	3.9700	-4	2		
795	3.9750	-5	2		
796	3.9800	-5	2		
797	3.9850	-6	2		
798	3.9900	-6	2		
799	3.9950	-6	2		
800	4.0000	-6	2		
801	4.0050	-7	2		
802	4.0100	-7	1		
803	4.0150	-8	1		
804	4.0200	-8	1		
805	4.0250	-8	1		
806	4.0300	-8	1		
807	4.0350	-8	0		
808	4.0400	-9	0		
809	4.0450	-10	0		
810	4.0500	-10	0		
811	4.0550	-10	0		
812	4.0600	-10	0		
813	4.0650	-10	0		
814	4.0700	-11	0		
815	4.0750	-12	-1		
816	4.0800	-12	-1		
817	4.0850	-12	-1		
818	4.0900	-12	-1		
819	4.0950	-13	-2		
820	4.1000	-13	-2		
821	4.1050	-14	-2		
822	4.1100	-14	-2		
823	4.1150	-14	-2		
824	4.1200	-14	-2		
825	4.1250	-15	-2		
826	4.1300	-15	-2		
827	4.1350	-16	-3		
828	4.1400	-16	-3		
829	4.1450	-16	-3		
830	4.1500	-16	-3		
831	4.1550	-17	-4		
832	4.1600	-17	-4		
833	4.1650	-18	-4		
834	4.1700	-18	-4		
835	4.1750	-18	-4		
836	4.1800	-18	-4		
837	4.1850	-19	-4		
838	4.1900	-20	-5		
839	4.1950	-20	-5		
840	4.2000	-20	-5		
841	4.2050	-20	-5		
842	4.2100	-20	-6		
843	4.2150	-21	-6		
844	4.2200	-21	-6		
845	4.2250	-22	-6		
846	4.2300	-22	-6		
847	4.2350	-22	-6		
848	4.2400	-22	-6		
849	4.2450	-23	-7		
850	4.2500	-23	-7		
851	4.2550	-24	-7		
852	4.2600	-24	-7		
853	4.2650	-24	-7		
854	4.2700	-24	-8		
855	4.2750	-24	-8		
856	4.2800	-25	-8		
857	4.2850	-25	-8		
858	4.2900	-26	-8		
859	4.2950	-26	-8		
860	4.3000	-26	-8		
861	4.3050	-26	-8		
862	4.3100	-26	-9		
863	4.3150	-26	-9		
864	4.3200	-27	-9		
865	4.3250	-27	-9		
866	4.3300	-27	-9		
867	4.3350	-28	-10		
868	4.3400	-28	-10		
869	4.3450	-28	-10		
870	4.3500	-28	-10		
871	4.3550	-28	-10		
872	4.3600	-28	-10		
873	4.3650	-28	-10		
874	4.3700	-28	-10		
875	4.3750	-29	-10		
876	4.3800	-29	-10		
877	4.3850	-29	-10		
878	4.3900	-29	-10		
879	4.3950	-30	-11		
880	4.4000	-30	-11		
881	4.4050	-30	-11		
882	4.4100	-30	-11		
883	4.4150	-30	-11		
884	4.4200	-30	-11		
885	4.4250	-30	-11		
886	4.4300	-30	-11		
887	4.4350	-30	-11		
888	4.4400	-30	-12		
889	4.4450	-30	-12		
890	4.4500	-30	-12		
891	4.4550	-30	-12		
892	4.4600	-30	-12		
893	4.4650	-30	-12		
894	4.4700	-30	-12		
895	4.4750	-30	-12		
896	4.4800	-30	-12		
897	4.4850	-30	-12		
898	4.4900	-30	-12		
899	4.4950	-30	-12		
900	4.5000	-30	-12		
901	4.5050	-30	-12		
902	4.5100	-30	-12		
903	4.5150	-30	-12		
904	4.5200	-30	-12		
905	4.5250	-30	-12		
906	4.5300	-30	-12		
907	4.5350	-30	-12		
908	4.5400	-30	-12		
909	4.5450	-30	-12		
910	4.5500	-30	-12		
911	4.5550	-30	-12		
912	4.5600	-30	-12		
913	4.5650	-29	-12		
914	4.5700	-29	-12		
915	4.5750	-29	-12		
916	4.5800	-29	-12		
917	4.5850	-28	-12		
918	4.5900	-28	-11		
919	4.5950	-28	-11		
920	4.6000	-28	-11		
921	4.6050	-28	-11		
922	4.6100	-28	-11		
923	4.6150	-28	-11		
924	4.6200	-28	-11		
925	4.6250	-27	-11		
926	4.6300	-27	-11		
927	4.6350	-26	-10		
928	4.6400	-26	-10		
929	4.6450	-26	-10		
930	4.6500	-26	-10		
931	4.6550	-26	-10		
932	4.6600	-26	-10		
933	4.6650	-26	-10		
934	4.6700	-25	-10		
935	4.6750	-25	-10		
936	4.6800	-24	-10		
937	4.6850	-24	-10		
938	4.6900	-24	-10		
939	4.6950	-24	-9		
940	4.7000	-24	-9		
941	4.7050	-23	-9		
942	4.7100	-23	-9		
943	4.7150	-22	-9		
944	4.7200	-22	-8		
945	4.7250	-22	-8		
946	4.7300	-22	-8		
947	4.7350	-22	-8		
948	4.7400	-21	-8		
949	4.7450	-20	-8		
950	4.7500	-20	-8		
951	4.7550	-20	-8		
952	4.7600	-20	-8		
953	4.7650	-20	-7		
954	4.7700	-19	-7		
955	4.7750	-18	-7		
956	4.7800	-18	-7		
957	4.7850	-18	-6		
958	4.7900	-18	-6		
959	4.7950	-18	-6		
960	4.8000	-17	-6		
961	4.8050	-16	-6		
962	4.8100	-16	-6		
963	4.8150	-16	-6		
964	4.8200	-16	-6		
965	4.8250	-15	-5		
966	4.8300	-15	-5		
967	4.8350	-14	-5		
968	4.8400	-14	-5		
969	4.8450	-14	-4		
970	4.8500	-14	-4		
971	4.8550	-13	-4		
972	4.8600	-13	-4		
973	4.8650	-12	-4		
974	4.8700	-12	-4		
975	4.8750	-12	-4		
976	4.8800	-12	-3		
977	4.8850	-11	-3		
978	4.8900	-11	-3		
979	4.8950	-10	-3		
980	4.9000	-10	-2		
981	4.9050	-10	-2		
982	4.9100	-10	-2		
983	4.9150	-9	-2		
984	4.9200	-8	-2		
985	4.9250	-8	-2		
986	4.9300	-8	-2		
987	4.9350	-8	-1		
988	4.9400	-8	-1		
989	4.9450	-7	-1		
990	4.9500	-7	-1		
991	4.9550	-6	-1		
992	4.9600	-6	0		
993	4.9650	-6	0		
994	4.9700	-6	0		
995	4.9750	-6	0		
996	4.9800	-5	0		
997	4.9850	-5	0		
998	4.9900	-4	0		
999	4.9950	-4	0		
1000	5.0000	-4	1		
1001	5.0050	-4	1		
1002	5.0100	-4	1		
1003	5.0150	-3	1		
1004	5.0200	-3	1		
1005	5.0250	-3	2		
1006	5.0300	-2	2		
1007	5.0350	-2	2		
1008	5.0400	-2	2		
1009	5.0450	-2	2		
1010	5.0500	-2	2		
1011	5.0550	-2	2		
1012	5.0600	-2	2		
1013	5.0650	-1	2		
1014	5.0700	-1	3		
1015	5.0750	-1	3		
1016	5.0800	0	3		
1017	5.0850	0	3		
1018	5.0900	0	3		
1019	5.0950	0	3		
1020	5.1000	0	3		
1021	5.1050	0	4		
1022	5.1100	0	4		
1023	5.1150	0	4		
1024	5.1200	0	4		
1025	5.1250	0	4		
1026	5.1300	0	4		
1027	5.1350	1	4		
1028	5.1400	1	4		
1029	5.1450	1	4		
1030	5.1500	1	4		
1031	5.1550	1	4		
1032	5.1600	1	4		
1033	5.1650	1	4		
1034	5.1700	1	4		
1035	5.1750	1	4		
1036	5.1800	1	4		
1037	5.1850	1	4		
1038	5.1900	1	4		
1039	5.1950	1	4		
1040	5.2000	1	5		
1041	5.2050	1	5		
1042	5.2100	1	5		
1043	5.2150	1	5		
1044	5.2200	1	5		
1045	5.2250	1	5		
1046	5.2300	1	5		
1047	5.2350	1	5		
1048	5.2400	1	5		
1049	5.2450	1	5		
1050	5.2500	1	5		
1051	5.2550	0	5		
1052	5.2600	0	5		
1053	5.2650	0	5		
1054	5.2700	0	5		
1055	5.2750	0	4		
1056	5.2800	0	4		
1057	5.2850	0	4		
1058	5.2900	0	4		
1059	5.2950	0	4		
1060	5.3000	0	4		
1061	5.3050	0	4		
1062	5.3100	-1	4		
1063	5.3150	-1	4		
1064	5.3200	-1	4		
1065	5.3250	-2	4		
1066	5.3300	-2	4		
1067	5.3350	-2	4		
1068	5.3400	-2	4		
1069	5.3450	-2	4		
1070	5.3500	-2	4		
1071	5.3550	-2	4		
1072	5.3600	-3	4		
1073	5.3650	-3	4		
1074	5.3700	-4	3		
1075	5.3750	-4	3		
1076	5.3800	-4	3		
1077	5.3850	-4	3		
1078	5.3900	-4	3		
1079	5.3950	-5	3		
1080	5.4000	-5	2		
1081	5.4050	-6	2		
1082	5.4100	-6	2		
1083	5.4150	-6	2		
1084	5.4200	-6	2		
1085	5.4250	-6	2		
1086	5.4300	-7	2		
1087	5.4350	-7	2		
1088	5.4400	-8	2		
1089	5.4450	-8	1		
1090	5.4500	-8	1		
1091	5.4550	-8	1		
1092	5.4600	-8	1		
1093	5.4650	-9	1		
1094	5.4700	-10	0		
1095	5.4750	-10	0		
1096	5.4800	-10	0		
1097	5.4850	-10	0		
1098	5.4900	-10	0		
1099	5.4950	-11	0		
1100	5.5000	-12	0		
1101	5.5050	-12	0		
1102	5.5100	-12	-1		
1103	5.5150	-12	-1		
1104	5.5200	-13	-1		
1105	5.5250	-13	-1		
1106	5.5300	-14	-2		
1107	5.5350	-14	-2		
1108	5.5400	-14	-2		
1109	5.5450	-14	-2		
1110	5.5500	-15	-2		
1111	5.5550	-15	-2		
1112	5.5600	-16	-2		
1113	5.5650	-16	-3		
1114	5.5700	-16	-3		
1115	5.5750	-16	-3		
1116	5.5800	-17	-3		
1117	5.5850	-18	-4		
1118	5.5900	-18	-4		
1119	5.5950	-18	-4		
1120	5.6000	-18	-4		
1121	5.6050	-19	-4		
1122	5.6100	-19	-4		
1123	5.6150	-20	-5		
1124	5.6200	-20	-5		
1125	5.6250	-20	-5		
1126	5.6300	-20	-5		
1127	5.6350	-20	-6		
1128	5.6400	-21	-6		
1129	5.6450	-22	-6		
1130	5.6500	-22	-6		
1131	5.6550	-22	-6		
1132	5.6600	-22	-6		
1133	5.6650	-22	-6		
1134	5.6700	-23	-7		
1135	5.6750	-23	-7		
1136	5.6800	-24	-7		
1137	5.6850	-24	-7		
1138	5.6900	-24	-7		
1139	5.6950	-24	-8		
1140	5.7000	-24	-8		
1141	5.7050	-25	-8		
1142	5.7100	-25	-8		
1143	5.7150	-26	-8		
1144	5.7200	-26	-8		
1145	5.7250	-26	-8		
1146	5.7300	-26	-8		
1147	5.7350	-26	-9		
1148	5.7400	-26	-9		
1149	5.7450	-27	-9		
1150	5.7500	-27	-9		
1151	5.7550	-27	-10		
1152	5.7600	-28	-10		
1153	5.7650	-28	-10		
1154	5.7700	-28	-10		
1155	5.7750	-28	-10		
1156	5.7800	-28	-10		
1157	5.7850	-28	-10		
1158	5.7900	-28	-10		
1159	5.7950	-28	-10		
1160	5.8000	-29	-10		
1161	5.8050	-29	-10		
1162	5.8100	-29	-11		
1163	5.8150	-29	-11		
1164	5.8200	-30	-11		
1165	5.8250	-30	-11		
1166	5.8300	-30	-11		
1167	5.8350	-30	-11		
1168	5.8400	-30	-11		
1169	5.8450	-30	-12		
1170	5.8500	-30	-12		
1171	5.8550	-30	-12		
1172	5.8600	-30	-12		
1173	5.8650	-30	-12		
1174	5.8700	-30	-12		
1175	5.8750	-30	-12		
1176	5.8800	-30	-12		
1177	5.8850	-30	-12		
1178	5.8900	-30	-12		
1179	5.8950	-30	-12		
1180	5.9000	-30	-12		
1181	5.9050	-30	-12		
1182	5.9100	-30	-12		
1183	5.9150	-30	-12		
1184	5.9200	-30	-12		
1185	5.9250	-30	-12		
1186	5.9300	-30	-12		
1187	5.9350	-30	-12		
1188	5.9400	-30	-12		
1189	5.9450	-30	-12		
1190	5.9500	-30	-12		
1191	5.9550	-30	-12		
1192	5.9600	-30	-12		
1193	5.9650	-30	-12		
1194	5.9700	-30	-12		
1195	5.9750	-30	-12		
1196	5.9800	-30	-12		
1197	5.9850	-30	-12		
1198	5.9900	-29	-12		
1199	5.9950	-29	-12		
1200	6.0000	-29	-12		
1201	6.0050	-29	-12		
1202	6.0100	-28	-12		
1203	6.0150	-28	-12		
1204	6.0200	-28	-12		
1205	6.0250	-28	-12		
1206	6.0300	-28	-11		
1207	6.0350	-28	-11		
1208	6.0400	-28	-11		
1209	6.0450	-28	-11		
1210	6.0500	-27	-11		
1211	6.0550	-27	-11		
1212	6.0600	-26	-11		
1213	6.0650	-26	-11		
1214	6.0700	-26	-10		
1215	6.0750	-26	-10		
1216	6.0800	-26	-10		
1217	6.0850	-26	-10		
1218	6.0900	-26	-10		
1219	6.0950	-25	-10		
1220	6.1000	-25	-10		
1221	6.1050	-24	-10		
1222	6.1100	-24	-10		
1223	6.1150	-24	-10		
1224	6.1200	-24	-9		
1225	6.1250	-24	-9		
1226	6.1300	-23	-9		
1227	6.1350	-23	-9		
1228	6.1400	-22	-9		
1229	6.1450	-22	-8		
1230	6.1500	-22	-8		
1231	6.1550	-22	-8		
1232	6.1600	-21	-8		
1233	6.1650	-21	-8		
1234	6.1700	-20	-8		
1235	6.1750	-20	-8		
1236	6.1800	-20	-8		
1237	6.1850	-20	-7		
1238	6.1900	-20	-7		
1239	6.1950	-19	-7		
1240	6.2000	-18	-7		
1241	6.2050	-18	-6		
1242	6.2100	-18	-6		
1243	6.2150	-18	-6		
1244	6.2200	-17	-6		
1245	6.2250	-17	-6		
1246	6.2300	-16	-6		
1247	6.2350	-16	-6		
1248	6.2400	-16	-5		
1249	6.2450	-16	-5		
1250	6.2500	-15	-5		
1251	6.2550	-15	-5		
1252	6.2600	-14	-4		
1253	6.2650	-14	-4		
1254	6.2700	-14	-4		
1255	6.2750	-14	-4		
1256	6.2800	-13	-4		
1257	6.2850	-13	-4		
1258	6.2900	-12	-4		
1259	6.2950	-12	-3		
1260	6.3000	-12	-3		
1261	6.3050	-12	-3		
1262	6.3100	-11	-3		
1263	6.3150	-10	-2		
1264	6.3200	-10	-2		
1265	6.3250	-10	-2		
1266	6.3300	-10	-2		
1267	6.3350	-10	-2		
1268	6.3400	-9	-2		
1269	6.3450	-8	-2		
1270	6.3500	-8	-1		
1271	6.3550	-8	-1		
1272	6.3600	-8	-1		
1273	6.3650	-8	-1		
1274	6.3700	-7	0		
1275	6.3750	-7	0		
1276	6.3800	-6	0		
1277	6.3850	-6	0		
1278	6.3900	-6	0		
1279	6.3950	-6	0		
1280	6.4000	-6	0		
1281	6.4050	-5	1		
1282	6.4100	-5	1		
1283	6.4150	-4	1		
1284	6.4200	-4	1		
1285	6.4250	-4	1		
1286	6.4300	-4	2		
1287	6.4350	-4	2		
1288	6.4400	-3	2		
1289	6.4450	-3	2		
1290	6.4500	-3	2		
1291	6.4550	-2	2		
1292	6.4600	-2	2		
1293	6.4650	-2	2		
1294	6.4700	-2	2		
1295	6.4750	-2	3		
1296	6.4800	-2	3		
1297	6.4850	-1	3		
1298	6.4900	-1	3		
1299	6.4950	-1	3		
1300	6.5000	-1	3		
1301	6.5050	0	4		
1302	6.5100	0	4		
1303	6.5150	0	4		
1304	6.5200	0	4		
1305	6.5250	0	4		
1306	6.5300	0	4		
1307	6.5350	0	4		
1308	6.5400	0	4		
1309	6.5450	0	4		
1310	6.5500	0	4		
1311	6.5550	0	4		
1312	6.5600	1	4		
1313	6.5650	1	4		
1314	6.5700	1	4		
1315	6.5750	1	4		
1316	6.5800	1	4		
1317	6.5850	1	4		
1318	6.5900	1	4		
1319	6.5950	1	4		
1320	6.6000	1	5		
1321	6.6050	1	5		
1322	6.6100	1	5		
1323	6.6150	1	5		
1324	6.6200	1	5		
1325	6.6250	1	5		
1326	6.6300	1	5		
1327	6.6350	1	5		
1328	6.6400	1	5		
1329	6.6450	1	5		
1330	6.6500	1	5		
1331	6.6550	1	5		
1332	6.6600	1	5		
1333	6.6650	1	5		
1334	6.6700	1	5		
1335	6.6750	1	5		
1336	6.6800	0	5		
1337	6.6850	0	5		
1338	6.6900	0	4		
1339	6.6950	0	4		
1340	6.7000	0	4		
1341	6.7050	0	4		
1342	6.7100	0	4		
1343	6.7150	0	4		
1344	6.7200	0	4		
1345	6.7250	0	4		
1346	6.7300	-1	4		
1347	6.7350	-1	4		
1348	6.7400	-1	4		
1349	6.7450	-1	4		
1350	6.7500	-2	4		
1351	6.7550	-2	4		
1352	6.7600	-2	4		
1353	6.7650	-2	4		
1354	6.7700	-2	4		
1355	6.7750	-2	3		
1356	6.7800	-3	3		
1357	6.7850	-3	3		
1358	6.7900	-3	3		
1359	6.7950	-4	3		
1360	6.8000	-4	3		
1361	6.8050	-4	2		
1362	6.8100	-4	2		
1363	6.8150	-4	2		
1364	6.8200	-5	2		
1365	6.8250	-5	2		
1366	6.8300	-6	2		
1367	6.8350	-6	2		
1368	6.8400	-6	2		
1369	6.8450	-6	2		
1370	6.8500	-6	2		
1371	6.8550	-7	1		
1372	6.8600	-7	1		
1373	6.8650	-8	1		
1374	6.8700	-8	1		
1375	6.8750	-8	1		
1376	6.8800	-8	0		
1377	6.8850	-9	0		
1378	6.8900	-9	0		
1379	6.8950	-10	0		
1380	6.9000	-10	0		
1381	6.9050	-10	0		
1382	6.9100	-10	0		
1383	6.9150	-11	0		
1384	6.9200	-11	-1		
1385	6.9250	-12	-1		
1386	6.9300	-12	-1		
1387	6.9350	-12	-1		
1388	6.9400	-12	-2		
1389	6.9450	-13	-2		
1390	6.9500	-13	-2		
1391	6.9550	-14	-2		
1392	6.9600	-14	-2		
1393	6.9650	-14	-2		
1394	6.9700	-14	-2		
1395	6.9750	-15	-3		
1396	6.9800	-16	-3		
1397	6.9850	-16	-3		
1398	6.9900	-16	-3		
1399	6.9950	-16	-4		
1400	7.0000	-17	-4		
1401	7.0050	-17	-4		
1402	7.0100	-18	-4		
1403	7.0150	-18	-4		
1404	7.0200	-18	-4		
1405	7.0250	-18	-4		
1406	7.0300	-19	-5		
1407	7.0350	-19	-5		
1408	7.0400	-20	-5		
1409	7.0450	-20	-5		
1410	7.0500	-20	-6		
1411	7.0550	-20	-6		
1412	7.0600	-21	-6		
1413	7.0650	-21	-6		
1414	7.0700	-22	-6		
1415	7.0750	-22	-6		
1416	7.0800	-22	-6		
1417	7.0850	-22	-7		
1418	7.0900	-22	-7		
1419	7.0950	-23	-7		
1420	7.1000	-23	-7		
1421	7.1050	-24	-7		
1422	7.1100	-24	-8		
1423	7.1150	-24	-8		
1424	7.1200	-24	-8		
1425	7.1250	-24	-8		
1426	7.1300	-25	-8		
1427	7.1350	-25	-8		
1428	7.1400	-26	-8		
1429	7.1450	-26	-8		
1430	7.1500	-26	-8		
1431	7.1550	-26	-9		
1432	7.1600	-26	-9		
1433	7.1650	-26	-9		
1434	7.1700	-27	-9		
1435	7.1750	-27	-9		
1436	7.1800	-27	-10		
1437	7.1850	-28	-10		
1438	7.1900	-28	-10		
1439	7.1950	-28	-10		
1440	7.2000	-28	-10		
1441	7.2050	-28	-10		
1442	7.2100	-28	-10		
1443	7.2150	-28	-10		
1444	7.2200	-29	-10		
1445	7.2250	-29	-10		
1446	7.2300	-29	-10		
1447	7.2350	-29	-10		
1448	7.2400	-30	-11		
1449	7.2450	-30	-11		
1450	7.2500	-30	-11		
1451	7.2550	-30	-11		
1452	7.2600	-30	-11		
1453	7.2650	-30	-11		
1454	7.2700	-30	-11		
1455	7.2750	-30	-11		
1456	7.2800	-30	-11		
1457	7.2850	-30	-11		
1458	7.2900	-30	-12		
1459	7.2950	-30	-12		
1460	7.3000	-30	-12		
1461	7.3050	-30	-12		
1462	7.3100	-30	-12		
1463	7.3150	-30	-12		
1464	7.3200	-30	-12		
1465	7.3250	-30	-12		
1466	7.3300	-30	-12		
1467	7.3350	-30	-12		
1468	7.3400	-30	-12		
1469	7.3450	-30	-12		
1470	7.3500	-30	-12		
1471	7.3550	-30	-12		
1472	7.3600	-30	-12		
1473	7.3650	-30	-12		
1474	7.3700	-30	-12		
1475	7.3750	-30	-12		
1476	7.3800	-30	-12		
1477	7.3850	-30	-12		
1478	7.3900	-30	-12		
1479	7.3950	-30	-12		
1480	7.4000	-30	-12		
1481	7.4050	-30	-12		
1482	7.4100	-30	-12		
1483	7.4150	-29	-11		
1484	7.4200	-29	-11		
1485	7.4250	-29	-11		
1486	7.4300	-29	-11		
1487	7.4350	-28	-11		
1488	7.4400	-28	-11		
1489	7.4450	-28	-11		
1490	7.4500	-28	-11		
1491	7.4550	-28	-11		
1492	7.4600	-28	-11		
1493	7.4650	-28	-11		
1494	7.4700	-28	-10		
1495	7.4750	-27	-10		
1496	7.4800	-27	-10		
1497	7.4850	-26	-10		
1498	7.4900	-26	-10		
1499	7.4950	-26	-10		
1500	7.5000	-26	-10		
1501	7.5050	-26	-10		
1502	7.5100	-26	-10		
1503	7.5150	-25	-10		
1504	7.5200	-25	-10		
1505	7.5250	-24	-10		
1506	7.5300	-24	-9		
1507	7.5350	-24	-9		
1508	7.5400	-24	-9		
1509	7.5450	-24	-9		
1510	7.5500	-24	-9		
1511	7.5550	-23	-8		
1512	7.5600	-22	-8		
1513	7.5650	-22	-8		
1514	7.5700	-22	-8		
1515	7.5750	-22	-8		
1516	7.5800	-22	-8		
1517	7.5850	-21	-8		
1518	7.5900	-21	-8		
1519	7.5950	-20	-8		
1520	7.6000	-20	-7		
1521	7.6050	-20	-7		
1522	7.6100	-20	-7		
1523	7.6150	-19	-7		
1524	7.6200	-19	-6		
1525	7.6250	-18	-6		
1526	7.6300	-18	-6		
1527	7.6350	-18	-6		
1528	7.6400	-18	-6		
1529	7.6450	-17	-6		
1530	7.6500	-17	-6		
1531	7.6550	-16	-6		
1532	7.6600	-16	-5		
1533	7.6650	-16	-5		
1534	7.6700	-16	-5		
1535	7.6750	-15	-5		
1536	7.6800	-15	-4		
1537	7.6850	-14	-4		
1538	7.6900	-14	-4		
1539	7.6950	-14	-4		
1540	7.7000	-14	-4		
1541	7.7050	-13	-4		
1542	7.7100	-12	-4		
1543	7.7150	-12	-3		
1544	7.7200	-12	-3		
1545	7.7250	-12	-3		
1546	7.7300	-11	-3		
1547	7.7350	-11	-2		
1548	7.7400	-10	-2		
1549	7.7450	-10	-2		
1550	7.7500	-10	-2		
1551	7.7550	-10	-2		
1552	7.7600	-9	-2		
1553	7.7650	-9	-2		
1554	7.7700	-8	-1		
1555	7.7750	-8	-1		
1556	7.7800	-8	-1		
1557	7.7850	-8	-1		
1558	7.7900	-7	0		
1559	7.7950	-7	0		
1560	7.8000	-6	0		
1561	7.8050	-6	0		
1562	7.8100	-6	0		
1563	7.8150	-6	0		
1564	7.8200	-6	0		
1565	7.8250	-5	0		
1566	7.8300	-5	1		
1567	7.8350	-4	1		
1568	7.8400	-4	1		
1569	7.8450	-4	1		
1570	7.8500	-4	1		
1571	7.8550	-4	2		
1572	7.8600	-4	2		
1573	7.8650	-3	2		
1574	7.8700	-3	2		
1575	7.8750	-2	2		
1576	7.8800	-2	2		
1577	7.8850	-2	2		
1578	7.8900	-2	2		
1579	7.8950	-2	2		
1580	7.9000	-2	2		
1581	7.9050	-2	3		
1582	7.9100	-1	3		
1583	7.9150	-1	3		
1584	7.9200	-1	3		
1585	7.9250	0	3		
1586	7.9300	0	3		
1587	7.9350	0	4		
1588	7.9400	0	4		
1589	7.9450	0	4		
1590	7.9500	0	4		
1591	7.9550	0	4		
1592	7.9600	0	4		
1593	7.9650	0	4		
1594	7.9700	0	4		
1595	7.9750	0	4		
1596	7.9800	1	4		
1597	7.9850	1	4		
1598	7.9900	1	4		
1599	7.9950	1	4		
1600	8.0000	1	4		
1601	8.0050	1	4		
1602	8.0100	1	4		
1603	8.0150	1	4		
1604	8.0200	1	4		
1605	8.0250	1	4		
1606	8.0300	1	4		
1607	8.0350	1	4		
1608	8.0400	2	5		
1609	8.0450	2	5		
1610	8.0500	2	5		
1611	8.0550	1	5		
1612	8.0600	1	5		
1613	8.0650	1	5		
1614	8.0700	1	5		
1615	8.0750	1	5		
1616	8.0800	1	5		
1617	8.0850	1	5		
1618	8.0900	1	5		
1619	8.0950	1	5		
1620	8.1000	0	4		
1621	8.1050	0	4		
1622	8.1100	0	4		
1623	8.1150	0	4		
1624	8.1200	0	4		
1625	8.1250	0	4		
1626	8.1300	0	4		
1627	8.1350	0	4		
1628	8.1400	0	4		
1629	8.1450	0	4		
1630	8.1500	0	4		
1631	8.1550	-1	4		
1632	8.1600	-1	4		
1633	8.1650	-1	4		
1634	8.1700	-2	4		
1635	8.1750	-2	4		
1636	8.1800	-2	4		
1637	8.1850	-2	4		
1638	8.1900	-2	4		
1639	8.1950	-2	4		
1640	8.2000	-2	4		
1641	8.2050	-3	3		
1642	8.2100	-3	3		
1643	8.2150	-4	3		
1644	8.2200	-4	3		
1645	8.2250	-4	3		
1646	8.2300	-4	3		
1647	8.2350	-4	2		
1648	8.2400	-4	2		
1649	8.2450	-5	2		
1650	8.2500	-5	2		
1651	8.2550	-6	2		
1652	8.2600	-6	2		
1653	8.2650	-6	2		
1654	8.2700	-6	2		
1655	8.2750	-6	2		
1656	8.2800	-7	2		
1657	8.2850	-7	1		
1658	8.2900	-8	1		
1659	8.2950	-8	1		
1660	8.3000	-8	1		
1661	8.3050	-8	0		
1662	8.3100	-9	0		
1663	8.3150	-9	0		
1664	8.3200	-10	0		
1665	8.3250	-10	0		
1666	8.3300	-10	0		
1667	8.3350	-10	0		
1668	8.3400	-11	0		
1669	8.3450	-11	-1		
1670	8.3500	-12	-1		
1671	8.3550	-12	-1		
1672	8.3600	-12	-1		
1673	8.3650	-12	-1		
1674	8.3700	-13	-2		
1675	8.3750	-14	-2		
1676	8.3800	-14	-2		
1677	8.3850	-14	-2		
1678	8.3900	-14	-2		
1679	8.3950	-15	-2		
1680	8.4000	-15	-2		
1681	8.4050	-16	-3		
1682	8.4100	-16	-3		
1683	8.4150	-16	-3		
1684	8.4200	-16	-3		
1685	8.4250	-17	-4		
1686	8.4300	-17	-4		
1687	8.4350	-18	-4		
1688	8.4400	-18	-4		
1689	8.4450	-18	-4		
1690	8.4500	-18	-4		
1691	8.4550	-19	-4		
1692	8.4600	-19	-5		
1693	8.4650	-20	-5		
1694	8.4700	-20	-5		
1695	8.4750	-20	-5		
1696	8.4800	-20	-6		
1697	8.4850	-21	-6		
1698	8.4900	-21	-6		
1699	8.4950	-22	-6		
1700	8.5000	-22	-6		
1701	8.5050	-22	-6		
1702	8.5100	-22	-6		
1703	8.5150	-23	-6		
1704	8.5200	-23	-7		
1705	8.5250	-24	-7		
1706	8.5300	-24	-7		
1707	8.5350	-24	-7		
1708	8.5400	-24	-8		
1709	8.5450	-24	-8		
1710	8.5500	-25	-8		
1711	8.5550	-25	-8		
1712	8.5600	-25	-8		
1713	8.5650	-26	-8		
1714	8.5700	-26	-8		
1715	8.5750	-26	-8		
1716	8.5800	-26	-8		
1717	8.5850	-26	-9		
1718	8.5900	-26	-9		
1719	8.5950	-27	-9		
1720	8.6000	-27	-9		
1721	8.6050	-28	-9		
1722	8.6100	-28	-10		
1723	8.6150	-28	-10		
1724	8.6200	-28	-10		
1725	8.6250	-28	-10		
1726	8.6300	-28	-10		
1727	8.6350	-28	-10		
1728	8.6400	-28	-10		
1729	8.6450	-29	-10		
1730	8.6500	-29	-10		
1731	8.6550	-29	-10		
1732	8.6600	-29	-10		
1733	8.6650	-30	-10		
1734	8.6700	-30	-11		
1735	8.6750	-30	-11		
1736	8.6800	-30	-11		
1737	8.6850	-30	-11		
1738	8.6900	-30	-11		
1739	8.6950	-30	-11		
1740	8.7000	-30	-11		
1741	8.7050	-30	-11		
1742	8.7100	-30	-11		
1743	8.7150	-30	-11		
1744	8.7200	-30	-12		
1745	8.7250	-30	-12		
1746	8.7300	-30	-12		
1747	8.7350	-30	-12		
1748	8.7400	-30	-12		
1749	8.7450	-30	-12		
1750	8.7500	-30	-12		
1751	8.7550	-30	-12		
1752	8.7600	-30	-12		
1753	8.7650	-30	-12		
1754	8.7700	-30	-12		
1755	8.7750	-30	-12		
1756	8.7800	-30	-12		
1757	8.7850	-30	-12		
1758	8.7900	-30	-12		
1759	8.7950	-30	-12		
1760	8.8000	-30	-12		
1761	8.8050	-30	-12		
1762	8.8100	-30	-12		
1763	8.8150	-30	-12		
1764	8.8200	-30	-12		
1765	8.8250	-30	-12		
1766	8.8300	-30	-12		
1767	8.8350	-30	-12		
1768	8.8400	-29	-12		
1769	8.8450	-29	-12		
1770	8.8500	-29	-12		
1771	8.8550	-29	-11		
1772	8.8600	-28	-11		
1773	8.8650	-28	-11		
1774	8.8700	-28	-11		
1775	8.8750	-28	-11		
1776	8.8800	-28	-11		
1777	8.8850	-28	-11		
1778	8.8900	-28	-11		
1779	8.8950	-27	-11		
1780	8.9000	-27	-11		
1781	8.9050	-27	-10		
1782	8.9100	-26	-10		
1783	8.9150	-26	-10		
1784	8.9200	-26	-10		
1785	8.9250	-26	-10		
1786	8.9300	-26	-10		
1787	8.9350	-26	-10		
1788	8.9400	-25	-10		
1789	8.9450	-25	-10		
1790	8.9500	-24	-10		
1791	8.9550	-24	-10		
1792	8.9600	-24	-10		
1793	8.9650	-24	-9		
1794	8.9700	-24	-9		
1795	8.9750	-23	-9		
1796	8.9800	-23	-9		
1797	8.9850	-22	-9		
1798	8.9900	-22	-8		
1799	8.9950	-22	-8		
1800	9.0000	-22	-8		
1801	9.0050	-22	-8		
1802	9.0100	-21	-8		
1803	9.0150	-21	-8		
1804	9.0200	-20	-8		
1805	9.0250	-20	-8		
1806	9.0300	-20	-7		
1807	9.0350	-20	-7		
1808	9.0400	-19	-7		
1809	9.0450	-19	-7		
1810	9.0500	-18	-7		
1811	9.0550	-18	-6		
1812	9.0600	-18	-6		
1813	9.0650	-18	-6		
1814	9.0700	-17	-6		
1815	9.0750	-16	-6		
1816	9.0800	-16	-6		
1817	9.0850	-16	-6		
1818	9.0900	-16	-5		
1819	9.0950	-16	-5		
1820	9.1000	-15	-5		
1821	9.1050	-14	-5		
1822	9.1100	-14	-4		
1823	9.1150	-14	-4		
1824	9.1200	-14	-4		
1825	9.1250	-13	-4		
1826	9.1300	-13	-4		
1827	9.1350	-12	-4		
1828	9.1400	-12	-4		
1829	9.1450	-12	-3		
1830	9.1500	-12	-3		
1831	9.1550	-11	-3		
1832	9.1600	-11	-3		
1833	9.1650	-10	-2		
1834	9.1700	-10	-2		
1835	9.1750	-10	-2		
1836	9.1800	-10	-2		
1837	9.1850	-9	-2		
1838	9.1900	-9	-2		
1839	9.1950	-8	-2		
1840	9.2000	-8	-1		
1841	9.2050	-8	-1		
1842	9.2100	-8	-1		
1843	9.2150	-7	-1		
1844	9.2200	-7	0		
1845	9.2250	-6	0		
1846	9.2300	-6	0		
1847	9.2350	-6	0		
1848	9.2400	-6	0		
1849	9.2450	-6	0		
1850	9.2500	-5	0		
1851	9.2550	-5	0		
1852	9.2600	-4	1		
1853	9.2650	-4	1		
1854	9.2700	-4	1		
1855	9.2750	-4	1		
1856	9.2800	-4	1		
1857	9.2850	-4	2		
1858	9.2900	-3	2		
1859	9.2950	-3	2		
1860	9.3000	-2	2		
1861	9.3050	-2	2		
1862	9.3100	-2	2		
1863	9.3150	-2	2		
1864	9.3200	-2	2		
1865	9.3250	-2	2		
1866	9.3300	-2	3		
1867	9.3350	-1	3		
1868	9.3400	-1	3		
1869	9.3450	-1	3		
1870	9.3500	0	3		
1871	9.3550	0	3		
1872	9.3600	0	4		
1873	9.3650	0	4		
1874	9.3700	0	4		
1875	9.3750	0	4		
1876	9.3800	0	4		
1877	9.3850	0	4		
1878	9.3900	0	4		
1879	9.3950	0	4		
1880	9.4000	0	4		
1881	9.4050	1	4		
1882	9.4100	1	4		
1883	9.4150	1	4		
1884	9.4200	1	4		
1885	9.4250	1	4		
1886	9.4300	1	4		
1887	9.4350	1	4		
1888	9.4400	1	4		
1889	9.4450	1	4		
1890	9.4500	1	4		
1891	9.4550	1	4		
1892	9.4600	1	5		
1893	9.4650	1	5		
1894	9.4700	1	5		
1895	9.4750	1	5		
1896	9.4800	1	5		
1897	9.4850	1	5		
1898	9.4900	1	5		
1899	9.4950	1	5		
1900	9.5000	1	5		
1901	9.5050	1	5		
1902	9.5100	1	5		
1903	9.5150	1	5		
1904	9.5200	1	5		
1905	9.5250	0	5		
1906	9.5300	0	5		
1907	9.5350	0	4		
1908	9.5400	0	4		
1909	9.5450	0	4		
1910	9.5500	0	4		
1911	9.5550	0	4		
1912	9.5600	0	4		
1913	9.5650	0	4		
1914	9.5700	0	4		
1915	9.5750	0	4		
1916	9.5800	-1	4		
1917	9.5850	-1	4		
1918	9.5900	-1	4		
1919	9.5950	-2	4		
1920	9.6000	-2	4		
1921	9.6050	-2	4		
1922	9.6100	-2	4		
1923	9.6150	-2	4		
1924	9.6200	-2	4		
1925	9.6250	-2	4		
1926	9.6300	-3	3		
1927	9.6350	-3	3		
1928	9.6400	-4	3		
1929	9.6450	-4	3		
1930	9.6500	-4	3		
1931	9.6550	-4	3		
1932	9.6600	-4	2		
1933	9.6650	-4	2		
1934	9.6700	-5	2		
1935	9.6750	-5	2		
1936	9.6800	-6	2		
1937	9.6850	-6	2		
1938	9.6900	-6	2		
1939	9.6950	-6	2		
1940	9.7000	-7	2		
1941	9.7050	-7	1		
1942	9.7100	-8	1		
1943	9.7150	-8	1		
1944	9.7200	-8	1		
1945	9.7250	-8	1		
1946	9.7300	-8	0		
1947	9.7350	-9	0		
1948	9.7400	-9	0		
1949	9.7450	-10	0		
1950	9.7500	-10	0		
1951	9.7550	-10	0		
1952	9.7600	-10	0		
1953	9.7650	-11	0		
1954	9.7700	-12	-1		
1955	9.7750	-12	-1		
1956	9.7800	-12	-1		
1957	9.7850	-12	-1		
1958	9.7900	-12	-2		
1959	9.7950	-13	-2		
1960	9.8000	-14	-2		
1961	9.8050	-14	-2		
1962	9.8100	-14	-2		
1963	9.8150	-14	-2		
1964	9.8200	-15	-2		
1965	9.8250	-15	-3		
1966	9.8300	-16	-3		
1967	9.8350	-16	-3		
1968	9.8400	-16	-3		
1969	9.8450	-16	-4		
1970	9.8500	-17	-4		
1971	9.8550	-17	-4		
1972	9.8600	-18	-4		
1973	9.8650	-18	-4		
1974	9.8700	-18	-4		
1975	9.8750	-18	-4		
1976	9.8800	-19	-5		
1977	9.8850	-19	-5		
1978	9.8900	-20	-5		
1979	9.8950	-20	-5		
1980	9.9000	-20	-6		
1981	9.9050	-20	-6		
1982	9.9100	-21	-6		
1983	9.9150	-21	-6		
1984	9.9200	-22	-6		
1985	9.9250	-22	-6		
1986	9.9300	-22	-6		
1987	9.9350	-22	-6		
1988	9.9400	-23	-7		
1989	9.9450	-23	-7		
1990	9.9500	-24	-7		
1991	9.9550	-24	-7		
1992	9.9600	-24	-8		
1993	9.9650	-24	-8		
1994	9.9700	-24	-8		
1995	9.9750	-25	-8		
1996	9.9800	-25	-8		
1997	9.9850	-26	-8		
1998	9.9900	-26	-8		
1999	9.9950	-26	-8		
2000	10.0000	-26	-8		
