#	time(s)	count A	count B	count C	count D
1	0.0050	0	1		
2	0.0100	0	1		
3	0.0150	0	1		
4	0.0200	0	1		
5	0.0250	0	1		
6	0.0300	0	1		
7	0.0350	0	1		
8	0.0400	0	0		
9	0.0450	0	0		
10	0.0500	-1	0		
11	0.0550	-1	0		
12	0.0600	-1	0		
13	0.0650	-1	0		
14	0.0700	-1	0		
15	0.0750	-1	0		
16	0.0800	-2	0		
17	0.0850	-2	0		
18	0.0900	-2	0		
19	0.0950	-2	0		
20	0.1000	-2	0		
21	0.1050	-2	0		
22	0.1100	-2	0		
23	0.1150	-2	0		
24	0.1200	-2	0		
25	0.1250	-2	0		
26	0.1300	-2	0		
27	0.1350	-2	0		
28	0.1400	-3	0		
29	0.1450	-3	0		
30	0.1500	-3	0		
31	0.1550	-3	0		
32	0.1600	-4	0		
33	0.1650	-4	0		
34	0.1700	-4	0		
35	0.1750	-4	0		
36	0.1800	-4	0		
37	0.1850	-4	0		
38	0.1900	-4	0		
39	0.1950	-4	0		
40	0.2000	-4	0		
41	0.2050	-4	0		
42	0.2100	-4	0		
43	0.2150	-5	0		
44	0.2200	-5	0		
45	0.2250	-5	0		
46	0.2300	-6	0		
47	0.2350	-6	0		
48	0.2400	-6	0		
49	0.2450	-6	-1		
50	0.2500	-6	-1		
51	0.2550	-6	-1		
52	0.2600	-6	-1		
53	0.2650	-6	-1		
54	0.2700	-6	-1		
55	0.2750	-6	-1		
56	0.2800	-7	-1		
57	0.2850	-7	-1		
58	0.2900	-7	-1		
59	0.2950	-8	-1		
60	0.3000	-8	-1		
61	0.3050	-8	-1		
62	0.3100	-8	-1		
63	0.3150	-8	-1		
64	0.3200	-8	-1		
65	0.3250	-8	-1		
66	0.3300	-8	-1		
67	0.3350	-8	-2		
68	0.3400	-9	-2		
69	0.3450	-9	-2		
70	0.3500	-9	-2		
71	0.3550	-10	-2		
72	0.3600	-10	-2		
73	0.3650	-10	-2		
74	0.3700	-10	-2		
75	0.3750	-10	-2		
76	0.3800	-10	-2		
77	0.3850	-10	-2		
78	0.3900	-10	-2		
79	0.3950	-11	-2		
80	0.4000	-11	-2		
81	0.4050	-11	-2		
82	0.4100	-12	-2		
83	0.4150	-12	-2		
84	0.4200	-12	-2		
85	0.4250	-12	-2		
86	0.4300	-12	-2		
87	0.4350	-12	-2		
88	0.4400	-12	-2		
89	0.4450	-12	-2		
90	0.4500	-13	-2		
91	0.4550	-13	-2		
92	0.4600	-13	-2		
93	0.4650	-14	-2		
94	0.4700	-14	-2		
95	0.4750	-14	-2		
96	0.4800	-14	-3		
97	0.4850	-14	-3		
98	0.4900	-14	-3		
99	0.4950	-14	-3		
100	0.5000	-15	-3		
101	0.5050	-15	-3		
102	0.5100	-15	-3		
103	0.5150	-16	-3		
104	0.5200	-16	-3		
105	0.5250	-16	-3		
106	0.5300	-16	-3		
107	0.5350	-16	-3		
108	0.5400	-16	-3		
109	0.5450	-16	-4		
110	0.5500	-16	-4		
111	0.5550	-17	-4		
112	0.5600	-17	-4		
113	0.5650	-17	-4		
114	0.5700	-18	-4		
115	0.5750	-18	-4		
116	0.5800	-18	-4		
117	0.5850	-18	-4		
118	0.5900	-18	-4		
119	0.5950	-18	-4		
120	0.6000	-18	-4		
121	0.6050	-18	-4		
122	0.6100	-19	-4		
123	0.6150	-19	-4		
124	0.6200	-19	-4		
125	0.6250	-20	-4		
126	0.6300	-20	-4		
127	0.6350	-20	-4		
128	0.6400	-20	-4		
129	0.6450	-20	-4		
130	0.6500	-20	-4		
131	0.6550	-20	-5		
132	0.6600	-20	-5		
133	0.6650	-21	-5		
134	0.6700	-21	-5		
135	0.6750	-21	-5		
136	0.6800	-21	-5		
137	0.6850	-22	-5		
138	0.6900	-22	-5		
139	0.6950	-22	-5		
140	0.7000	-22	-5		
141	0.7050	-22	-5		
142	0.7100	-22	-5		
143	0.7150	-22	-6		
144	0.7200	-22	-6		
145	0.7250	-23	-6		
146	0.7300	-23	-6		
147	0.7350	-23	-6		
148	0.7400	-23	-6		
149	0.7450	-24	-6		
150	0.7500	-24	-6		
151	0.7550	-24	-6		
152	0.7600	-24	-6		
153	0.7650	-24	-6		
154	0.7700	-24	-6		
155	0.7750	-24	-6		
156	0.7800	-24	-6		
157	0.7850	-24	-6		
158	0.7900	-25	-6		
159	0.7950	-25	-6		
160	0.8000	-25	-6		
161	0.8050	-25	-6		
162	0.8100	-26	-6		
163	0.8150	-26	-6		
164	0.8200	-26	-7		
165	0.8250	-26	-7		
166	0.8300	-26	-7		
167	0.8350	-26	-7		
168	0.8400	-26	-7		
169	0.8450	-26	-7		
170	0.8500	-26	-7		
171	0.8550	-26	-7		
172	0.8600	-26	-7		
173	0.8650	-26	-7		
174	0.8700	-27	-7		
175	0.8750	-27	-7		
176	0.8800	-27	-7		
177	0.8850	-27	-8		
178	0.8900	-27	-8		
179	0.8950	-28	-8		
180	0.9000	-28	-8		
181	0.9050	-28	-8		
182	0.9100	-28	-8		
183	0.9150	-28	-8		
184	0.9200	-28	-8		
185	0.9250	-28	-8		
186	0.9300	-28	-8		
187	0.9350	-28	-8		
188	0.9400	-28	-8		
189	0.9450	-28	-8		
190	0.9500	-28	-8		
191	0.9550	-28	-8		
192	0.9600	-28	-8		
193	0.9650	-28	-8		
194	0.9700	-29	-8		
195	0.9750	-29	-8		
196	0.9800	-29	-8		
197	0.9850	-29	-8		
198	0.9900	-29	-8		
199	0.9950	-29	-8		
200	1.0000	-29	-8		
201	1.0050	-30	-8		
202	1.0100	-30	-8		
203	1.0150	-30	-8		
204	1.0200	-30	-8		
205	1.0250	-30	-8		
206	1.0300	-30	-8		
207	1.0350	-30	-8		
208	1.0400	-30	-8		
209	1.0450	-30	-8		
210	1.0500	-30	-8		
211	1.0550	-30	-8		
212	1.0600	-30	-9		
213	1.0650	-30	-9		
214	1.0700	-30	-9		
215	1.0750	-30	-9		
216	1.0800	-30	-9		
217	1.0850	-30	-9		
218	1.0900	-30	-9		
219	1.0950	-30	-9		
220	1.1000	-30	-9		
221	1.1050	-30	-9		
222	1.1100	-30	-9		
223	1.1150	-30	-9		
224	1.1200	-30	-9		
225	1.1250	-30	-9		
226	1.1300	-30	-9		
227	1.1350	-30	-9		
228	1.1400	-30	-9		
229	1.1450	-30	-9		
230	1.1500	-30	-9		
231	1.1550	-30	-9		
232	1.1600	-30	-9		
233	1.1650	-30	-9		
234	1.1700	-30	-9		
235	1.1750	-30	-9		
236	1.1800	-30	-9		
237	1.1850	-30	-9		
238	1.1900	-30	-9		
239	1.1950	-30	-9		
240	1.2000	-30	-9		
241	1.2050	-30	-9		
242	1.2100	-30	-9		
243	1.2150	-30	-9		
244	1.2200	-30	-9		
245	1.2250	-30	-9		
246	1.2300	-30	-9		
247	1.2350	-30	-9		
248	1.2400	-30	-9		
249	1.2450	-30	-8		
250	1.2500	-30	-8		
251	1.2550	-30	-8		
252	1.2600	-30	-8		
253	1.2650	-30	-8		
254	1.2700	-30	-8		
255	1.2750	-30	-8		
256	1.2800	-30	-8		
257	1.2850	-30	-8		
258	1.2900	-30	-8		
259	1.2950	-30	-8		
260	1.3000	-30	-8		
261	1.3050	-30	-8		
262	1.3100	-30	-8		
263	1.3150	-30	-8		
264	1.3200	-30	-8		
265	1.3250	-29	-8		
266	1.3300	-29	-8		
267	1.3350	-29	-8		
268	1.3400	-29	-8		
269	1.3450	-29	-8		
270	1.3500	-29	-8		
271	1.3550	-29	-8		
272	1.3600	-28	-8		
273	1.3650	-28	-8		
274	1.3700	-28	-8		
275	1.3750	-28	-8		
276	1.3800	-28	-8		
277	1.3850	-28	-8		
278	1.3900	-28	-8		
279	1.3950	-28	-8		
280	1.4000	-28	-8		
281	1.4050	-28	-8		
282	1.4100	-28	-8		
283	1.4150	-28	-8		
284	1.4200	-28	-8		
285	1.4250	-28	-8		
286	1.4300	-28	-8		
287	1.4350	-27	-8		
288	1.4400	-27	-8		
289	1.4450	-27	-8		
290	1.4500	-27	-8		
291	1.4550	-27	-7		
292	1.4600	-26	-7		
293	1.4650	-26	-7		
294	1.4700	-26	-7		
295	1.4750	-26	-7		
296	1.4800	-26	-7		
297	1.4850	-26	-7		
298	1.4900	-26	-7		
299	1.4950	-26	-7		
300	1.5000	-26	-7		
301	1.5050	-26	-7		
302	1.5100	-26	-7		
303	1.5150	-26	-7		
304	1.5200	-25	-7		
305	1.5250	-25	-7		
306	1.5300	-25	-7		
307	1.5350	-25	-6		
308	1.5400	-24	-6		
309	1.5450	-24	-6		
310	1.5500	-24	-6		
311	1.5550	-24	-6		
312	1.5600	-24	-6		
313	1.5650	-24	-6		
314	1.5700	-24	-6		
315	1.5750	-24	-6		
316	1.5800	-24	-6		
317	1.5850	-24	-6		
318	1.5900	-23	-6		
319	1.5950	-23	-6		
320	1.6000	-23	-6		
321	1.6050	-22	-6		
322	1.6100	-22	-6		
323	1.6150	-22	-6		
324	1.6200	-22	-6		
325	1.6250	-22	-6		
326	1.6300	-22	-6		
327	1.6350	-22	-6		
328	1.6400	-22	-6		
329	1.6450	-22	-6		
330	1.6500	-21	-6		
331	1.6550	-21	-6		
332	1.6600	-21	-6		
333	1.6650	-20	-6		
334	1.6700	-20	-6		
335	1.6750	-20	-6		
336	1.6800	-20	-5		
337	1.6850	-20	-5		
338	1.6900	-20	-5		
339	1.6950	-20	-5		
340	1.7000	-20	-5		
341	1.7050	-20	-5		
342	1.7100	-19	-5		
343	1.7150	-19	-5		
344	1.7200	-19	-5		
345	1.7250	-18	-5		
346	1.7300	-18	-5		
347	1.7350	-18	-5		
348	1.7400	-18	-5		
349	1.7450	-18	-5		
350	1.7500	-18	-5		
351	1.7550	-18	-4		
352	1.7600	-18	-4		
353	1.7650	-17	-4		
354	1.7700	-17	-4		
355	1.7750	-17	-4		
356	1.7800	-16	-4		
357	1.7850	-16	-4		
358	1.7900	-16	-4		
359	1.7950	-16	-4		
360	1.8000	-16	-4		
361	1.8050	-16	-4		
362	1.8100	-16	-4		
363	1.8150	-16	-4		
364	1.8200	-15	-4		
365	1.8250	-15	-4		
366	1.8300	-15	-4		
367	1.8350	-14	-4		
368	1.8400	-14	-4		
369	1.8450	-14	-4		
370	1.8500	-14	-4		
371	1.8550	-14	-4		
372	1.8600	-14	-4		
373	1.8650	-14	-4		
374	1.8700	-14	-4		
375	1.8750	-13	-4		
376	1.8800	-13	-4		
377	1.8850	-13	-3		
378	1.8900	-12	-3		
379	1.8950	-12	-3		
380	1.9000	-12	-3		
381	1.9050	-12	-3		
382	1.9100	-12	-3		
383	1.9150	-12	-3		
384	1.9200	-12	-3		
385	1.9250	-11	-3		
386	1.9300	-11	-3		
387	1.9350	-11	-3		
388	1.9400	-11	-3		
389	1.9450	-10	-3		
390	1.9500	-10	-3		
391	1.9550	-10	-2		
392	1.9600	-10	-2		
393	1.9650	-10	-2		
394	1.9700	-10	-2		
395	1.9750	-10	-2		
396	1.9800	-10	-2		
397	1.9850	-9	-2		
398	1.9900	-9	-2		
399	1.9950	-9	-2		
400	2.0000	-8	-2		
401	2.0050	-8	-2		
402	2.0100	-8	-2		
403	2.0150	-8	-2		
404	2.0200	-8	-2		
405	2.0250	-8	-2		
406	2.0300	-8	-2		
407	2.0350	-8	-2		
408	2.0400	-7	-2		
409	2.0450	-7	-2		
410	2.0500	-7	-2		
411	2.0550	-7	-2		
412	2.0600	-6	-2		
413	2.0650	-6	-2		
414	2.0700	-6	-2		
415	2.0750	-6	-2		
416	2.0800	-6	-1		
417	2.0850	-6	-1		
418	2.0900	-6	-1		
419	2.0950	-6	-1		
420	2.1000	-6	-1		
421	2.1050	-5	-1		
422	2.1100	-5	-1		
423	2.1150	-5	-1		
424	2.1200	-5	-1		
425	2.1250	-4	-1		
426	2.1300	-4	-1		
427	2.1350	-4	-1		
428	2.1400	-4	-1		
429	2.1450	-4	0		
430	2.1500	-4	0		
431	2.1550	-4	0		
432	2.1600	-4	0		
433	2.1650	-4	0		
434	2.1700	-4	0		
435	2.1750	-4	0		
436	2.1800	-3	0		
437	2.1850	-3	0		
438	2.1900	-3	0		
439	2.1950	-3	0		
440	2.2000	-2	0		
441	2.2050	-2	0		
442	2.2100	-2	0		
443	2.2150	-2	0		
444	2.2200	-2	0		
445	2.2250	-2	0		
446	2.2300	-2	0		
447	2.2350	-2	0		
448	2.2400	-2	0		
449	2.2450	-2	0		
450	2.2500	-2	0		
451	2.2550	-2	0		
452	2.2600	-2	0		
453	2.2650	-1	0		
454	2.2700	-1	0		
455	2.2750	-1	0		
456	2.2800	-1	0		
457	2.2850	-1	0		
458	2.2900	0	1		
459	2.2950	0	1		
460	2.3000	0	1		
461	2.3050	0	1		
462	2.3100	0	1		
463	2.3150	0	1		
464	2.3200	0	1		
465	2.3250	0	1		
466	2.3300	0	1		
467	2.3350	0	1		
468	2.3400	0	1		
469	2.3450	0	1		
470	2.3500	0	1		
471	2.3550	0	1		
472	2.3600	0	1		
473	2.3650	0	1		
474	2.3700	0	1		
475	2.3750	0	1		
476	2.3800	0	1		
477	2.3850	0	1		
478	2.3900	0	1		
479	2.3950	0	1		
480	2.4000	1	1		
481	2.4050	1	1		
482	2.4100	1	2		
483	2.4150	1	2		
484	2.4200	1	2		
485	2.4250	1	2		
486	2.4300	1	2		
487	2.4350	1	2		
488	2.4400	1	2		
489	2.4450	1	2		
490	2.4500	1	2		
491	2.4550	1	2		
492	2.4600	1	2		
493	2.4650	1	2		
494	2.4700	1	2		
495	2.4750	1	2		
496	2.4800	1	2		
497	2.4850	1	2		
498	2.4900	1	2		
499	2.4950	1	2		
500	2.5000	1	2		
501	2.5050	1	2		
502	2.5100	1	2		
503	2.5150	1	2		
504	2.5200	1	2		
505	2.5250	1	2		
506	2.5300	1	2		
507	2.5350	1	2		
508	2.5400	1	2		
509	2.5450	1	2		
510	2.5500	1	2		
511	2.5550	1	2		
512	2.5600	1	2		
513	2.5650	1	2		
514	2.5700	1	2		
515	2.5750	1	2		
516	2.5800	1	2		
517	2.5850	1	2		
518	2.5900	1	2		
519	2.5950	1	2		
520	2.6000	1	2		
521	2.6050	1	2		
522	2.6100	1	2		
523	2.6150	1	2		
524	2.6200	1	2		
525	2.6250	0	2		
526	2.6300	0	1		
527	2.6350	0	1		
528	2.6400	0	1		
529	2.6450	0	1		
530	2.6500	0	1		
531	2.6550	0	1		
532	2.6600	0	1		
533	2.6650	0	1		
534	2.6700	0	1		
535	2.6750	0	1		
536	2.6800	0	1		
537	2.6850	0	1		
538	2.6900	0	1		
539	2.6950	0	1		
540	2.7000	0	1		
541	2.7050	0	1		
542	2.7100	0	1		
543	2.7150	0	1		
544	2.7200	0	1		
545	2.7250	-1	1		
546	2.7300	-1	1		
547	2.7350	-1	1		
548	2.7400	-1	1		
549	2.7450	-1	1		
550	2.7500	-1	1		
551	2.7550	-2	1		
552	2.7600	-2	0		
553	2.7650	-2	0		
554	2.7700	-2	0		
555	2.7750	-2	0		
556	2.7800	-2	0		
557	2.7850	-2	0		
558	2.7900	-2	0		
559	2.7950	-2	0		
560	2.8000	-2	0		
561	2.8050	-2	0		
562	2.8100	-2	0		
563	2.8150	-3	0		
564	2.8200	-3	0		
565	2.8250	-3	0		
566	2.8300	-3	0		
567	2.8350	-3	0		
568	2.8400	-4	0		
569	2.8450	-4	0		
570	2.8500	-4	0		
571	2.8550	-4	0		
572	2.8600	-4	0		
573	2.8650	-4	0		
574	2.8700	-4	0		
575	2.8750	-4	0		
576	2.8800	-4	0		
577	2.8850	-4	0		
578	2.8900	-5	0		
579	2.8950	-5	0		
580	2.9000	-5	0		
581	2.9050	-5	0		
582	2.9100	-6	0		
583	2.9150	-6	-1		
584	2.9200	-6	-1		
585	2.9250	-6	-1		
586	2.9300	-6	-1		
587	2.9350	-6	-1		
588	2.9400	-6	-1		
589	2.9450	-6	-1		
590	2.9500	-6	-1		
591	2.9550	-7	-1		
592	2.9600	-7	-1		
593	2.9650	-7	-1		
594	2.9700	-8	-1		
595	2.9750	-8	-1		
596	2.9800	-8	-1		
597	2.9850	-8	-1		
598	2.9900	-8	-2		
599	2.9950	-8	-2		
600	3.0000	-8	-2		
601	3.0050	-8	-2		
602	3.0100	-8	-2		
603	3.0150	-9	-2		
604	3.0200	-9	-2		
605	3.0250	-9	-2		
606	3.0300	-10	-2		
607	3.0350	-10	-2		
608	3.0400	-10	-2		
609	3.0450	-10	-2		
610	3.0500	-10	-2		
611	3.0550	-10	-2		
612	3.0600	-10	-2		
613	3.0650	-10	-2		
614	3.0700	-11	-2		
615	3.0750	-11	-2		
616	3.0800	-11	-2		
617	3.0850	-12	-2		
618	3.0900	-12	-2		
619	3.0950	-12	-2		
620	3.1000	-12	-2		
621	3.1050	-12	-2		
622	3.1100	-12	-2		
623	3.1150	-12	-2		
624	3.1200	-12	-2		
625	3.1250	-13	-2		
626	3.1300	-13	-3		
627	3.1350	-13	-3		
628	3.1400	-14	-3		
629	3.1450	-14	-3		
630	3.1500	-14	-3		
631	3.1550	-14	-3		
632	3.1600	-14	-3		
633	3.1650	-14	-3		
634	3.1700	-14	-3		
635	3.1750	-15	-3		
636	3.1800	-15	-3		
637	3.1850	-15	-3		
638	3.1900	-16	-3		
639	3.1950	-16	-4		
640	3.2000	-16	-4		
641	3.2050	-16	-4		
642	3.2100	-16	-4		
643	3.2150	-16	-4		
644	3.2200	-16	-4		
645	3.2250	-16	-4		
646	3.2300	-17	-4		
647	3.2350	-17	-4		
648	3.2400	-17	-4		
649	3.2450	-18	-4		
650	3.2500	-18	-4		
651	3.2550	-18	-4		
652	3.2600	-18	-4		
653	3.2650	-18	-4		
654	3.2700	-18	-4		
655	3.2750	-18	-4		
656	3.2800	-18	-4		
657	3.2850	-19	-4		
658	3.2900	-19	-4		
659	3.2950	-19	-4		
660	3.3000	-20	-4		
661	3.3050	-20	-4		
662	3.3100	-20	-4		
663	3.3150	-20	-4		
664	3.3200	-20	-4		
665	3.3250	-20	-4		
666	3.3300	-20	-5		
667	3.3350	-20	-5		
668	3.3400	-21	-5		
669	3.3450	-21	-5		
670	3.3500	-21	-5		
671	3.3550	-21	-5		
672	3.3600	-22	-5		
673	3.3650	-22	-5		
674	3.3700	-22	-5		
675	3.3750	-22	-5		
676	3.3800	-22	-5		
677	3.3850	-22	-5		
678	3.3900	-22	-5		
679	3.3950	-22	-6		
680	3.4000	-23	-6		
681	3.4050	-23	-6		
682	3.4100	-23	-6		
683	3.4150	-23	-6		
684	3.4200	-24	-6		
685	3.4250	-24	-6		
686	3.4300	-24	-6		
687	3.4350	-24	-6		
688	3.4400	-24	-6		
689	3.4450	-24	-6		
690	3.4500	-24	-6		
691	3.4550	-24	-6		
692	3.4600	-24	-6		
693	3.4650	-25	-6		
694	3.4700	-25	-6		
695	3.4750	-25	-6		
696	3.4800	-25	-6		
697	3.4850	-25	-6		
698	3.4900	-26	-6		
699	3.4950	-26	-6		
700	3.5000	-26	-6		
701	3.5050	-26	-6		
702	3.5100	-26	-6		
703	3.5150	-26	-6		
704	3.5200	-26	-7		
705	3.5250	-26	-7		
706	3.5300	-26	-7		
707	3.5350	-26	-7		
708	3.5400	-26	-7		
709	3.5450	-27	-7		
710	3.5500	-27	-7		
711	3.5550	-27	-7		
712	3.5600	-27	-7		
713	3.5650	-27	-7		
714	3.5700	-28	-7		
715	3.5750	-28	-7		
716	3.5800	-28	-7		
717	3.5850	-28	-7		
718	3.5900	-28	-7		
719	3.5950	-28	-8		
720	3.6000	-28	-8		
721	3.6050	-28	-8		
722	3.6100	-28	-8		
723	3.6150	-28	-8		
724	3.6200	-28	-8		
725	3.6250	-28	-8		
726	3.6300	-28	-8		
727	3.6350	-28	-8		
728	3.6400	-28	-8		
729	3.6450	-29	-8		
730	3.6500	-29	-8		
731	3.6550	-29	-8		
732	3.6600	-29	-8		
733	3.6650	-29	-8		
734	3.6700	-29	-8		
735	3.6750	-29	-8		
736	3.6800	-29	-8		
737	3.6850	-30	-8		
738	3.6900	-30	-8		
739	3.6950	-30	-8		
740	3.7000	-30	-8		
741	3.7050	-30	-8		
742	3.7100	-30	-8		
743	3.7150	-30	-8		
744	3.7200	-30	-8		
745	3.7250	-30	-8		
746	3.7300	-30	-8		
747	3.7350	-30	-8		
748	3.7400	-30	-8		
749	3.7450	-30	-8		
750	3.7500	-30	-8		
751	3.7550	-30	-8		
752	3.7600	-30	-8		
753	3.7650	-30	-8		
754	3.7700	-30	-8		
755	3.7750	-30	-8		
756	3.7800	-30	-8		
757	3.7850	-30	-8		
758	3.7900	-30	-8		
759	3.7950	-30	-8		
760	3.8000	-30	-8		
761	3.8050	-30	-9		
762	3.8100	-30	-9		
763	3.8150	-30	-9		
764	3.8200	-30	-9		
765	3.8250	-30	-9		
766	3.8300	-30	-9		
767	3.8350	-30	-9		
768	3.8400	-30	-9		
769	3.8450	-30	-9		
770	3.8500	-30	-9		
771	3.8550	-30	-9		
772	3.8600	-30	-9		
773	3.8650	-30	-9		
774	3.8700	-30	-9		
775	3.8750	-30	-9		
776	3.8800	-30	-9		
777	3.8850	-30	-9		
778	3.8900	-30	-9		
779	3.8950	-30	-9		
780	3.9000	-30	-9		
781	3.9050	-30	-9		
782	3.9100	-30	-9		
783	3.9150	-30	-9		
784	3.9200	-30	-9		
785	3.9250	-30	-9		
786	3.9300	-30	-9		
787	3.9350	-30	-9		
788	3.9400	-30	-9		
789	3.9450	-30	-9		
790	3.9500	-30	-9		
791	3.9550	-30	-9		
792	3.9600	-30	-9		
793	3.9650	-30	-9		
794	3.9700	-30	-9		
795	3.9750	-30	-9		
796	3.9800	-30	-8		
797	3.9850	-30	-8		
798	3.9900	-30	-8		
799	3.9950	-30	-8		
800	4.0000	-29	-8		
801	4.0050	-29	-8		
802	4.0100	-29	-8		
803	4.0150	-29	-8		
804	4.0200	-29	-8		
805	4.0250	-29	-8		
806	4.0300	-29	-8		
807	4.0350	-28	-8		
808	4.0400	-28	-8		
809	4.0450	-28	-8		
810	4.0500	-28	-8		
811	4.0550	-28	-8		
812	4.0600	-28	-8		
813	4.0650	-28	-8		
814	4.0700	-28	-8		
815	4.0750	-28	-8		
816	4.0800	-28	-8		
817	4.0850	-28	-8		
818	4.0900	-28	-8		
819	4.0950	-28	-8		
820	4.1000	-28	-8		
821	4.1050	-28	-8		
822	4.1100	-27	-8		
823	4.1150	-27	-8		
824	4.1200	-27	-8		
825	4.1250	-27	-8		
826	4.1300	-27	-8		
827	4.1350	-26	-8		
828	4.1400	-26	-8		
829	4.1450	-26	-8		
830	4.1500	-26	-8		
831	4.1550	-26	-8		
832	4.1600	-26	-8		
833	4.1650	-26	-8		
834	4.1700	-26	-7		
835	4.1750	-26	-7		
836	4.1800	-26	-7		
837	4.1850	-26	-7		
838	4.1900	-26	-7		
839	4.1950	-25	-7		
840	4.2000	-25	-7		
841	4.2050	-25	-7		
842	4.2100	-25	-7		
843	4.2150	-24	-7		
844	4.2200	-24	-7		
845	4.2250	-24	-7		
846	4.2300	-24	-7		
847	4.2350	-24	-6		
848	4.2400	-24	-6		
849	4.2450	-24	-6		
850	4.2500	-24	-6		
851	4.2550	-24	-6		
852	4.2600	-24	-6		
853	4.2650	-23	-6		
854	4.2700	-23	-6		
855	4.2750	-23	-6		
856	4.2800	-22	-6		
857	4.2850	-22	-6		
858	4.2900	-22	-6		
859	4.2950	-22	-6		
860	4.3000	-22	-6		
861	4.3050	-22	-6		
862	4.3100	-22	-6		
863	4.3150	-22	-6		
864	4.3200	-22	-6		
865	4.3250	-21	-6		
866	4.3300	-21	-6		
867	4.3350	-21	-6		
868	4.3400	-20	-6		
869	4.3450	-20	-6		
870	4.3500	-20	-6		
871	4.3550	-20	-5		
872	4.3600	-20	-5		
873	4.3650	-20	-5		
874	4.3700	-20	-5		
875	4.3750	-20	-5		
876	4.3800	-20	-5		
877	4.3850	-19	-5		
878	4.3900	-19	-5		
879	4.3950	-19	-5		
880	4.4000	-18	-5		
881	4.4050	-18	-5		
882	4.4100	-18	-5		
883	4.4150	-18	-4		
884	4.4200	-18	-4		
885	4.4250	-18	-4		
886	4.4300	-18	-4		
887	4.4350	-18	-4		
888	4.4400	-17	-4		
889	4.4450	-17	-4		
890	4.4500	-17	-4		
891	4.4550	-16	-4		
892	4.4600	-16	-4		
893	4.4650	-16	-4		
894	4.4700	-16	-4		
895	4.4750	-16	-4		
896	4.4800	-16	-4		
897	4.4850	-16	-4		
898	4.4900	-16	-4		
899	4.4950	-15	-4		
900	4.5000	-15	-4		
901	4.5050	-15	-4		
902	4.5100	-14	-4		
903	4.5150	-14	-4		
904	4.5200	-14	-4		
905	4.5250	-14	-4		
906	4.5300	-14	-3		
907	4.5350	-14	-3		
908	4.5400	-14	-3		
909	4.5450	-14	-3		
910	4.5500	-13	-3		
911	4.5550	-13	-3		
912	4.5600	-13	-3		
913	4.5650	-12	-3		
914	4.5700	-12	-3		
915	4.5750	-12	-3		
916	4.5800	-12	-3		
917	4.5850	-12	-3		
918	4.5900	-12	-3		
919	4.5950	-12	-3		
920	4.6000	-11	-2		
921	4.6050	-11	-2		
922	4.6100	-11	-2		
923	4.6150	-10	-2		
924	4.6200	-10	-2		
925	4.6250	-10	-2		
926	4.6300	-10	-2		
927	4.6350	-10	-2		
928	4.6400	-10	-2		
929	4.6450	-10	-2		
930	4.6500	-10	-2		
931	4.6550	-10	-2		
932	4.6600	-9	-2		
933	4.6650	-9	-2		
934	4.6700	-9	-2		
935	4.6750	-8	-2		
936	4.6800	-8	-2		
937	4.6850	-8	-2		
938	4.6900	-8	-2		
939	4.6950	-8	-2		
940	4.7000	-8	-2		
941	4.7050	-8	-2		
942	4.7100	-8	-2		
943	4.7150	-7	-2		
944	4.7200	-7	-2		
945	4.7250	-7	-2		
946	4.7300	-7	-2		
947	4.7350	-6	-1		
948	4.7400	-6	-1		
949	4.7450	-6	-1		
950	4.7500	-6	-1		
951	4.7550	-6	-1		
952	4.7600	-6	-1		
953	4.7650	-6	-1		
954	4.7700	-6	-1		
955	4.7750	-6	-1		
956	4.7800	-5	-1		
957	4.7850	-5	-1		
958	4.7900	-5	-1		
959	4.7950	-5	-1		
960	4.8000	-4	-1		
961	4.8050	-4	-1		
962	4.8100	-4	-1		
963	4.8150	-4	0		
964	4.8200	-4	0		
965	4.8250	-4	0		
966	4.8300	-4	0		
967	4.8350	-4	0		
968	4.8400	-4	0		
969	4.8450	-4	0		
970	4.8500	-3	0		
971	4.8550	-3	0		
972	4.8600	-3	0		
973	4.8650	-3	0		
974	4.8700	-3	0		
975	4.8750	-2	0		
976	4.8800	-2	0		
977	4.8850	-2	0		
978	4.8900	-2	0		
979	4.8950	-2	0		
980	4.9000	-2	0		
981	4.9050	-2	0		
982	4.9100	-2	0		
983	4.9150	-2	0		
984	4.9200	-2	0		
985	4.9250	-2	0		
986	4.9300	-2	0		
987	4.9350	-2	0		
988	4.9400	-1	0		
989	4.9450	-1	0		
990	4.9500	-1	0		
991	4.9550	-1	0		
992	4.9600	-1	0		
993	4.9650	0	0		
994	4.9700	0	0		
995	4.9750	0	0		
996	4.9800	0	0		
997	4.9850	0	0		
998	4.9900	0	0		
999	4.9950	0	1		
1000	5.0000	0	1		
1001	5.0050	0	1		
1002	5.0100	0	1		
1003	5.0150	0	1		
1004	5.0200	0	1		
1005	5.0250	0	1		
1006	5.0300	0	1		
1007	5.0350	0	1		
1008	5.0400	0	1		
1009	5.0450	0	1		
1010	5.0500	0	1		
1011	5.0550	0	1		
1012	5.0600	0	1		
1013	5.0650	0	1		
1014	5.0700	1	1		
1015	5.0750	1	1		
1016	5.0800	1	1		
1017	5.0850	1	1		
1018	5.0900	1	1		
1019	5.0950	1	1		
1020	5.1000	1	1		
1021	5.1050	1	1		
1022	5.1100	1	1		
1023	5.1150	1	1		
1024	5.1200	1	1		
1025	5.1250	1	1		
1026	5.1300	1	1		
1027	5.1350	1	1		
1028	5.1400	1	1		
1029	5.1450	1	1		
1030	5.1500	1	1		
1031	5.1550	1	2		
1032	5.1600	1	2		
1033	5.1650	1	2		
1034	5.1700	1	2		
1035	5.1750	1	2		
1036	5.1800	1	2		
1037	5.1850	1	2		
1038	5.1900	1	2		
1039	5.1950	1	2		
1040	5.2000	1	2		
1041	5.2050	1	2		
1042	5.2100	1	2		
1043	5.2150	1	2		
1044	5.2200	1	2		
1045	5.2250	1	2		
1046	5.2300	1	2		
1047	5.2350	1	2		
1048	5.2400	1	2		
1049	5.2450	1	2		
1050	5.2500	1	2		
1051	5.2550	1	2		
1052	5.2600	1	2		
1053	5.2650	1	2		
1054	5.2700	1	2		
1055	5.2750	1	2		
1056	5.2800	1	2		
1057	5.2850	1	2		
1058	5.2900	1	2		
1059	5.2950	0	2		
1060	5.3000	0	2		
1061	5.3050	0	2		
1062	5.3100	0	2		
1063	5.3150	0	2		
1064	5.3200	0	2		
1065	5.3250	0	2		
1066	5.3300	0	2		
1067	5.3350	0	1		
1068	5.3400	0	1		
1069	5.3450	0	1		
1070	5.3500	0	1		
1071	5.3550	0	1		
1072	5.3600	0	1		
1073	5.3650	0	1		
1074	5.3700	0	1		
1075	5.3750	0	1		
1076	5.3800	0	1		
1077	5.3850	0	1		
1078	5.3900	0	1		
1079	5.3950	0	1		
1080	5.4000	-1	1		
1081	5.4050	-1	1		
1082	5.4100	-1	1		
1083	5.4150	-1	1		
1084	5.4200	-1	1		
1085	5.4250	-2	1		
1086	5.4300	-2	1		
1087	5.4350	-2	1		
1088	5.4400	-2	1		
1089	5.4450	-2	1		
1090	5.4500	-2	1		
1091	5.4550	-2	1		
1092	5.4600	-2	0		
1093	5.4650	-2	0		
1094	5.4700	-2	0		
1095	5.4750	-2	0		
1096	5.4800	-2	0		
1097	5.4850	-2	0		
1098	5.4900	-3	0		
1099	5.4950	-3	0		
1100	5.5000	-3	0		
1101	5.5050	-3	0		
1102	5.5100	-4	0		
1103	5.5150	-4	0		
1104	5.5200	-4	0		
1105	5.5250	-4	0		
1106	5.5300	-4	0		
1107	5.5350	-4	0		
1108	5.5400	-4	0		
1109	5.5450	-4	0		
1110	5.5500	-4	0		
1111	5.5550	-4	0		
1112	5.5600	-5	0		
1113	5.5650	-5	0		
1114	5.5700	-5	0		
1115	5.5750	-5	0		
1116	5.5800	-6	0		
1117	5.5850	-6	0		
1118	5.5900	-6	0		
1119	5.5950	-6	0		
1120	5.6000	-6	0		
1121	5.6050	-6	0		
1122	5.6100	-6	-1		
1123	5.6150	-6	-1		
1124	5.6200	-6	-1		
1125	5.6250	-7	-1		
1126	5.6300	-7	-1		
1127	5.6350	-7	-1		
1128	5.6400	-7	-1		
1129	5.6450	-8	-1		
1130	5.6500	-8	-1		
1131	5.6550	-8	-1		
1132	5.6600	-8	-1		
1133	5.6650	-8	-1		
1134	5.6700	-8	-1		
1135	5.6750	-8	-2		
1136	5.6800	-8	-2		
1137	5.6850	-9	-2		
1138	5.6900	-9	-2		
1139	5.6950	-9	-2		
1140	5.7000	-9	-2		
1141	5.7050	-10	-2		
1142	5.7100	-10	-2		
1143	5.7150	-10	-2		
1144	5.7200	-10	-2		
1145	5.7250	-10	-2		
1146	5.7300	-10	-2		
1147	5.7350	-10	-2		
1148	5.7400	-11	-2		
1149	5.7450	-11	-2		
1150	5.7500	-11	-2		
1151	5.7550	-11	-2		
1152	5.7600	-12	-2		
1153	5.7650	-12	-2		
1154	5.7700	-12	-2		
1155	5.7750	-12	-2		
1156	5.7800	-12	-2		
1157	5.7850	-12	-2		
1158	5.7900	-12	-2		
1159	5.7950	-13	-3		
1160	5.8000	-13	-3		
1161	5.8050	-13	-3		
1162	5.8100	-14	-3		
1163	5.8150	-14	-3		
1164	5.8200	-14	-3		
1165	5.8250	-14	-3		
1166	5.8300	-14	-3		
1167	5.8350	-14	-3		
1168	5.8400	-14	-3		
1169	5.8450	-14	-3		
1170	5.8500	-15	-3		
1171	5.8550	-15	-4		
1172	5.8600	-15	-4		
1173	5.8650	-16	-4		
1174	5.8700	-16	-4		
1175	5.8750	-16	-4		
1176	5.8800	-16	-4		
1177	5.8850	-16	-4		
1178	5.8900	-16	-4		
1179	5.8950	-16	-4		
1180	5.9000	-16	-4		
1181	5.9050	-17	-4		
1182	5.9100	-17	-4		
1183	5.9150	-17	-4		
1184	5.9200	-18	-4		
1185	5.9250	-18	-4		
1186	5.9300	-18	-4		
1187	5.9350	-18	-4		
1188	5.9400	-18	-4		
1189	5.9450	-18	-4		
1190	5.9500	-18	-4		
1191	5.9550	-18	-4		
1192	5.9600	-19	-4		
1193	5.9650	-19	-4		
1194	5.9700	-19	-4		
1195	5.9750	-20	-4		
1196	5.9800	-20	-5		
1197	5.9850	-20	-5		
1198	5.9900	-20	-5		
1199	5.9950	-20	-5		
1200	6.0000	-20	-5		
1201	6.0050	-20	-5		
1202	6.0100	-20	-5		
1203	6.0150	-21	-5		
1204	6.0200	-21	-5		
1205	6.0250	-21	-5		
1206	6.0300	-21	-5		
1207	6.0350	-22	-5		
1208	6.0400	-22	-5		
1209	6.0450	-22	-6		
1210	6.0500	-22	-6		
1211	6.0550	-22	-6		
1212	6.0600	-22	-6		
1213	6.0650	-22	-6		
1214	6.0700	-22	-6		
1215	6.0750	-23	-6		
1216	6.0800	-23	-6		
1217	6.0850	-23	-6		
1218	6.0900	-23	-6		
1219	6.0950	-24	-6		
1220	6.1000	-24	-6		
1221	6.1050	-24	-6		
1222	6.1100	-24	-6		
1223	6.1150	-24	-6		
1224	6.1200	-24	-6		
1225	6.1250	-24	-6		
1226	6.1300	-24	-6		
1227	6.1350	-24	-6		
1228	6.1400	-25	-6		
1229	6.1450	-25	-6		
1230	6.1500	-25	-6		
1231	6.1550	-25	-6		
1232	6.1600	-26	-6		
1233	6.1650	-26	-6		
1234	6.1700	-26	-6		
1235	6.1750	-26	-6		
1236	6.1800	-26	-6		
1237	6.1850	-26	-7		
1238	6.1900	-26	-7		
1239	6.1950	-26	-7		
1240	6.2000	-26	-7		
1241	6.2050	-26	-7		
1242	6.2100	-26	-7		
1243	6.2150	-26	-7		
1244	6.2200	-27	-7		
1245	6.2250	-27	-7		
1246	6.2300	-27	-7		
1247	6.2350	-27	-7		
1248	6.2400	-27	-7		
1249	6.2450	-28	-7		
1250	6.2500	-28	-7		
1251	6.2550	-28	-7		
1252	6.2600	-28	-7		
1253	6.2650	-28	-8		
1254	6.2700	-28	-8		
1255	6.2750	-28	-8		
1256	6.2800	-28	-8		
1257	6.2850	-28	-8		
1258	6.2900	-28	-8		
1259	6.2950	-28	-8		
1260	6.3000	-28	-8		
1261	6.3050	-28	-8		
1262	6.3100	-28	-8		
1263	6.3150	-28	-8		
1264	6.3200	-29	-8		
1265	6.3250	-29	-8		
1266	6.3300	-29	-8		
1267	6.3350	-29	-8		
1268	6.3400	-29	-8		
1269	6.3450	-29	-8		
1270	6.3500	-29	-8		
1271	6.3550	-30	-8		
1272	6.3600	-30	-8		
1273	6.3650	-30	-8		
1274	6.3700	-30	-8		
1275	6.3750	-30	-8		
1276	6.3800	-30	-8		
1277	6.3850	-30	-8		
1278	6.3900	-30	-8		
1279	6.3950	-30	-8		
1280	6.4000	-30	-8		
1281	6.4050	-30	-8		
1282	6.4100	-30	-8		
1283	6.4150	-30	-8		
1284	6.4200	-30	-8		
1285	6.4250	-30	-8		
1286	6.4300	-30	-8		
1287	6.4350	-30	-8		
1288	6.4400	-30	-8		
1289	6.4450	-30	-8		
1290	6.4500	-30	-8		
1291	6.4550	-30	-8		
1292	6.4600	-30	-8		
1293	6.4650	-30	-8		
1294	6.4700	-30	-8		
1295	6.4750	-30	-8		
1296	6.4800	-30	-8		
1297	6.4850	-30	-8		
1298	6.4900	-30	-8		
1299	6.4950	-30	-8		
1300	6.5000	-30	-8		
1301	6.5050	-30	-8		
1302	6.5100	-30	-8		
1303	6.5150	-30	-8		
1304	6.5200	-30	-8		
1305	6.5250	-30	-8		
1306	6.5300	-30	-8		
1307	6.5350	-30	-8		
1308	6.5400	-30	-8		
1309	6.5450	-30	-8		
1310	6.5500	-30	-8		
1311	6.5550	-30	-8		
1312	6.5600	-30	-8		
1313	6.5650	-30	-8		
1314	6.5700	-30	-8		
1315	6.5750	-30	-8		
1316	6.5800	-30	-8		
1317	6.5850	-30	-8		
1318	6.5900	-30	-8		
1319	6.5950	-30	-8		
1320	6.6000	-30	-8		
1321	6.6050	-30	-8		
1322	6.6100	-30	-8		
1323	6.6150	-30	-8		
1324	6.6200	-30	-8		
1325	6.6250	-30	-8		
1326	6.6300	-30	-8		
1327	6.6350	-30	-8		
1328	6.6400	-30	-8		
1329	6.6450	-30	-8		
1330	6.6500	-30	-8		
1331	6.6550	-30	-8		
1332	6.6600	-30	-8		
1333	6.6650	-30	-8		
1334	6.6700	-30	-8		
1335	6.6750	-29	-8		
1336	6.6800	-29	-8		
1337	6.6850	-29	-8		
1338	6.6900	-29	-8		
1339	6.6950	-29	-8		
1340	6.7000	-29	-8		
1341	6.7050	-29	-8		
1342	6.7100	-28	-8		
1343	6.7150	-28	-8		
1344	6.7200	-28	-8		
1345	6.7250	-28	-8		
1346	6.7300	-28	-8		
1347	6.7350	-28	-8		
1348	6.7400	-28	-8		
1349	6.7450	-28	-8		
1350	6.7500	-28	-8		
1351	6.7550	-28	-8		
1352	6.7600	-28	-8		
1353	6.7650	-28	-8		
1354	6.7700	-28	-8		
1355	6.7750	-28	-8		
1356	6.7800	-28	-8		
1357	6.7850	-27	-8		
1358	6.7900	-27	-8		
1359	6.7950	-27	-8		
1360	6.8000	-27	-8		
1361	6.8050	-27	-8		
1362	6.8100	-26	-8		
1363	6.8150	-26	-8		
1364	6.8200	-26	-8		
1365	6.8250	-26	-8		
1366	6.8300	-26	-8		
1367	6.8350	-26	-8		
1368	6.8400	-26	-7		
1369	6.8450	-26	-7		
1370	6.8500	-26	-7		
1371	6.8550	-26	-7		
1372	6.8600	-26	-7		
1373	6.8650	-26	-7		
1374	6.8700	-25	-7		
1375	6.8750	-25	-7		
1376	6.8800	-25	-7		
1377	6.8850	-25	-7		
1378	6.8900	-24	-7		
1379	6.8950	-24	-7		
1380	6.9000	-24	-7		
1381	6.9050	-24	-7		
1382	6.9100	-24	-7		
1383	6.9150	-24	-6		
1384	6.9200	-24	-6		
1385	6.9250	-24	-6		
1386	6.9300	-24	-6		
1387	6.9350	-24	-6		
1388	6.9400	-23	-6		
1389	6.9450	-23	-6		
1390	6.9500	-23	-6		
1391	6.9550	-22	-6		
1392	6.9600	-22	-6		
1393	6.9650	-22	-6		
1394	6.9700	-22	-6		
1395	6.9750	-22	-6		
1396	6.9800	-22	-6		
1397	6.9850	-22	-6		
1398	6.9900	-22	-6		
1399	6.9950	-22	-6		
1400	7.0000	-21	-6		
1401	7.0050	-21	-6		
1402	7.0100	-21	-6		
1403	7.0150	-20	-6		
1404	7.0200	-20	-6		
1405	7.0250	-20	-6		
1406	7.0300	-20	-6		
1407	7.0350	-20	-6		
1408	7.0400	-20	-5		
1409	7.0450	-20	-5		
1410	7.0500	-20	-5		
1411	7.0550	-19	-5		
1412	7.0600	-19	-5		
1413	7.0650	-19	-5		
1414	7.0700	-19	-5		
1415	7.0750	-18	-5		
1416	7.0800	-18	-5		
1417	7.0850	-18	-5		
1418	7.0900	-18	-5		
1419	7.0950	-18	-5		
1420	7.1000	-18	-4		
1421	7.1050	-18	-4		
1422	7.1100	-18	-4		
1423	7.1150	-17	-4		
1424	7.1200	-17	-4		
1425	7.1250	-17	-4		
1426	7.1300	-16	-4		
1427	7.1350	-16	-4		
1428	7.1400	-16	-4		
1429	7.1450	-16	-4		
1430	7.1500	-16	-4		
1431	7.1550	-16	-4		
1432	7.1600	-16	-4		
1433	7.1650	-16	-4		
1434	7.1700	-15	-4		
1435	7.1750	-15	-4		
1436	7.1800	-15	-4		
1437	7.1850	-14	-4		
1438	7.1900	-14	-4		
1439	7.1950	-14	-4		
1440	7.2000	-14	-4		
1441	7.2050	-14	-4		
1442	7.2100	-14	-3		
1443	7.2150	-14	-3		
1444	7.2200	-13	-3		
1445	7.2250	-13	-3		
1446	7.2300	-13	-3		
1447	7.2350	-12	-3		
1448	7.2400	-12	-3		
1449	7.2450	-12	-3		
1450	7.2500	-12	-3		
1451	7.2550	-12	-3		
1452	7.2600	-12	-3		
1453	7.2650	-12	-3		
1454	7.2700	-12	-3		
1455	7.2750	-11	-2		
1456	7.2800	-11	-2		
1457	7.2850	-11	-2		
1458	7.2900	-10	-2		
1459	7.2950	-10	-2		
1460	7.3000	-10	-2		
1461	7.3050	-10	-2		
1462	7.3100	-10	-2		
1463	7.3150	-10	-2		
1464	7.3200	-10	-2		
1465	7.3250	-10	-2		
1466	7.3300	-9	-2		
1467	7.3350	-9	-2		
1468	7.3400	-9	-2		
1469	7.3450	-9	-2		
1470	7.3500	-8	-2		
1471	7.3550	-8	-2		
1472	7.3600	-8	-2		
1473	7.3650	-8	-2		
1474	7.3700	-8	-2		
1475	7.3750	-8	-2		
1476	7.3800	-8	-2		
1477	7.3850	-8	-2		
1478	7.3900	-7	-2		
1479	7.3950	-7	-2		
1480	7.4000	-7	-1		
1481	7.4050	-7	-1		
1482	7.4100	-6	-1		
1483	7.4150	-6	-1		
1484	7.4200	-6	-1		
1485	7.4250	-6	-1		
1486	7.4300	-6	-1		
1487	7.4350	-6	-1		
1488	7.4400	-6	-1		
1489	7.4450	-6	-1		
1490	7.4500	-6	-1		
1491	7.4550	-5	-1		
1492	7.4600	-5	-1		
1493	7.4650	-5	-1		
1494	7.4700	-5	-1		
1495	7.4750	-4	-1		
1496	7.4800	-4	0		
1497	7.4850	-4	0		
1498	7.4900	-4	0		
1499	7.4950	-4	0		
1500	7.5000	-4	0		
1501	7.5050	-4	0		
1502	7.5100	-4	0		
1503	7.5150	-4	0		
1504	7.5200	-4	0		
1505	7.5250	-3	0		
1506	7.5300	-3	0		
1507	7.5350	-3	0		
1508	7.5400	-3	0		
1509	7.5450	-3	0		
1510	7.5500	-2	0		
1511	7.5550	-2	0		
1512	7.5600	-2	0		
1513	7.5650	-2	0		
1514	7.5700	-2	0		
1515	7.5750	-2	0		
1516	7.5800	-2	0		
1517	7.5850	-2	0		
1518	7.5900	-2	0		
1519	7.5950	-2	0		
1520	7.6000	-2	0		
1521	7.6050	-2	0		
1522	7.6100	-1	0		
1523	7.6150	-1	0		
1524	7.6200	-1	0		
1525	7.6250	-1	0		
1526	7.6300	-1	0		
1527	7.6350	-1	0		
1528	7.6400	0	0		
1529	7.6450	0	0		
1530	7.6500	0	0		
1531	7.6550	0	0		
1532	7.6600	0	1		
1533	7.6650	0	1		
1534	7.6700	0	1		
1535	7.6750	0	1		
1536	7.6800	0	1		
1537	7.6850	0	1		
1538	7.6900	0	1		
1539	7.6950	0	1		
1540	7.7000	0	1		
1541	7.7050	0	1		
1542	7.7100	0	1		
1543	7.7150	0	1		
1544	7.7200	0	1		
1545	7.7250	0	1		
1546	7.7300	0	1		
1547	7.7350	0	1		
1548	7.7400	0	1		
1549	7.7450	1	1		
1550	7.7500	1	1		
1551	7.7550	1	1		
1552	7.7600	1	1		
1553	7.7650	1	1		
1554	7.7700	1	1		
1555	7.7750	1	1		
1556	7.7800	1	1		
1557	7.7850	1	1		
1558	7.7900	1	1		
1559	7.7950	1	1		
1560	7.8000	1	1		
1561	7.8050	1	1		
1562	7.8100	1	1		
1563	7.8150	1	1		
1564	7.8200	1	1		
1565	7.8250	1	1		
1566	7.8300	1	1		
1567	7.8350	1	1		
1568	7.8400	1	1		
1569	7.8450	1	1		
1570	7.8500	1	1		
1571	7.8550	1	1		
1572	7.8600	1	1		
1573	7.8650	1	1		
1574	7.8700	1	1		
1575	7.8750	1	1		
1576	7.8800	1	1		
1577	7.8850	1	1		
1578	7.8900	1	1		
1579	7.8950	1	1		
1580	7.9000	1	1		
1581	7.9050	1	1		
1582	7.9100	1	1		
1583	7.9150	1	1		
1584	7.9200	1	1		
1585	7.9250	1	1		
1586	7.9300	1	1		
1587	7.9350	1	1		
1588	7.9400	1	1		
1589	7.9450	1	1		
1590	7.9500	1	1		
1591	7.9550	1	1		
1592	7.9600	1	1		
1593	7.9650	1	1		
1594	7.9700	0	1		
1595	7.9750	0	1		
1596	7.9800	0	1		
1597	7.9850	0	1		
1598	7.9900	0	1		
1599	7.9950	0	1		
1600	8.0000	0	1		
1601	8.0050	0	1		
1602	8.0100	0	1		
1603	8.0150	0	1		
1604	8.0200	0	1		
1605	8.0250	0	1		
1606	8.0300	0	1		
1607	8.0350	0	1		
1608	8.0400	0	1		
1609	8.0450	0	1		
1610	8.0500	0	1		
1611	8.0550	0	1		
1612	8.0600	0	1		
1613	8.0650	0	1		
1614	8.0700	-1	1		
1615	8.0750	-1	1		
1616	8.0800	-1	1		
1617	8.0850	-1	1		
1618	8.0900	-1	1		
1619	8.0950	-1	1		
1620	8.1000	-2	1		
1621	8.1050	-2	1		
1622	8.1100	-2	1		
1623	8.1150	-2	1		
1624	8.1200	-2	1		
1625	8.1250	-2	0		
1626	8.1300	-2	0		
1627	8.1350	-2	0		
1628	8.1400	-2	0		
1629	8.1450	-2	0		
1630	8.1500	-2	0		
1631	8.1550	-2	0		
1632	8.1600	-3	0		
1633	8.1650	-3	0		
1634	8.1700	-3	0		
1635	8.1750	-3	0		
1636	8.1800	-3	0		
1637	8.1850	-4	0		
1638	8.1900	-4	0		
1639	8.1950	-4	0		
1640	8.2000	-4	0		
1641	8.2050	-4	0		
1642	8.2100	-4	0		
1643	8.2150	-4	0		
1644	8.2200	-4	0		
1645	8.2250	-4	0		
1646	8.2300	-4	0		
1647	8.2350	-5	0		
1648	8.2400	-5	0		
1649	8.2450	-5	0		
1650	8.2500	-5	0		
1651	8.2550	-6	0		
1652	8.2600	-6	0		
1653	8.2650	-6	0		
1654	8.2700	-6	0		
1655	8.2750	-6	0		
1656	8.2800	-6	0		
1657	8.2850	-6	-1		
1658	8.2900	-6	-1		
1659	8.2950	-6	-1		
1660	8.3000	-7	-1		
1661	8.3050	-7	-1		
1662	8.3100	-7	-1		
1663	8.3150	-7	-1		
1664	8.3200	-8	-1		
1665	8.3250	-8	-1		
1666	8.3300	-8	-1		
1667	8.3350	-8	-1		
1668	8.3400	-8	-1		
1669	8.3450	-8	-1		
1670	8.3500	-8	-1		
1671	8.3550	-8	-2		
1672	8.3600	-9	-2		
1673	8.3650	-9	-2		
1674	8.3700	-9	-2		
1675	8.3750	-10	-2		
1676	8.3800	-10	-2		
1677	8.3850	-10	-2		
1678	8.3900	-10	-2		
1679	8.3950	-10	-2		
1680	8.4000	-10	-2		
1681	8.4050	-10	-2		
1682	8.4100	-10	-2		
1683	8.4150	-11	-2		
1684	8.4200	-11	-2		
1685	8.4250	-11	-2		
1686	8.4300	-12	-2		
1687	8.4350	-12	-2		
1688	8.4400	-12	-2		
1689	8.4450	-12	-2		
1690	8.4500	-12	-2		
1691	8.4550	-12	-2		
1692	8.4600	-12	-2		
1693	8.4650	-12	-2		
1694	8.4700	-13	-3		
1695	8.4750	-13	-3		
1696	8.4800	-13	-3		
1697	8.4850	-14	-3		
1698	8.4900	-14	-3		
1699	8.4950	-14	-3		
1700	8.5000	-14	-3		
1701	8.5050	-14	-3		
1702	8.5100	-14	-3		
1703	8.5150	-14	-3		
1704	8.5200	-14	-3		
1705	8.5250	-15	-3		
1706	8.5300	-15	-4		
1707	8.5350	-15	-4		
1708	8.5400	-16	-4		
1709	8.5450	-16	-4		
1710	8.5500	-16	-4		
1711	8.5550	-16	-4		
1712	8.5600	-16	-4		
1713	8.5650	-16	-4		
1714	8.5700	-16	-4		
1715	8.5750	-17	-4		
1716	8.5800	-17	-4		
1717	8.5850	-17	-4		
1718	8.5900	-17	-4		
1719	8.5950	-18	-4		
1720	8.6000	-18	-4		
1721	8.6050	-18	-4		
1722	8.6100	-18	-4		
1723	8.6150	-18	-4		
1724	8.6200	-18	-4		
1725	8.6250	-18	-4		
1726	8.6300	-19	-4		
1727	8.6350	-19	-4		
1728	8.6400	-19	-5		
1729	8.6450	-19	-5		
1730	8.6500	-20	-5		
1731	8.6550	-20	-5		
1732	8.6600	-20	-5		
1733	8.6650	-20	-5		
1734	8.6700	-20	-5		
1735	8.6750	-20	-5		
1736	8.6800	-20	-5		
1737	8.6850	-20	-5		
1738	8.6900	-21	-5		
1739	8.6950	-21	-5		
1740	8.7000	-21	-5		
1741	8.7050	-22	-6		
1742	8.7100	-22	-6		
1743	8.7150	-22	-6		
1744	8.7200	-22	-6		
1745	8.7250	-22	-6		
1746	8.7300	-22	-6		
1747	8.7350	-22	-6		
1748	8.7400	-22	-6		
1749	8.7450	-22	-6		
1750	8.7500	-23	-6		
1751	8.7550	-23	-6		
1752	8.7600	-23	-6		
1753	8.7650	-24	-6		
1754	8.7700	-24	-6		
1755	8.7750	-24	-6		
1756	8.7800	-24	-6		
1757	8.7850	-24	-6		
1758	8.7900	-24	-6		
1759	8.7950	-24	-6		
1760	8.8000	-24	-6		
1761	8.8050	-24	-6		
1762	8.8100	-24	-6		
1763	8.8150	-25	-6		
1764	8.8200	-25	-6		
1765	8.8250	-25	-6		
1766	8.8300	-25	-6		
1767	8.8350	-26	-7		
1768	8.8400	-26	-7		
1769	8.8450	-26	-7		
1770	8.8500	-26	-7		
1771	8.8550	-26	-7		
1772	8.8600	-26	-7		
1773	8.8650	-26	-7		
1774	8.8700	-26	-7		
1775	8.8750	-26	-7		
1776	8.8800	-26	-7		
1777	8.8850	-26	-7		
1778	8.8900	-27	-7		
1779	8.8950	-27	-7		
1780	8.9000	-27	-7		
1781	8.9050	-27	-7		
1782	8.9100	-27	-7		
1783	8.9150	-28	-7		
1784	8.9200	-28	-8		
1785	8.9250	-28	-8		
1786	8.9300	-28	-8		
1787	8.9350	-28	-8		
1788	8.9400	-28	-8		
1789	8.9450	-28	-8		
1790	8.9500	-28	-8		
1791	8.9550	-28	-8		
1792	8.9600	-28	-8		
1793	8.9650	-28	-8		
1794	8.9700	-28	-8		
1795	8.9750	-28	-8		
1796	8.9800	-28	-8		
1797	8.9850	-28	-8		
1798	8.9900	-29	-8		
1799	8.9950	-29	-8		
1800	9.0000	-29	-8		
1801	9.0050	-29	-8		
1802	9.0100	-29	-8		
1803	9.0150	-29	-8		
1804	9.0200	-29	-8		
1805	9.0250	-29	-8		
1806	9.0300	-30	-8		
1807	9.0350	-30	-8		
1808	9.0400	-30	-8		
1809	9.0450	-30	-8		
1810	9.0500	-30	-8		
1811	9.0550	-30	-8		
1812	9.0600	-30	-8		
1813	9.0650	-30	-8		
1814	9.0700	-30	-8		
1815	9.0750	-30	-8		
1816	9.0800	-30	-8		
1817	9.0850	-30	-8		
1818	9.0900	-30	-8		
1819	9.0950	-30	-8		
1820	9.1000	-30	-8		
1821	9.1050	-30	-8		
1822	9.1100	-30	-8		
1823	9.1150	-30	-8		
1824	9.1200	-30	-8		
1825	9.1250	-30	-8		
1826	9.1300	-30	-8		
1827	9.1350	-30	-8		
1828	9.1400	-30	-8		
1829	9.1450	-30	-8		
1830	9.1500	-30	-8		
1831	9.1550	-30	-8		
1832	9.1600	-30	-8		
1833	9.1650	-30	-8		
1834	9.1700	-30	-8		
1835	9.1750	-30	-8		
1836	9.1800	-30	-8		
1837	9.1850	-30	-8		
1838	9.1900	-30	-8		
1839	9.1950	-30	-8		
1840	9.2000	-30	-8		
1841	9.2050	-30	-8		
1842	9.2100	-30	-8		
1843	9.2150	-30	-8		
1844	9.2200	-30	-8		
1845	9.2250	-30	-8		
1846	9.2300	-30	-8		
1847	9.2350	-30	-8		
1848	9.2400	-30	-8		
1849	9.2450	-30	-8		
1850	9.2500	-30	-8		
1851	9.2550	-30	-8		
1852	9.2600	-30	-8		
1853	9.2650	-30	-8		
1854	9.2700	-30	-8		
1855	9.2750	-30	-8		
1856	9.2800	-30	-8		
1857	9.2850	-30	-8		
1858	9.2900	-30	-8		
1859	9.2950	-30	-8		
1860	9.3000	-30	-8		
1861	9.3050	-30	-8		
1862	9.3100	-30	-8		
1863	9.3150	-30	-8		
1864	9.3200	-30	-8		
1865	9.3250	-30	-8		
1866	9.3300	-30	-8		
1867	9.3350	-30	-8		
1868	9.3400	-30	-8		
1869	9.3450	-30	-8		
1870	9.3500	-29	-8		
1871	9.3550	-29	-8		
1872	9.3600	-29	-8		
1873	9.3650	-29	-8		
1874	9.3700	-29	-8		
1875	9.3750	-29	-8		
1876	9.3800	-29	-8		
1877	9.3850	-28	-8		
1878	9.3900	-28	-8		
1879	9.3950	-28	-8		
1880	9.4000	-28	-8		
1881	9.4050	-28	-8		
1882	9.4100	-28	-8		
1883	9.4150	-28	-8		
1884	9.4200	-28	-8		
1885	9.4250	-28	-8		
1886	9.4300	-28	-8		
1887	9.4350	-28	-8		
1888	9.4400	-28	-8		
1889	9.4450	-28	-8		
1890	9.4500	-28	-8		
1891	9.4550	-28	-8		
1892	9.4600	-27	-8		
1893	9.4650	-27	-8		
1894	9.4700	-27	-8		
1895	9.4750	-27	-8		
1896	9.4800	-27	-8		
1897	9.4850	-26	-8		
1898	9.4900	-26	-8		
1899	9.4950	-26	-8		
1900	9.5000	-26	-8		
1901	9.5050	-26	-8		
1902	9.5100	-26	-7		
1903	9.5150	-26	-7		
1904	9.5200	-26	-7		
1905	9.5250	-26	-7		
1906	9.5300	-26	-7		
1907	9.5350	-26	-7		
1908	9.5400	-26	-7		
1909	9.5450	-25	-7		
1910	9.5500	-25	-7		
1911	9.5550	-25	-7		
1912	9.5600	-25	-7		
1913	9.5650	-24	-7		
1914	9.5700	-24	-7		
1915	9.5750	-24	-7		
1916	9.5800	-24	-7		
1917	9.5850	-24	-7		
1918	9.5900	-24	-7		
1919	9.5950	-24	-7		
1920	9.6000	-24	-6		
1921	9.6050	-24	-6		
1922	9.6100	-23	-6		
1923	9.6150	-23	-6		
1924	9.6200	-23	-6		
1925	9.6250	-23	-6		
1926	9.6300	-22	-6		
1927	9.6350	-22	-6		
1928	9.6400	-22	-6		
1929	9.6450	-22	-6		
1930	9.6500	-22	-6		
1931	9.6550	-22	-6		
1932	9.6600	-22	-6		
1933	9.6650	-22	-6		
1934	9.6700	-22	-6		
1935	9.6750	-21	-6		
1936	9.6800	-21	-6		
1937	9.6850	-21	-6		
1938	9.6900	-20	-6		
1939	9.6950	-20	-6		
1940	9.7000	-20	-6		
1941	9.7050	-20	-6		
1942	9.7100	-20	-6		
1943	9.7150	-20	-6		
1944	9.7200	-20	-6		
1945	9.7250	-20	-5		
1946	9.7300	-19	-5		
1947	9.7350	-19	-5		
1948	9.7400	-19	-5		
1949	9.7450	-19	-5		
1950	9.7500	-18	-5		
1951	9.7550	-18	-5		
1952	9.7600	-18	-5		
1953	9.7650	-18	-5		
1954	9.7700	-18	-5		
1955	9.7750	-18	-5		
1956	9.7800	-18	-5		
1957	9.7850	-18	-5		
1958	9.7900	-17	-4		
1959	9.7950	-17	-4		
1960	9.8000	-17	-4		
1961	9.8050	-16	-4		
1962	9.8100	-16	-4		
1963	9.8150	-16	-4		
1964	9.8200	-16	-4		
1965	9.8250	-16	-4		
1966	9.8300	-16	-4		
1967	9.8350	-16	-4		
1968	9.8400	-16	-4		
1969	9.8450	-15	-4		
1970	9.8500	-15	-4		
1971	9.8550	-15	-4		
1972	9.8600	-14	-4		
1973	9.8650	-14	-4		
1974	9.8700	-14	-4		
1975	9.8750	-14	-4		
1976	9.8800	-14	-4		
1977	9.8850	-14	-4		
1978	9.8900	-14	-4		
1979	9.8950	-13	-3		
1980	9.9000	-13	-3		
1981	9.9050	-13	-3		
1982	9.9100	-12	-3		
1983	9.9150	-12	-3		
1984	9.9200	-12	-3		
1985	9.9250	-12	-3		
1986	9.9300	-12	-3		
1987	9.9350	-12	-3		
1988	9.9400	-12	-3		
1989	9.9450	-12	-3		
1990	9.9500	-11	-2		
1991	9.9550	-11	-2		
1992	9.9600	-11	-2		
1993	9.9650	-10	-2		
1994	9.9700	-10	-2		
1995	9.9750	-10	-2		
1996	9.9800	-10	-2		
1997	9.9850	-10	-2		
1998	9.9900	-10	-2		
1999	9.9950	-10	-2		
2000	10.0000	-10	-2		
