#	time(s)	count A	count B	count C	count D
1	0.0050	-25	-32		
2	0.0100	-26	-32		
3	0.0150	-27	-32		
4	0.0200	-28	-32		
5	0.0250	-29	-32		
6	0.0300	-29	-32		
7	0.0350	-30	-32		
8	0.0400	-31	-32		
9	0.0450	-31	-32		
10	0.0500	-32	-32		
11	0.0550	-32	-32		
12	0.0600	-32	-32		
13	0.0650	-33	-32		
14	0.0700	-33	-32		
15	0.0750	-33	-32		
16	0.0800	-33	-32		
17	0.0850	-33	-32		
18	0.0900	-33	-32		
19	0.0950	-33	-32		
20	0.1000	-33	-32		
21	0.1050	-32	-32		
22	0.1100	-32	-32		
23	0.1150	-32	-32		
24	0.1200	-31	-32		
25	0.1250	-30	-32		
26	0.1300	-30	-32		
27	0.1350	-29	-32		
28	0.1400	-28	-32		
29	0.1450	-28	-32		
30	0.1500	-27	-32		
31	0.1550	-26	-32		
32	0.1600	-25	-32		
33	0.1650	-24	-32		
34	0.1700	-23	-32		
35	0.1750	-22	-32		
36	0.1800	-21	-33		
37	0.1850	-20	-33		
38	0.1900	-19	-33		
39	0.1950	-18	-33		
40	0.2000	-16	-33		
41	0.2050	-15	-33		
42	0.2100	-14	-34		
43	0.2150	-13	-34		
44	0.2200	-12	-34		
45	0.2250	-11	-34		
46	0.2300	-10	-34		
47	0.2350	-9	-34		
48	0.2400	-8	-34		
49	0.2450	-7	-34		
50	0.2500	-6	-34		
51	0.2550	-6	-34		
52	0.2600	-5	-34		
53	0.2650	-4	-34		
54	0.2700	-4	-35		
55	0.2750	-3	-35		
56	0.2800	-2	-35		
57	0.2850	-2	-35		
58	0.2900	-2	-35		
59	0.2950	-1	-35		
60	0.3000	-1	-35		
61	0.3050	-1	-35		
62	0.3100	-1	-35		
63	0.3150	-1	-35		
64	0.3200	-1	-35		
65	0.3250	-1	-35		
66	0.3300	-1	-35		
67	0.3350	-2	-35		
68	0.3400	-2	-35		
69	0.3450	-2	-35		
70	0.3500	-3	-35		
71	0.3550	-4	-35		
72	0.3600	-4	-35		
73	0.3650	-5	-35		
74	0.3700	-6	-35		
75	0.3750	-6	-35		
76	0.3800	-7	-35		
77	0.3850	-8	-35		
78	0.3900	-9	-35		
79	0.3950	-10	-35		
80	0.4000	-11	-35		
81	0.4050	-12	-34		
82	0.4100	-13	-34		
83	0.4150	-14	-34		
84	0.4200	-16	-34		
85	0.4250	-17	-34		
86	0.4300	-18	-34		
87	0.4350	-19	-34		
88	0.4400	-20	-34		
89	0.4450	-21	-34		
90	0.4500	-22	-34		
91	0.4550	-23	-34		
92	0.4600	-24	-34		
93	0.4650	-25	-33		
94	0.4700	-26	-33		
95	0.4750	-27	-33		
96	0.4800	-28	-33		
97	0.4850	-29	-33		
98	0.4900	-29	-33		
99	0.4950	-30	-32		
100	0.5000	-31	-32		
101	0.5050	-31	-32		
102	0.5100	-32	-32		
103	0.5150	-32	-32		
104	0.5200	-32	-32		
105	0.5250	-33	-32		
106	0.5300	-33	-32		
107	0.5350	-33	-32		
108	0.5400	-33	-32		
109	0.5450	-33	-32		
110	0.5500	-33	-32		
111	0.5550	-33	-32		
112	0.5600	-33	-32		
113	0.5650	-32	-32		
114	0.5700	-32	-32		
115	0.5750	-32	-32		
116	0.5800	-31	-32		
117	0.5850	-30	-32		
118	0.5900	-30	-32		
119	0.5950	-29	-32		
120	0.6000	-28	-32		
121	0.6050	-28	-32		
122	0.6100	-27	-32		
123	0.6150	-26	-32		
124	0.6200	-25	-32		
125	0.6250	-24	-32		
126	0.6300	-23	-32		
127	0.6350	-22	-32		
128	0.6400	-21	-32		
129	0.6450	-20	-32		
130	0.6500	-19	-32		
131	0.6550	-18	-32		
132	0.6600	-16	-33		
133	0.6650	-16	-33		
134	0.6700	-14	-33		
135	0.6750	-13	-33		
136	0.6800	-12	-33		
137	0.6850	-11	-33		
138	0.6900	-10	-33		
139	0.6950	-9	-34		
140	0.7000	-8	-34		
141	0.7050	-7	-34		
142	0.7100	-6	-34		
143	0.7150	-6	-34		
144	0.7200	-5	-34		
145	0.7250	-4	-34		
146	0.7300	-4	-34		
147	0.7350	-3	-34		
148	0.7400	-2	-34		
149	0.7450	-2	-34		
150	0.7500	-2	-34		
151	0.7550	-1	-34		
152	0.7600	-1	-34		
153	0.7650	-1	-34		
154	0.7700	-1	-34		
155	0.7750	-1	-34		
156	0.7800	-1	-34		
157	0.7850	-1	-34		
158	0.7900	-1	-34		
159	0.7950	-2	-34		
160	0.8000	-2	-34		
161	0.8050	-2	-34		
162	0.8100	-3	-34		
163	0.8150	-4	-34		
164	0.8200	-4	-34		
165	0.8250	-5	-34		
166	0.8300	-6	-34		
167	0.8350	-6	-34		
168	0.8400	-7	-34		
169	0.8450	-8	-34		
170	0.8500	-9	-34		
171	0.8550	-10	-34		
172	0.8600	-11	-34		
173	0.8650	-12	-34		
174	0.8700	-13	-34		
175	0.8750	-14	-34		
176	0.8800	-15	-34		
177	0.8850	-16	-33		
178	0.8900	-18	-33		
179	0.8950	-19	-33		
180	0.9000	-20	-33		
181	0.9050	-21	-33		
182	0.9100	-22	-33		
183	0.9150	-23	-33		
184	0.9200	-24	-32		
185	0.9250	-25	-32		
186	0.9300	-26	-32		
187	0.9350	-27	-32		
188	0.9400	-28	-32		
189	0.9450	-28	-32		
190	0.9500	-29	-32		
191	0.9550	-30	-32		
192	0.9600	-30	-32		
193	0.9650	-31	-32		
194	0.9700	-32	-32		
195	0.9750	-32	-32		
196	0.9800	-32	-32		
197	0.9850	-33	-32		
198	0.9900	-33	-32		
199	0.9950	-33	-32		
200	1.0000	-33	-32		
201	1.0050	-33	-32		
202	1.0100	-33	-32		
203	1.0150	-33	-32		
204	1.0200	-33	-32		
205	1.0250	-32	-32		
206	1.0300	-32	-32		
207	1.0350	-32	-32		
208	1.0400	-31	-32		
209	1.0450	-30	-32		
210	1.0500	-30	-32		
211	1.0550	-29	-32		
212	1.0600	-28	-32		
213	1.0650	-28	-32		
214	1.0700	-27	-32		
215	1.0750	-26	-32		
216	1.0800	-25	-32		
217	1.0850	-24	-32		
218	1.0900	-23	-32		
219	1.0950	-22	-32		
220	1.1000	-21	-32		
221	1.1050	-20	-32		
222	1.1100	-19	-33		
223	1.1150	-18	-33		
224	1.1200	-17	-33		
225	1.1250	-16	-33		
226	1.1300	-14	-33		
227	1.1350	-13	-33		
228	1.1400	-12	-34		
229	1.1450	-11	-34		
230	1.1500	-10	-34		
231	1.1550	-9	-34		
232	1.1600	-8	-34		
233	1.1650	-8	-34		
234	1.1700	-7	-34		
235	1.1750	-6	-34		
236	1.1800	-5	-34		
237	1.1850	-4	-34		
238	1.1900	-4	-34		
239	1.1950	-3	-34		
240	1.2000	-3	-35		
241	1.2050	-2	-35		
242	1.2100	-2	-35		
243	1.2150	-1	-35		
244	1.2200	-1	-35		
245	1.2250	-1	-35		
246	1.2300	-1	-35		
247	1.2350	-1	-35		
248	1.2400	-1	-35		
249	1.2450	-1	-35		
250	1.2500	-1	-35		
251	1.2550	-2	-35		
252	1.2600	-2	-35		
253	1.2650	-2	-35		
254	1.2700	-3	-35		
255	1.2750	-4	-35		
256	1.2800	-4	-35		
257	1.2850	-5	-35		
258	1.2900	-6	-35		
259	1.2950	-6	-35		
260	1.3000	-7	-35		
261	1.3050	-8	-35		
262	1.3100	-9	-35		
263	1.3150	-10	-35		
264	1.3200	-11	-35		
265	1.3250	-12	-34		
266	1.3300	-13	-34		
267	1.3350	-14	-34		
268	1.3400	-15	-34		
269	1.3450	-16	-34		
270	1.3500	-18	-34		
271	1.3550	-19	-34		
272	1.3600	-20	-34		
273	1.3650	-21	-34		
274	1.3700	-22	-34		
275	1.3750	-23	-34		
276	1.3800	-24	-34		
277	1.3850	-25	-33		
278	1.3900	-26	-33		
279	1.3950	-27	-33		
280	1.4000	-28	-33		
281	1.4050	-28	-33		
282	1.4100	-29	-33		
283	1.4150	-30	-33		
284	1.4200	-30	-32		
285	1.4250	-31	-32		
286	1.4300	-32	-32		
287	1.4350	-32	-32		
288	1.4400	-32	-32		
289	1.4450	-33	-32		
290	1.4500	-33	-32		
291	1.4550	-33	-32		
292	1.4600	-33	-32		
293	1.4650	-33	-32		
294	1.4700	-33	-32		
295	1.4750	-33	-32		
296	1.4800	-33	-32		
297	1.4850	-32	-32		
298	1.4900	-32	-32		
299	1.4950	-32	-32		
300	1.5000	-31	-32		
301	1.5050	-30	-32		
302	1.5100	-30	-32		
303	1.5150	-29	-32		
304	1.5200	-28	-32		
305	1.5250	-28	-32		
306	1.5300	-27	-32		
307	1.5350	-26	-32		
308	1.5400	-25	-32		
309	1.5450	-24	-32		
310	1.5500	-23	-32		
311	1.5550	-22	-32		
312	1.5600	-21	-32		
313	1.5650	-20	-32		
314	1.5700	-19	-33		
315	1.5750	-18	-33		
316	1.5800	-17	-33		
317	1.5850	-16	-33		
318	1.5900	-15	-33		
319	1.5950	-14	-33		
320	1.6000	-12	-33		
321	1.6050	-11	-33		
322	1.6100	-10	-34		
323	1.6150	-9	-34		
324	1.6200	-8	-34		
325	1.6250	-8	-34		
326	1.6300	-7	-34		
327	1.6350	-6	-34		
328	1.6400	-5	-34		
329	1.6450	-4	-34		
330	1.6500	-4	-34		
331	1.6550	-3	-34		
332	1.6600	-3	-34		
333	1.6650	-2	-34		
334	1.6700	-2	-34		
335	1.6750	-2	-34		
336	1.6800	-1	-34		
337	1.6850	-1	-34		
338	1.6900	-1	-34		
339	1.6950	-1	-34		
340	1.7000	-1	-34		
341	1.7050	-1	-34		
342	1.7100	-1	-34		
343	1.7150	-2	-34		
344	1.7200	-2	-34		
345	1.7250	-2	-34		
346	1.7300	-3	-34		
347	1.7350	-3	-34		
348	1.7400	-4	-34		
349	1.7450	-5	-34		
350	1.7500	-6	-34		
351	1.7550	-6	-34		
352	1.7600	-7	-34		
353	1.7650	-8	-34		
354	1.7700	-9	-34		
355	1.7750	-10	-34		
356	1.7800	-11	-34		
357	1.7850	-12	-34		
358	1.7900	-13	-34		
359	1.7950	-14	-34		
360	1.8000	-15	-34		
361	1.8050	-16	-34		
362	1.8100	-17	-33		
363	1.8150	-18	-33		
364	1.8200	-20	-33		
365	1.8250	-21	-33		
366	1.8300	-22	-33		
367	1.8350	-23	-33		
368	1.8400	-24	-33		
369	1.8450	-25	-32		
370	1.8500	-26	-32		
371	1.8550	-27	-32		
372	1.8600	-28	-32		
373	1.8650	-28	-32		
374	1.8700	-29	-32		
375	1.8750	-30	-32		
376	1.8800	-30	-32		
377	1.8850	-31	-32		
378	1.8900	-32	-32		
379	1.8950	-32	-32		
380	1.9000	-32	-32		
381	1.9050	-33	-32		
382	1.9100	-33	-32		
383	1.9150	-33	-32		
384	1.9200	-33	-32		
385	1.9250	-33	-32		
386	1.9300	-33	-32		
387	1.9350	-33	-32		
388	1.9400	-33	-32		
389	1.9450	-32	-32		
390	1.9500	-32	-32		
391	1.9550	-32	-32		
392	1.9600	-31	-32		
393	1.9650	-31	-32		
394	1.9700	-30	-32		
395	1.9750	-29	-32		
396	1.9800	-29	-32		
397	1.9850	-28	-32		
398	1.9900	-27	-32		
399	1.9950	-26	-32		
400	2.0000	-25	-32		
401	2.0050	-24	-32		
402	2.0100	-23	-32		
403	2.0150	-22	-32		
404	2.0200	-21	-32		
405	2.0250	-20	-32		
406	2.0300	-19	-33		
407	2.0350	-18	-33		
408	2.0400	-17	-33		
409	2.0450	-16	-33		
410	2.0500	-15	-33		
411	2.0550	-14	-33		
412	2.0600	-12	-34		
413	2.0650	-12	-34		
414	2.0700	-10	-34		
415	2.0750	-10	-34		
416	2.0800	-8	-34		
417	2.0850	-8	-34		
418	2.0900	-7	-34		
419	2.0950	-6	-34		
420	2.1000	-5	-34		
421	2.1050	-4	-34		
422	2.1100	-4	-34		
423	2.1150	-3	-34		
424	2.1200	-3	-35		
425	2.1250	-2	-35		
426	2.1300	-2	-35		
427	2.1350	-2	-35		
428	2.1400	-1	-35		
429	2.1450	-1	-35		
430	2.1500	-1	-35		
431	2.1550	-1	-35		
432	2.1600	-1	-35		
433	2.1650	-1	-35		
434	2.1700	-1	-35		
435	2.1750	-2	-35		
436	2.1800	-2	-35		
437	2.1850	-2	-35		
438	2.1900	-3	-35		
439	2.1950	-3	-35		
440	2.2000	-4	-35		
441	2.2050	-5	-35		
442	2.2100	-5	-35		
443	2.2150	-6	-35		
444	2.2200	-7	-35		
445	2.2250	-8	-35		
446	2.2300	-9	-35		
447	2.2350	-10	-35		
448	2.2400	-11	-35		
449	2.2450	-12	-34		
450	2.2500	-13	-34		
451	2.2550	-14	-34		
452	2.2600	-15	-34		
453	2.2650	-16	-34		
454	2.2700	-17	-34		
455	2.2750	-18	-34		
456	2.2800	-20	-34		
457	2.2850	-20	-34		
458	2.2900	-22	-34		
459	2.2950	-23	-34		
460	2.3000	-24	-34		
461	2.3050	-25	-34		
462	2.3100	-26	-34		
463	2.3150	-27	-33		
464	2.3200	-28	-33		
465	2.3250	-28	-33		
466	2.3300	-29	-33		
467	2.3350	-30	-33		
468	2.3400	-30	-33		
469	2.3450	-31	-33		
470	2.3500	-32	-32		
471	2.3550	-32	-32		
472	2.3600	-32	-32		
473	2.3650	-33	-32		
474	2.3700	-33	-32		
475	2.3750	-33	-32		
476	2.3800	-33	-32		
477	2.3850	-33	-32		
478	2.3900	-33	-32		
479	2.3950	-33	-32		
480	2.4000	-33	-32		
481	2.4050	-32	-32		
482	2.4100	-32	-32		
483	2.4150	-32	-32		
484	2.4200	-31	-32		
485	2.4250	-31	-32		
486	2.4300	-30	-32		
487	2.4350	-29	-32		
488	2.4400	-29	-32		
489	2.4450	-28	-32		
490	2.4500	-27	-32		
491	2.4550	-26	-32		
492	2.4600	-25	-32		
493	2.4650	-24	-32		
494	2.4700	-24	-32		
495	2.4750	-22	-32		
496	2.4800	-21	-33		
497	2.4850	-20	-33		
498	2.4900	-19	-33		
499	2.4950	-18	-33		
500	2.5000	-17	-33		
501	2.5050	-16	-33		
502	2.5100	-15	-33		
503	2.5150	-14	-33		
504	2.5200	-13	-33		
505	2.5250	-12	-34		
506	2.5300	-10	-34		
507	2.5350	-10	-34		
508	2.5400	-9	-34		
509	2.5450	-8	-34		
510	2.5500	-7	-34		
511	2.5550	-6	-34		
512	2.5600	-5	-34		
513	2.5650	-4	-34		
514	2.5700	-4	-34		
515	2.5750	-3	-34		
516	2.5800	-3	-34		
517	2.5850	-2	-34		
518	2.5900	-2	-34		
519	2.5950	-2	-34		
520	2.6000	-1	-34		
521	2.6050	-1	-34		
522	2.6100	-1	-34		
523	2.6150	-1	-34		
524	2.6200	-1	-34		
525	2.6250	-1	-34		
526	2.6300	-1	-34		
527	2.6350	-2	-34		
528	2.6400	-2	-34		
529	2.6450	-2	-34		
530	2.6500	-3	-34		
531	2.6550	-3	-34		
532	2.6600	-4	-34		
533	2.6650	-5	-34		
534	2.6700	-5	-34		
535	2.6750	-6	-34		
536	2.6800	-7	-34		
537	2.6850	-8	-34		
538	2.6900	-9	-34		
539	2.6950	-10	-34		
540	2.7000	-11	-34		
541	2.7050	-12	-34		
542	2.7100	-13	-34		
543	2.7150	-14	-34		
544	2.7200	-15	-34		
545	2.7250	-16	-34		
546	2.7300	-17	-33		
547	2.7350	-18	-33		
548	2.7400	-19	-33		
549	2.7450	-20	-33		
550	2.7500	-22	-33		
551	2.7550	-23	-33		
552	2.7600	-24	-33		
553	2.7650	-25	-32		
554	2.7700	-26	-32		
555	2.7750	-26	-32		
556	2.7800	-27	-32		
557	2.7850	-28	-32		
558	2.7900	-29	-32		
559	2.7950	-30	-32		
560	2.8000	-30	-32		
561	2.8050	-31	-32		
562	2.8100	-31	-32		
563	2.8150	-32	-32		
564	2.8200	-32	-32		
565	2.8250	-33	-32		
566	2.8300	-33	-32		
567	2.8350	-33	-32		
568	2.8400	-33	-32		
569	2.8450	-33	-32		
570	2.8500	-33	-32		
571	2.8550	-33	-32		
572	2.8600	-33	-32		
573	2.8650	-32	-32		
574	2.8700	-32	-32		
575	2.8750	-32	-32		
576	2.8800	-31	-32		
577	2.8850	-31	-32		
578	2.8900	-30	-32		
579	2.8950	-30	-32		
580	2.9000	-29	-32		
581	2.9050	-28	-32		
582	2.9100	-27	-32		
583	2.9150	-26	-32		
584	2.9200	-26	-32		
585	2.9250	-24	-32		
586	2.9300	-24	-32		
587	2.9350	-22	-32		
588	2.9400	-21	-32		
589	2.9450	-20	-32		
590	2.9500	-19	-32		
591	2.9550	-18	-32		
592	2.9600	-17	-33		
593	2.9650	-16	-33		
594	2.9700	-15	-33		
595	2.9750	-14	-33		
596	2.9800	-13	-33		
597	2.9850	-12	-33		
598	2.9900	-11	-34		
599	2.9950	-10	-34		
600	3.0000	-9	-34		
601	3.0050	-8	-34		
602	3.0100	-7	-34		
603	3.0150	-6	-34		
604	3.0200	-5	-34		
605	3.0250	-5	-34		
606	3.0300	-4	-34		
607	3.0350	-3	-34		
608	3.0400	-3	-34		
609	3.0450	-2	-34		
610	3.0500	-2	-35		
611	3.0550	-2	-35		
612	3.0600	-1	-35		
613	3.0650	-1	-35		
614	3.0700	-1	-35		
615	3.0750	-1	-35		
616	3.0800	-1	-35		
617	3.0850	-1	-35		
618	3.0900	-1	-35		
619	3.0950	-2	-35		
620	3.1000	-2	-35		
621	3.1050	-2	-35		
622	3.1100	-3	-35		
623	3.1150	-3	-35		
624	3.1200	-4	-35		
625	3.1250	-4	-35		
626	3.1300	-5	-35		
627	3.1350	-6	-35		
628	3.1400	-7	-35		
629	3.1450	-8	-35		
630	3.1500	-9	-35		
631	3.1550	-10	-35		
632	3.1600	-11	-35		
633	3.1650	-12	-34		
634	3.1700	-13	-34		
635	3.1750	-14	-34		
636	3.1800	-15	-34		
637	3.1850	-16	-34		
638	3.1900	-17	-34		
639	3.1950	-18	-34		
640	3.2000	-19	-34		
641	3.2050	-20	-34		
642	3.2100	-21	-34		
643	3.2150	-22	-34		
644	3.2200	-24	-34		
645	3.2250	-24	-34		
646	3.2300	-26	-34		
647	3.2350	-26	-33		
648	3.2400	-27	-33		
649	3.2450	-28	-33		
650	3.2500	-29	-33		
651	3.2550	-30	-33		
652	3.2600	-30	-33		
653	3.2650	-31	-33		
654	3.2700	-31	-33		
655	3.2750	-32	-32		
656	3.2800	-32	-32		
657	3.2850	-33	-32		
658	3.2900	-33	-32		
659	3.2950	-33	-32		
660	3.3000	-33	-32		
661	3.3050	-33	-32		
662	3.3100	-33	-32		
663	3.3150	-33	-32		
664	3.3200	-33	-32		
665	3.3250	-33	-32		
666	3.3300	-32	-32		
667	3.3350	-32	-32		
668	3.3400	-31	-32		
669	3.3450	-31	-32		
670	3.3500	-30	-32		
671	3.3550	-30	-32		
672	3.3600	-29	-32		
673	3.3650	-28	-32		
674	3.3700	-27	-32		
675	3.3750	-26	-32		
676	3.3800	-26	-32		
677	3.3850	-25	-32		
678	3.3900	-24	-33		
679	3.3950	-23	-33		
680	3.4000	-22	-33		
681	3.4050	-20	-33		
682	3.4100	-19	-33		
683	3.4150	-18	-33		
684	3.4200	-17	-33		
685	3.4250	-16	-33		
686	3.4300	-15	-34		
687	3.4350	-14	-34		
688	3.4400	-13	-34		
689	3.4450	-12	-34		
690	3.4500	-11	-34		
691	3.4550	-10	-34		
692	3.4600	-9	-34		
693	3.4650	-8	-34		
694	3.4700	-7	-34		
695	3.4750	-6	-34		
696	3.4800	-5	-34		
697	3.4850	-5	-34		
698	3.4900	-4	-34		
699	3.4950	-3	-34		
700	3.5000	-3	-34		
701	3.5050	-2	-34		
702	3.5100	-2	-34		
703	3.5150	-2	-34		
704	3.5200	-1	-35		
705	3.5250	-1	-35		
706	3.5300	-1	-35		
707	3.5350	-1	-35		
708	3.5400	-1	-35		
709	3.5450	-1	-35		
710	3.5500	-1	-35		
711	3.5550	-2	-35		
712	3.5600	-2	-35		
713	3.5650	-2	-35		
714	3.5700	-3	-35		
715	3.5750	-3	-35		
716	3.5800	-4	-35		
717	3.5850	-4	-34		
718	3.5900	-5	-34		
719	3.5950	-6	-34		
720	3.6000	-7	-34		
721	3.6050	-8	-34		
722	3.6100	-9	-34		
723	3.6150	-10	-34		
724	3.6200	-10	-34		
725	3.6250	-12	-34		
726	3.6300	-13	-34		
727	3.6350	-14	-34		
728	3.6400	-15	-34		
729	3.6450	-16	-34		
730	3.6500	-17	-34		
731	3.6550	-18	-33		
732	3.6600	-19	-33		
733	3.6650	-20	-33		
734	3.6700	-21	-33		
735	3.6750	-22	-33		
736	3.6800	-23	-33		
737	3.6850	-24	-33		
738	3.6900	-25	-32		
739	3.6950	-26	-32		
740	3.7000	-27	-32		
741	3.7050	-28	-32		
742	3.7100	-29	-32		
743	3.7150	-30	-32		
744	3.7200	-30	-32		
745	3.7250	-31	-32		
746	3.7300	-31	-32		
747	3.7350	-32	-32		
748	3.7400	-32	-32		
749	3.7450	-33	-32		
750	3.7500	-33	-32		
751	3.7550	-33	-32		
752	3.7600	-33	-32		
753	3.7650	-33	-32		
754	3.7700	-33	-32		
755	3.7750	-33	-32		
756	3.7800	-33	-32		
757	3.7850	-33	-32		
758	3.7900	-32	-32		
759	3.7950	-32	-32		
760	3.8000	-32	-32		
761	3.8050	-31	-32		
762	3.8100	-30	-32		
763	3.8150	-30	-32		
764	3.8200	-29	-32		
765	3.8250	-28	-32		
766	3.8300	-27	-32		
767	3.8350	-26	-32		
768	3.8400	-26	-32		
769	3.8450	-25	-32		
770	3.8500	-24	-32		
771	3.8550	-23	-32		
772	3.8600	-22	-32		
773	3.8650	-21	-32		
774	3.8700	-20	-32		
775	3.8750	-18	-32		
776	3.8800	-17	-32		
777	3.8850	-16	-33		
778	3.8900	-15	-33		
779	3.8950	-14	-33		
780	3.9000	-13	-33		
781	3.9050	-12	-33		
782	3.9100	-11	-33		
783	3.9150	-10	-34		
784	3.9200	-9	-34		
785	3.9250	-8	-34		
786	3.9300	-7	-34		
787	3.9350	-6	-34		
788	3.9400	-6	-34		
789	3.9450	-5	-34		
790	3.9500	-4	-34		
791	3.9550	-4	-34		
792	3.9600	-3	-34		
793	3.9650	-2	-34		
794	3.9700	-2	-34		
795	3.9750	-2	-34		
796	3.9800	-1	-34		
797	3.9850	-1	-35		
798	3.9900	-1	-35		
799	3.9950	-1	-35		
800	4.0000	-1	-35		
801	4.0050	-1	-35		
802	4.0100	-1	-35		
803	4.0150	-2	-35		
804	4.0200	-2	-35		
805	4.0250	-2	-35		
806	4.0300	-3	-35		
807	4.0350	-3	-35		
808	4.0400	-4	-35		
809	4.0450	-4	-35		
810	4.0500	-5	-35		
811	4.0550	-6	-35		
812	4.0600	-7	-35		
813	4.0650	-8	-35		
814	4.0700	-8	-35		
815	4.0750	-9	-34		
816	4.0800	-10	-34		
817	4.0850	-11	-34		
818	4.0900	-12	-34		
819	4.0950	-14	-34		
820	4.1000	-15	-34		
821	4.1050	-16	-34		
822	4.1100	-17	-34		
823	4.1150	-18	-34		
824	4.1200	-19	-34		
825	4.1250	-20	-34		
826	4.1300	-21	-34		
827	4.1350	-22	-34		
828	4.1400	-23	-34		
829	4.1450	-24	-34		
830	4.1500	-25	-33		
831	4.1550	-26	-33		
832	4.1600	-27	-33		
833	4.1650	-28	-33		
834	4.1700	-29	-33		
835	4.1750	-29	-33		
836	4.1800	-30	-33		
837	4.1850	-31	-33		
838	4.1900	-31	-32		
839	4.1950	-32	-32		
840	4.2000	-32	-32		
841	4.2050	-32	-32		
842	4.2100	-33	-32		
843	4.2150	-33	-32		
844	4.2200	-33	-32		
845	4.2250	-33	-32		
846	4.2300	-33	-32		
847	4.2350	-33	-32		
848	4.2400	-33	-32		
849	4.2450	-33	-32		
850	4.2500	-32	-32		
851	4.2550	-32	-32		
852	4.2600	-32	-32		
853	4.2650	-31	-32		
854	4.2700	-30	-32		
855	4.2750	-30	-32		
856	4.2800	-29	-32		
857	4.2850	-28	-32		
858	4.2900	-28	-32		
859	4.2950	-27	-32		
860	4.3000	-26	-32		
861	4.3050	-25	-32		
862	4.3100	-24	-32		
863	4.3150	-23	-33		
864	4.3200	-22	-33		
865	4.3250	-21	-33		
866	4.3300	-20	-33		
867	4.3350	-18	-33		
868	4.3400	-18	-33		
869	4.3450	-16	-33		
870	4.3500	-15	-34		
871	4.3550	-14	-34		
872	4.3600	-13	-34		
873	4.3650	-12	-34		
874	4.3700	-11	-34		
875	4.3750	-10	-34		
876	4.3800	-9	-34		
877	4.3850	-8	-34		
878	4.3900	-7	-34		
879	4.3950	-6	-34		
880	4.4000	-6	-34		
881	4.4050	-5	-34		
882	4.4100	-4	-34		
883	4.4150	-4	-34		
884	4.4200	-3	-34		
885	4.4250	-2	-34		
886	4.4300	-2	-34		
887	4.4350	-2	-35		
888	4.4400	-1	-35		
889	4.4450	-1	-35		
890	4.4500	-1	-35		
891	4.4550	-1	-35		
892	4.4600	-1	-35		
893	4.4650	-1	-35		
894	4.4700	-1	-35		
895	4.4750	-1	-35		
896	4.4800	-2	-35		
897	4.4850	-2	-35		
898	4.4900	-2	-35		
899	4.4950	-3	-35		
900	4.5000	-4	-35		
901	4.5050	-4	-35		
902	4.5100	-5	-35		
903	4.5150	-6	-34		
904	4.5200	-7	-34		
905	4.5250	-8	-34		
906	4.5300	-8	-34		
907	4.5350	-9	-34		
908	4.5400	-10	-34		
909	4.5450	-11	-34		
910	4.5500	-12	-34		
911	4.5550	-13	-34		
912	4.5600	-14	-34		
913	4.5650	-16	-34		
914	4.5700	-17	-34		
915	4.5750	-18	-34		
916	4.5800	-19	-34		
917	4.5850	-20	-33		
918	4.5900	-21	-33		
919	4.5950	-22	-33		
920	4.6000	-23	-33		
921	4.6050	-24	-33		
922	4.6100	-25	-33		
923	4.6150	-26	-32		
924	4.6200	-27	-32		
925	4.6250	-28	-32		
926	4.6300	-29	-32		
927	4.6350	-29	-32		
928	4.6400	-30	-32		
929	4.6450	-31	-32		
930	4.6500	-31	-32		
931	4.6550	-32	-32		
932	4.6600	-32	-32		
933	4.6650	-32	-32		
934	4.6700	-33	-32		
935	4.6750	-33	-32		
936	4.6800	-33	-32		
937	4.6850	-33	-32		
938	4.6900	-33	-32		
939	4.6950	-33	-32		
940	4.7000	-33	-32		
941	4.7050	-33	-32		
942	4.7100	-32	-32		
943	4.7150	-32	-32		
944	4.7200	-32	-32		
945	4.7250	-31	-32		
946	4.7300	-30	-32		
947	4.7350	-30	-32		
948	4.7400	-29	-32		
949	4.7450	-28	-32		
950	4.7500	-28	-32		
951	4.7550	-27	-32		
952	4.7600	-26	-32		
953	4.7650	-25	-32		
954	4.7700	-24	-32		
955	4.7750	-23	-32		
956	4.7800	-22	-32		
957	4.7850	-21	-32		
958	4.7900	-20	-32		
959	4.7950	-19	-32		
960	4.8000	-18	-32		
961	4.8050	-16	-33		
962	4.8100	-15	-33		
963	4.8150	-14	-33		
964	4.8200	-13	-33		
965	4.8250	-12	-33		
966	4.8300	-11	-33		
967	4.8350	-10	-34		
968	4.8400	-9	-34		
969	4.8450	-8	-34		
970	4.8500	-7	-34		
971	4.8550	-6	-34		
972	4.8600	-6	-34		
973	4.8650	-5	-34		
974	4.8700	-4	-34		
975	4.8750	-4	-34		
976	4.8800	-3	-34		
977	4.8850	-2	-34		
978	4.8900	-2	-34		
979	4.8950	-2	-34		
980	4.9000	-1	-34		
981	4.9050	-1	-34		
982	4.9100	-1	-35		
983	4.9150	-1	-35		
984	4.9200	-1	-35		
985	4.9250	-1	-35		
986	4.9300	-1	-35		
987	4.9350	-1	-35		
988	4.9400	-2	-35		
989	4.9450	-2	-35		
990	4.9500	-2	-35		
991	4.9550	-3	-35		
992	4.9600	-4	-35		
993	4.9650	-4	-35		
994	4.9700	-5	-35		
995	4.9750	-6	-35		
996	4.9800	-6	-35		
997	4.9850	-7	-35		
998	4.9900	-8	-34		
999	4.9950	-9	-34		
1000	5.0000	-10	-34		
1001	5.0050	-11	-34		
1002	5.0100	-12	-34		
1003	5.0150	-13	-34		
1004	5.0200	-14	-34		
1005	5.0250	-15	-34		
1006	5.0300	-16	-34		
1007	5.0350	-18	-34		
1008	5.0400	-19	-34		
1009	5.0450	-20	-34		
1010	5.0500	-21	-34		
1011	5.0550	-22	-34		
1012	5.0600	-23	-34		
1013	5.0650	-24	-33		
1014	5.0700	-25	-33		
1015	5.0750	-26	-33		
1016	5.0800	-27	-33		
1017	5.0850	-28	-33		
1018	5.0900	-28	-33		
1019	5.0950	-29	-33		
1020	5.1000	-30	-33		
1021	5.1050	-30	-32		
1022	5.1100	-31	-32		
1023	5.1150	-32	-32		
1024	5.1200	-32	-32		
1025	5.1250	-32	-32		
1026	5.1300	-33	-32		
1027	5.1350	-33	-32		
1028	5.1400	-33	-32		
1029	5.1450	-33	-32		
1030	5.1500	-33	-32		
1031	5.1550	-33	-32		
1032	5.1600	-33	-32		
1033	5.1650	-33	-32		
1034	5.1700	-32	-32		
1035	5.1750	-32	-32		
1036	5.1800	-32	-32		
1037	5.1850	-31	-32		
1038	5.1900	-30	-32		
1039	5.1950	-30	-32		
1040	5.2000	-29	-32		
1041	5.2050	-28	-32		
1042	5.2100	-28	-32		
1043	5.2150	-27	-32		
1044	5.2200	-26	-32		
1045	5.2250	-25	-32		
1046	5.2300	-24	-32		
1047	5.2350	-23	-33		
1048	5.2400	-22	-33		
1049	5.2450	-21	-33		
1050	5.2500	-20	-33		
1051	5.2550	-19	-33		
1052	5.2600	-18	-33		
1053	5.2650	-16	-33		
1054	5.2700	-16	-33		
1055	5.2750	-14	-34		
1056	5.2800	-13	-34		
1057	5.2850	-12	-34		
1058	5.2900	-11	-34		
1059	5.2950	-10	-34		
1060	5.3000	-9	-34		
1061	5.3050	-8	-34		
1062	5.3100	-7	-34		
1063	5.3150	-6	-34		
1064	5.3200	-6	-34		
1065	5.3250	-5	-34		
1066	5.3300	-4	-34		
1067	5.3350	-4	-34		
1068	5.3400	-3	-34		
1069	5.3450	-2	-34		
1070	5.3500	-2	-35		
1071	5.3550	-2	-35		
1072	5.3600	-1	-35		
1073	5.3650	-1	-35		
1074	5.3700	-1	-35		
1075	5.3750	-1	-35		
1076	5.3800	-1	-35		
1077	5.3850	-1	-35		
1078	5.3900	-1	-35		
1079	5.3950	-1	-35		
1080	5.4000	-2	-35		
1081	5.4050	-2	-35		
1082	5.4100	-2	-35		
1083	5.4150	-3	-35		
1084	5.4200	-4	-35		
1085	5.4250	-4	-35		
1086	5.4300	-5	-35		
1087	5.4350	-6	-35		
1088	5.4400	-6	-35		
1089	5.4450	-7	-34		
1090	5.4500	-8	-34		
1091	5.4550	-9	-34		
1092	5.4600	-10	-34		
1093	5.4650	-11	-34		
1094	5.4700	-12	-34		
1095	5.4750	-13	-34		
1096	5.4800	-14	-34		
1097	5.4850	-15	-34		
1098	5.4900	-16	-34		
1099	5.4950	-17	-34		
1100	5.5000	-18	-34		
1101	5.5050	-20	-34		
1102	5.5100	-21	-33		
1103	5.5150	-22	-33		
1104	5.5200	-23	-33		
1105	5.5250	-24	-33		
1106	5.5300	-25	-33		
1107	5.5350	-26	-33		
1108	5.5400	-27	-32		
1109	5.5450	-28	-32		
1110	5.5500	-28	-32		
1111	5.5550	-29	-32		
1112	5.5600	-30	-32		
1113	5.5650	-30	-32		
1114	5.5700	-31	-32		
1115	5.5750	-32	-32		
1116	5.5800	-32	-32		
1117	5.5850	-32	-32		
1118	5.5900	-33	-32		
1119	5.5950	-33	-32		
1120	5.6000	-33	-32		
1121	5.6050	-33	-32		
1122	5.6100	-33	-32		
1123	5.6150	-33	-32		
1124	5.6200	-33	-32		
1125	5.6250	-33	-32		
1126	5.6300	-32	-32		
1127	5.6350	-32	-32		
1128	5.6400	-32	-32		
1129	5.6450	-31	-32		
1130	5.6500	-30	-32		
1131	5.6550	-30	-32		
1132	5.6600	-29	-32		
1133	5.6650	-28	-32		
1134	5.6700	-28	-32		
1135	5.6750	-27	-32		
1136	5.6800	-26	-32		
1137	5.6850	-25	-32		
1138	5.6900	-24	-32		
1139	5.6950	-23	-32		
1140	5.7000	-22	-32		
1141	5.7050	-21	-32		
1142	5.7100	-20	-32		
1143	5.7150	-19	-32		
1144	5.7200	-18	-32		
1145	5.7250	-17	-33		
1146	5.7300	-16	-33		
1147	5.7350	-14	-33		
1148	5.7400	-13	-33		
1149	5.7450	-12	-33		
1150	5.7500	-11	-33		
1151	5.7550	-10	-34		
1152	5.7600	-9	-34		
1153	5.7650	-8	-34		
1154	5.7700	-8	-34		
1155	5.7750	-7	-34		
1156	5.7800	-6	-34		
1157	5.7850	-5	-34		
1158	5.7900	-4	-34		
1159	5.7950	-4	-34		
1160	5.8000	-3	-34		
1161	5.8050	-2	-34		
1162	5.8100	-2	-34		
1163	5.8150	-2	-34		
1164	5.8200	-1	-34		
1165	5.8250	-1	-34		
1166	5.8300	-1	-34		
1167	5.8350	-1	-35		
1168	5.8400	-1	-35		
1169	5.8450	-1	-35		
1170	5.8500	-1	-35		
1171	5.8550	-1	-35		
1172	5.8600	-2	-35		
1173	5.8650	-2	-35		
1174	5.8700	-2	-35		
1175	5.8750	-3	-35		
1176	5.8800	-3	-35		
1177	5.8850	-4	-35		
1178	5.8900	-5	-35		
1179	5.8950	-5	-35		
1180	5.9000	-6	-34		
1181	5.9050	-7	-34		
1182	5.9100	-8	-34		
1183	5.9150	-9	-34		
1184	5.9200	-10	-34		
1185	5.9250	-11	-34		
1186	5.9300	-12	-34		
1187	5.9350	-13	-34		
1188	5.9400	-14	-34		
1189	5.9450	-15	-34		
1190	5.9500	-16	-34		
1191	5.9550	-17	-34		
1192	5.9600	-18	-34		
1193	5.9650	-20	-34		
1194	5.9700	-21	-34		
1195	5.9750	-22	-33		
1196	5.9800	-23	-33		
1197	5.9850	-24	-33		
1198	5.9900	-25	-33		
1199	5.9950	-26	-33		
1200	6.0000	-27	-33		
1201	6.0050	-28	-33		
1202	6.0100	-28	-33		
1203	6.0150	-29	-32		
1204	6.0200	-30	-32		
1205	6.0250	-30	-32		
1206	6.0300	-31	-32		
1207	6.0350	-32	-32		
1208	6.0400	-32	-32		
1209	6.0450	-32	-32		
1210	6.0500	-33	-32		
1211	6.0550	-33	-32		
1212	6.0600	-33	-32		
1213	6.0650	-33	-32		
1214	6.0700	-33	-32		
1215	6.0750	-33	-32		
1216	6.0800	-33	-32		
1217	6.0850	-33	-32		
1218	6.0900	-32	-32		
1219	6.0950	-32	-32		
1220	6.1000	-32	-32		
1221	6.1050	-31	-32		
1222	6.1100	-30	-32		
1223	6.1150	-30	-32		
1224	6.1200	-29	-32		
1225	6.1250	-28	-32		
1226	6.1300	-28	-32		
1227	6.1350	-27	-32		
1228	6.1400	-26	-32		
1229	6.1450	-25	-32		
1230	6.1500	-24	-32		
1231	6.1550	-23	-32		
1232	6.1600	-22	-32		
1233	6.1650	-21	-33		
1234	6.1700	-20	-33		
1235	6.1750	-19	-33		
1236	6.1800	-18	-33		
1237	6.1850	-17	-33		
1238	6.1900	-16	-33		
1239	6.1950	-15	-33		
1240	6.2000	-14	-34		
1241	6.2050	-12	-34		
1242	6.2100	-11	-34		
1243	6.2150	-10	-34		
1244	6.2200	-9	-34		
1245	6.2250	-8	-34		
1246	6.2300	-8	-34		
1247	6.2350	-7	-34		
1248	6.2400	-6	-34		
1249	6.2450	-5	-34		
1250	6.2500	-4	-34		
1251	6.2550	-4	-34		
1252	6.2600	-3	-34		
1253	6.2650	-3	-34		
1254	6.2700	-2	-34		
1255	6.2750	-2	-35		
1256	6.2800	-1	-35		
1257	6.2850	-1	-35		
1258	6.2900	-1	-35		
1259	6.2950	-1	-35		
1260	6.3000	-1	-35		
1261	6.3050	-1	-35		
1262	6.3100	-1	-35		
1263	6.3150	-1	-35		
1264	6.3200	-2	-35		
1265	6.3250	-2	-35		
1266	6.3300	-2	-35		
1267	6.3350	-3	-35		
1268	6.3400	-3	-35		
1269	6.3450	-4	-35		
1270	6.3500	-5	-35		
1271	6.3550	-5	-35		
1272	6.3600	-6	-35		
1273	6.3650	-7	-34		
1274	6.3700	-8	-34		
1275	6.3750	-9	-34		
1276	6.3800	-10	-34		
1277	6.3850	-11	-34		
1278	6.3900	-12	-34		
1279	6.3950	-13	-34		
1280	6.4000	-14	-34		
1281	6.4050	-15	-34		
1282	6.4100	-16	-34		
1283	6.4150	-17	-34		
1284	6.4200	-18	-34		
1285	6.4250	-20	-34		
1286	6.4300	-21	-33		
1287	6.4350	-22	-33		
1288	6.4400	-23	-33		
1289	6.4450	-24	-33		
1290	6.4500	-25	-33		
1291	6.4550	-26	-33		
1292	6.4600	-26	-33		
1293	6.4650	-27	-32		
1294	6.4700	-28	-32		
1295	6.4750	-29	-32		
1296	6.4800	-30	-32		
1297	6.4850	-30	-32		
1298	6.4900	-31	-32		
1299	6.4950	-31	-32		
1300	6.5000	-32	-32		
1301	6.5050	-32	-32		
1302	6.5100	-33	-32		
1303	6.5150	-33	-32		
1304	6.5200	-33	-32		
1305	6.5250	-33	-32		
1306	6.5300	-33	-32		
1307	6.5350	-33	-32		
1308	6.5400	-33	-32		
1309	6.5450	-33	-32		
1310	6.5500	-32	-32		
1311	6.5550	-32	-32		
1312	6.5600	-32	-32		
1313	6.5650	-31	-32		
1314	6.5700	-31	-32		
1315	6.5750	-30	-32		
1316	6.5800	-29	-32		
1317	6.5850	-29	-32		
1318	6.5900	-28	-32		
1319	6.5950	-27	-32		
1320	6.6000	-26	-32		
1321	6.6050	-25	-32		
1322	6.6100	-24	-32		
1323	6.6150	-23	-32		
1324	6.6200	-22	-32		
1325	6.6250	-21	-32		
1326	6.6300	-20	-32		
1327	6.6350	-19	-32		
1328	6.6400	-18	-32		
1329	6.6450	-17	-33		
1330	6.6500	-16	-33		
1331	6.6550	-15	-33		
1332	6.6600	-14	-33		
1333	6.6650	-12	-33		
1334	6.6700	-12	-33		
1335	6.6750	-10	-33		
1336	6.6800	-10	-34		
1337	6.6850	-8	-34		
1338	6.6900	-8	-34		
1339	6.6950	-7	-34		
1340	6.7000	-6	-34		
1341	6.7050	-5	-34		
1342	6.7100	-4	-34		
1343	6.7150	-4	-34		
1344	6.7200	-3	-34		
1345	6.7250	-3	-34		
1346	6.7300	-2	-34		
1347	6.7350	-2	-34		
1348	6.7400	-2	-34		
1349	6.7450	-1	-34		
1350	6.7500	-1	-34		
1351	6.7550	-1	-34		
1352	6.7600	-1	-34		
1353	6.7650	-1	-34		
1354	6.7700	-1	-34		
1355	6.7750	-1	-34		
1356	6.7800	-1	-35		
1357	6.7850	-2	-35		
1358	6.7900	-2	-35		
1359	6.7950	-3	-35		
1360	6.8000	-3	-35		
1361	6.8050	-4	-34		
1362	6.8100	-5	-34		
1363	6.8150	-5	-34		
1364	6.8200	-6	-34		
1365	6.8250	-7	-34		
1366	6.8300	-8	-34		
1367	6.8350	-9	-34		
1368	6.8400	-10	-34		
1369	6.8450	-11	-34		
1370	6.8500	-12	-34		
1371	6.8550	-13	-34		
1372	6.8600	-14	-34		
1373	6.8650	-15	-34		
1374	6.8700	-16	-34		
1375	6.8750	-17	-34		
1376	6.8800	-18	-34		
1377	6.8850	-19	-34		
1378	6.8900	-20	-34		
1379	6.8950	-21	-33		
1380	6.9000	-22	-33		
1381	6.9050	-24	-33		
1382	6.9100	-25	-33		
1383	6.9150	-26	-33		
1384	6.9200	-26	-33		
1385	6.9250	-27	-33		
1386	6.9300	-28	-32		
1387	6.9350	-29	-32		
1388	6.9400	-30	-32		
1389	6.9450	-30	-32		
1390	6.9500	-31	-32		
1391	6.9550	-31	-32		
1392	6.9600	-32	-32		
1393	6.9650	-32	-32		
1394	6.9700	-32	-32		
1395	6.9750	-33	-32		
1396	6.9800	-33	-32		
1397	6.9850	-33	-32		
1398	6.9900	-33	-32		
1399	6.9950	-33	-32		
1400	7.0000	-33	-32		
1401	7.0050	-33	-32		
1402	7.0100	-32	-32		
1403	7.0150	-32	-32		
1404	7.0200	-32	-32		
1405	7.0250	-31	-32		
1406	7.0300	-31	-32		
1407	7.0350	-30	-32		
1408	7.0400	-29	-32		
1409	7.0450	-29	-32		
1410	7.0500	-28	-32		
1411	7.0550	-27	-32		
1412	7.0600	-26	-32		
1413	7.0650	-25	-32		
1414	7.0700	-24	-32		
1415	7.0750	-23	-32		
1416	7.0800	-22	-32		
1417	7.0850	-21	-32		
1418	7.0900	-20	-33		
1419	7.0950	-19	-33		
1420	7.1000	-18	-33		
1421	7.1050	-17	-33		
1422	7.1100	-16	-33		
1423	7.1150	-15	-33		
1424	7.1200	-14	-33		
1425	7.1250	-13	-34		
1426	7.1300	-12	-34		
1427	7.1350	-10	-34		
1428	7.1400	-10	-34		
1429	7.1450	-9	-34		
1430	7.1500	-8	-34		
1431	7.1550	-7	-34		
1432	7.1600	-6	-34		
1433	7.1650	-5	-34		
1434	7.1700	-4	-34		
1435	7.1750	-4	-34		
1436	7.1800	-3	-34		
1437	7.1850	-3	-34		
1438	7.1900	-2	-34		
1439	7.1950	-2	-35		
1440	7.2000	-2	-35		
1441	7.2050	-1	-35		
1442	7.2100	-1	-35		
1443	7.2150	-1	-35		
1444	7.2200	-1	-35		
1445	7.2250	-1	-35		
1446	7.2300	-1	-35		
1447	7.2350	-1	-35		
1448	7.2400	-2	-35		
1449	7.2450	-2	-35		
1450	7.2500	-2	-35		
1451	7.2550	-3	-35		
1452	7.2600	-3	-35		
1453	7.2650	-4	-35		
1454	7.2700	-4	-35		
1455	7.2750	-5	-35		
1456	7.2800	-6	-35		
1457	7.2850	-7	-34		
1458	7.2900	-8	-34		
1459	7.2950	-9	-34		
1460	7.3000	-10	-34		
1461	7.3050	-11	-34		
1462	7.3100	-12	-34		
1463	7.3150	-13	-34		
1464	7.3200	-14	-34		
1465	7.3250	-15	-34		
1466	7.3300	-16	-34		
1467	7.3350	-17	-34		
1468	7.3400	-18	-34		
1469	7.3450	-19	-34		
1470	7.3500	-20	-34		
1471	7.3550	-21	-33		
1472	7.3600	-22	-33		
1473	7.3650	-23	-33		
1474	7.3700	-24	-33		
1475	7.3750	-25	-33		
1476	7.3800	-26	-33		
1477	7.3850	-27	-33		
1478	7.3900	-28	-32		
1479	7.3950	-29	-32		
1480	7.4000	-30	-32		
1481	7.4050	-30	-32		
1482	7.4100	-31	-32		
1483	7.4150	-31	-32		
1484	7.4200	-32	-32		
1485	7.4250	-32	-32		
1486	7.4300	-32	-32		
1487	7.4350	-33	-32		
1488	7.4400	-33	-32		
1489	7.4450	-33	-32		
1490	7.4500	-33	-32		
1491	7.4550	-33	-32		
1492	7.4600	-33	-32		
1493	7.4650	-33	-32		
1494	7.4700	-32	-32		
1495	7.4750	-32	-32		
1496	7.4800	-32	-32		
1497	7.4850	-31	-32		
1498	7.4900	-31	-32		
1499	7.4950	-30	-32		
1500	7.5000	-30	-32		
1501	7.5050	-29	-32		
1502	7.5100	-28	-32		
1503	7.5150	-27	-32		
1504	7.5200	-26	-32		
1505	7.5250	-25	-32		
1506	7.5300	-24	-32		
1507	7.5350	-24	-32		
1508	7.5400	-22	-32		
1509	7.5450	-21	-32		
1510	7.5500	-20	-32		
1511	7.5550	-19	-32		
1512	7.5600	-18	-32		
1513	7.5650	-17	-33		
1514	7.5700	-16	-33		
1515	7.5750	-15	-33		
1516	7.5800	-14	-33		
1517	7.5850	-13	-33		
1518	7.5900	-12	-33		
1519	7.5950	-11	-33		
1520	7.6000	-10	-34		
1521	7.6050	-9	-34		
1522	7.6100	-8	-34		
1523	7.6150	-7	-34		
1524	7.6200	-6	-34		
1525	7.6250	-5	-34		
1526	7.6300	-4	-34		
1527	7.6350	-4	-34		
1528	7.6400	-3	-34		
1529	7.6450	-3	-34		
1530	7.6500	-2	-34		
1531	7.6550	-2	-34		
1532	7.6600	-2	-34		
1533	7.6650	-1	-34		
1534	7.6700	-1	-34		
1535	7.6750	-1	-34		
1536	7.6800	-1	-34		
1537	7.6850	-1	-35		
1538	7.6900	-1	-35		
1539	7.6950	-1	-35		
1540	7.7000	-1	-35		
1541	7.7050	-2	-35		
1542	7.7100	-2	-35		
1543	7.7150	-3	-35		
1544	7.7200	-3	-35		
1545	7.7250	-4	-34		
1546	7.7300	-4	-34		
1547	7.7350	-5	-34		
1548	7.7400	-6	-34		
1549	7.7450	-7	-34		
1550	7.7500	-8	-34		
1551	7.7550	-8	-34		
1552	7.7600	-10	-34		
1553	7.7650	-10	-34		
1554	7.7700	-11	-34		
1555	7.7750	-12	-34		
1556	7.7800	-14	-34		
1557	7.7850	-15	-34		
1558	7.7900	-16	-34		
1559	7.7950	-17	-34		
1560	7.8000	-18	-34		
1561	7.8050	-19	-34		
1562	7.8100	-20	-33		
1563	7.8150	-21	-33		
1564	7.8200	-22	-33		
1565	7.8250	-23	-33		
1566	7.8300	-24	-33		
1567	7.8350	-25	-33		
1568	7.8400	-26	-33		
1569	7.8450	-27	-32		
1570	7.8500	-28	-32		
1571	7.8550	-29	-32		
1572	7.8600	-30	-32		
1573	7.8650	-30	-32		
1574	7.8700	-31	-32		
1575	7.8750	-31	-32		
1576	7.8800	-32	-32		
1577	7.8850	-32	-32		
1578	7.8900	-32	-32		
1579	7.8950	-33	-32		
1580	7.9000	-33	-32		
1581	7.9050	-33	-32		
1582	7.9100	-33	-32		
1583	7.9150	-33	-32		
1584	7.9200	-33	-32		
1585	7.9250	-33	-32		
1586	7.9300	-32	-32		
1587	7.9350	-32	-32		
1588	7.9400	-32	-32		
1589	7.9450	-31	-32		
1590	7.9500	-31	-32		
1591	7.9550	-30	-32		
1592	7.9600	-30	-32		
1593	7.9650	-29	-32		
1594	7.9700	-28	-32		
1595	7.9750	-27	-32		
1596	7.9800	-26	-32		
1597	7.9850	-26	-32		
1598	7.9900	-25	-32		
1599	7.9950	-24	-32		
1600	8.0000	-23	-32		
1601	8.0050	-22	-32		
1602	8.0100	-20	-33		
1603	8.0150	-19	-33		
1604	8.0200	-18	-33		
1605	8.0250	-17	-33		
1606	8.0300	-16	-33		
1607	8.0350	-15	-33		
1608	8.0400	-14	-33		
1609	8.0450	-13	-34		
1610	8.0500	-12	-34		
1611	8.0550	-11	-34		
1612	8.0600	-10	-34		
1613	8.0650	-9	-34		
1614	8.0700	-8	-34		
1615	8.0750	-7	-34		
1616	8.0800	-6	-34		
1617	8.0850	-5	-34		
1618	8.0900	-5	-34		
1619	8.0950	-4	-34		
1620	8.1000	-3	-34		
1621	8.1050	-3	-34		
1622	8.1100	-2	-34		
1623	8.1150	-2	-35		
1624	8.1200	-2	-35		
1625	8.1250	-1	-35		
1626	8.1300	-1	-35		
1627	8.1350	-1	-35		
1628	8.1400	-1	-35		
1629	8.1450	-1	-35		
1630	8.1500	-1	-35		
1631	8.1550	-1	-35		
1632	8.1600	-1	-35		
1633	8.1650	-2	-35		
1634	8.1700	-2	-35		
1635	8.1750	-3	-35		
1636	8.1800	-3	-35		
1637	8.1850	-4	-35		
1638	8.1900	-4	-35		
1639	8.1950	-5	-35		
1640	8.2000	-6	-35		
1641	8.2050	-7	-35		
1642	8.2100	-8	-35		
1643	8.2150	-8	-34		
1644	8.2200	-9	-34		
1645	8.2250	-10	-34		
1646	8.2300	-11	-34		
1647	8.2350	-12	-34		
1648	8.2400	-14	-34		
1649	8.2450	-15	-34		
1650	8.2500	-16	-34		
1651	8.2550	-17	-34		
1652	8.2600	-18	-34		
1653	8.2650	-19	-34		
1654	8.2700	-20	-34		
1655	8.2750	-21	-34		
1656	8.2800	-22	-34		
1657	8.2850	-23	-33		
1658	8.2900	-24	-33		
1659	8.2950	-25	-33		
1660	8.3000	-26	-33		
1661	8.3050	-27	-33		
1662	8.3100	-28	-33		
1663	8.3150	-29	-32		
1664	8.3200	-29	-32		
1665	8.3250	-30	-32		
1666	8.3300	-31	-32		
1667	8.3350	-31	-32		
1668	8.3400	-32	-32		
1669	8.3450	-32	-32		
1670	8.3500	-33	-32		
1671	8.3550	-33	-32		
1672	8.3600	-33	-32		
1673	8.3650	-33	-32		
1674	8.3700	-33	-32		
1675	8.3750	-33	-32		
1676	8.3800	-33	-32		
1677	8.3850	-33	-32		
1678	8.3900	-33	-32		
1679	8.3950	-32	-32		
1680	8.4000	-32	-32		
1681	8.4050	-32	-32		
1682	8.4100	-31	-32		
1683	8.4150	-30	-32		
1684	8.4200	-30	-32		
1685	8.4250	-29	-32		
1686	8.4300	-28	-32		
1687	8.4350	-27	-32		
1688	8.4400	-26	-32		
1689	8.4450	-26	-32		
1690	8.4500	-25	-32		
1691	8.4550	-24	-32		
1692	8.4600	-23	-32		
1693	8.4650	-22	-32		
1694	8.4700	-21	-32		
1695	8.4750	-20	-32		
1696	8.4800	-19	-33		
1697	8.4850	-18	-33		
1698	8.4900	-16	-33		
1699	8.4950	-15	-33		
1700	8.5000	-14	-33		
1701	8.5050	-13	-33		
1702	8.5100	-12	-33		
1703	8.5150	-11	-34		
1704	8.5200	-10	-34		
1705	8.5250	-9	-34		
1706	8.5300	-8	-34		
1707	8.5350	-7	-34		
1708	8.5400	-6	-34		
1709	8.5450	-6	-34		
1710	8.5500	-5	-34		
1711	8.5550	-4	-34		
1712	8.5600	-4	-34		
1713	8.5650	-3	-34		
1714	8.5700	-2	-34		
1715	8.5750	-2	-34		
1716	8.5800	-2	-34		
1717	8.5850	-1	-34		
1718	8.5900	-1	-34		
1719	8.5950	-1	-35		
1720	8.6000	-1	-35		
1721	8.6050	-1	-35		
1722	8.6100	-1	-35		
1723	8.6150	-1	-35		
1724	8.6200	-2	-35		
1725	8.6250	-2	-35		
1726	8.6300	-2	-35		
1727	8.6350	-3	-35		
1728	8.6400	-3	-35		
1729	8.6450	-4	-35		
1730	8.6500	-4	-35		
1731	8.6550	-5	-34		
1732	8.6600	-6	-34		
1733	8.6650	-7	-34		
1734	8.6700	-8	-34		
1735	8.6750	-8	-34		
1736	8.6800	-9	-34		
1737	8.6850	-10	-34		
1738	8.6900	-11	-34		
1739	8.6950	-12	-34		
1740	8.7000	-13	-34		
1741	8.7050	-15	-34		
1742	8.7100	-16	-34		
1743	8.7150	-17	-34		
1744	8.7200	-18	-34		
1745	8.7250	-19	-34		
1746	8.7300	-20	-34		
1747	8.7350	-21	-33		
1748	8.7400	-22	-33		
1749	8.7450	-23	-33		
1750	8.7500	-24	-33		
1751	8.7550	-25	-33		
1752	8.7600	-26	-33		
1753	8.7650	-27	-33		
1754	8.7700	-28	-32		
1755	8.7750	-29	-32		
1756	8.7800	-29	-32		
1757	8.7850	-30	-32		
1758	8.7900	-31	-32		
1759	8.7950	-31	-32		
1760	8.8000	-32	-32		
1761	8.8050	-32	-32		
1762	8.8100	-32	-32		
1763	8.8150	-33	-32		
1764	8.8200	-33	-32		
1765	8.8250	-33	-32		
1766	8.8300	-33	-32		
1767	8.8350	-33	-32		
1768	8.8400	-33	-32		
1769	8.8450	-33	-32		
1770	8.8500	-33	-32		
1771	8.8550	-32	-32		
1772	8.8600	-32	-32		
1773	8.8650	-32	-32		
1774	8.8700	-31	-32		
1775	8.8750	-30	-32		
1776	8.8800	-30	-32		
1777	8.8850	-29	-32		
1778	8.8900	-28	-32		
1779	8.8950	-28	-32		
1780	8.9000	-27	-32		
1781	8.9050	-26	-32		
1782	8.9100	-25	-32		
1783	8.9150	-24	-32		
1784	8.9200	-23	-32		
1785	8.9250	-22	-32		
1786	8.9300	-21	-32		
1787	8.9350	-20	-33		
1788	8.9400	-19	-33		
1789	8.9450	-18	-33		
1790	8.9500	-16	-33		
1791	8.9550	-15	-33		
1792	8.9600	-14	-33		
1793	8.9650	-13	-33		
1794	8.9700	-12	-34		
1795	8.9750	-11	-34		
1796	8.9800	-10	-34		
1797	8.9850	-9	-34		
1798	8.9900	-8	-34		
1799	8.9950	-7	-34		
1800	9.0000	-6	-34		
1801	9.0050	-6	-34		
1802	9.0100	-5	-34		
1803	9.0150	-4	-34		
1804	9.0200	-4	-34		
1805	9.0250	-3	-34		
1806	9.0300	-2	-34		
1807	9.0350	-2	-35		
1808	9.0400	-2	-35		
1809	9.0450	-1	-35		
1810	9.0500	-1	-35		
1811	9.0550	-1	-35		
1812	9.0600	-1	-35		
1813	9.0650	-1	-35		
1814	9.0700	-1	-35		
1815	9.0750	-1	-35		
1816	9.0800	-1	-35		
1817	9.0850	-2	-35		
1818	9.0900	-2	-35		
1819	9.0950	-2	-35		
1820	9.1000	-3	-35		
1821	9.1050	-4	-35		
1822	9.1100	-4	-35		
1823	9.1150	-5	-35		
1824	9.1200	-6	-35		
1825	9.1250	-6	-35		
1826	9.1300	-7	-35		
1827	9.1350	-8	-34		
1828	9.1400	-9	-34		
1829	9.1450	-10	-34		
1830	9.1500	-11	-34		
1831	9.1550	-12	-34		
1832	9.1600	-13	-34		
1833	9.1650	-14	-34		
1834	9.1700	-16	-34		
1835	9.1750	-17	-34		
1836	9.1800	-18	-34		
1837	9.1850	-19	-34		
1838	9.1900	-20	-34		
1839	9.1950	-21	-34		
1840	9.2000	-22	-34		
1841	9.2050	-23	-33		
1842	9.2100	-24	-33		
1843	9.2150	-25	-33		
1844	9.2200	-26	-33		
1845	9.2250	-27	-33		
1846	9.2300	-28	-33		
1847	9.2350	-29	-33		
1848	9.2400	-29	-32		
1849	9.2450	-30	-32		
1850	9.2500	-31	-32		
1851	9.2550	-31	-32		
1852	9.2600	-32	-32		
1853	9.2650	-32	-32		
1854	9.2700	-32	-32		
1855	9.2750	-33	-32		
1856	9.2800	-33	-32		
1857	9.2850	-33	-32		
1858	9.2900	-33	-32		
1859	9.2950	-33	-32		
1860	9.3000	-33	-32		
1861	9.3050	-33	-32		
1862	9.3100	-33	-32		
1863	9.3150	-32	-32		
1864	9.3200	-32	-32		
1865	9.3250	-32	-32		
1866	9.3300	-31	-32		
1867	9.3350	-30	-32		
1868	9.3400	-30	-32		
1869	9.3450	-29	-32		
1870	9.3500	-28	-32		
1871	9.3550	-28	-32		
1872	9.3600	-27	-32		
1873	9.3650	-26	-32		
1874	9.3700	-25	-32		
1875	9.3750	-24	-32		
1876	9.3800	-23	-32		
1877	9.3850	-22	-32		
1878	9.3900	-21	-32		
1879	9.3950	-20	-33		
1880	9.4000	-19	-33		
1881	9.4050	-18	-33		
1882	9.4100	-16	-33		
1883	9.4150	-16	-33		
1884	9.4200	-14	-33		
1885	9.4250	-13	-33		
1886	9.4300	-12	-34		
1887	9.4350	-11	-34		
1888	9.4400	-10	-34		
1889	9.4450	-9	-34		
1890	9.4500	-8	-34		
1891	9.4550	-7	-34		
1892	9.4600	-6	-34		
1893	9.4650	-6	-34		
1894	9.4700	-5	-34		
1895	9.4750	-4	-34		
1896	9.4800	-4	-34		
1897	9.4850	-3	-34		
1898	9.4900	-2	-34		
1899	9.4950	-2	-34		
1900	9.5000	-2	-34		
1901	9.5050	-1	-34		
1902	9.5100	-1	-35		
1903	9.5150	-1	-35		
1904	9.5200	-1	-35		
1905	9.5250	-1	-35		
1906	9.5300	-1	-35		
1907	9.5350	-1	-35		
1908	9.5400	-1	-35		
1909	9.5450	-2	-35		
1910	9.5500	-2	-35		
1911	9.5550	-2	-35		
1912	9.5600	-3	-35		
1913	9.5650	-4	-35		
1914	9.5700	-4	-35		
1915	9.5750	-5	-35		
1916	9.5800	-6	-35		
1917	9.5850	-6	-34		
1918	9.5900	-7	-34		
1919	9.5950	-8	-34		
1920	9.6000	-9	-34		
1921	9.6050	-10	-34		
1922	9.6100	-11	-34		
1923	9.6150	-12	-34		
1924	9.6200	-13	-34		
1925	9.6250	-14	-34		
1926	9.6300	-15	-34		
1927	9.6350	-16	-34		
1928	9.6400	-18	-34		
1929	9.6450	-19	-34		
1930	9.6500	-20	-34		
1931	9.6550	-21	-33		
1932	9.6600	-22	-33		
1933	9.6650	-23	-33		
1934	9.6700	-24	-33		
1935	9.6750	-25	-33		
1936	9.6800	-26	-33		
1937	9.6850	-27	-33		
1938	9.6900	-28	-33		
1939	9.6950	-28	-32		
1940	9.7000	-29	-32		
1941	9.7050	-30	-32		
1942	9.7100	-30	-32		
1943	9.7150	-31	-32		
1944	9.7200	-32	-32		
1945	9.7250	-32	-32		
1946	9.7300	-32	-32		
1947	9.7350	-33	-32		
1948	9.7400	-33	-32		
1949	9.7450	-33	-32		
1950	9.7500	-33	-32		
1951	9.7550	-33	-32		
1952	9.7600	-33	-32		
1953	9.7650	-33	-32		
1954	9.7700	-33	-32		
1955	9.7750	-32	-32		
1956	9.7800	-32	-32		
1957	9.7850	-32	-32		
1958	9.7900	-31	-32		
1959	9.7950	-30	-32		
1960	9.8000	-30	-32		
1961	9.8050	-29	-32		
1962	9.8100	-28	-32		
1963	9.8150	-28	-32		
1964	9.8200	-27	-32		
1965	9.8250	-26	-32		
1966	9.8300	-25	-32		
1967	9.8350	-24	-32		
1968	9.8400	-23	-32		
1969	9.8450	-22	-32		
1970	9.8500	-21	-32		
1971	9.8550	-20	-33		
1972	9.8600	-19	-33		
1973	9.8650	-18	-33		
1974	9.8700	-17	-33		
1975	9.8750	-16	-33		
1976	9.8800	-14	-33		
1977	9.8850	-14	-34		
1978	9.8900	-12	-34		
1979	9.8950	-11	-34		
1980	9.9000	-10	-34		
1981	9.9050	-9	-34		
1982	9.9100	-8	-34		
1983	9.9150	-8	-34		
1984	9.9200	-7	-34		
1985	9.9250	-6	-34		
1986	9.9300	-5	-34		
1987	9.9350	-4	-34		
1988	9.9400	-4	-34		
1989	9.9450	-3	-34		
1990	9.9500	-3	-34		
1991	9.9550	-2	-35		
1992	9.9600	-2	-35		
1993	9.9650	-2	-35		
1994	9.9700	-1	-35		
1995	9.9750	-1	-35		
1996	9.9800	-1	-35		
1997	9.9850	-1	-35		
1998	9.9900	-1	-35		
1999	9.9950	-1	-35		
2000	10.0000	-1	-35		
