#	time(s)	count A	count B	count C	count D
1	0.0050	-21	-32		
2	0.0100	-22	-32		
3	0.0150	-22	-32		
4	0.0200	-23	-32		
5	0.0250	-24	-31		
6	0.0300	-24	-31		
7	0.0350	-25	-31		
8	0.0400	-26	-31		
9	0.0450	-27	-31		
10	0.0500	-27	-30		
11	0.0550	-28	-30		
12	0.0600	-28	-30		
13	0.0650	-29	-30		
14	0.0700	-29	-30		
15	0.0750	-30	-30		
16	0.0800	-30	-30		
17	0.0850	-31	-30		
18	0.0900	-31	-30		
19	0.0950	-32	-30		
20	0.1000	-32	-30		
21	0.1050	-32	-30		
22	0.1100	-32	-30		
23	0.1150	-33	-30		
24	0.1200	-33	-30		
25	0.1250	-33	-30		
26	0.1300	-33	-30		
27	0.1350	-33	-29		
28	0.1400	-33	-29		
29	0.1450	-33	-29		
30	0.1500	-33	-30		
31	0.1550	-33	-30		
32	0.1600	-33	-30		
33	0.1650	-32	-30		
34	0.1700	-32	-30		
35	0.1750	-32	-30		
36	0.1800	-32	-30		
37	0.1850	-31	-30		
38	0.1900	-31	-30		
39	0.1950	-30	-30		
40	0.2000	-30	-30		
41	0.2050	-30	-30		
42	0.2100	-29	-30		
43	0.2150	-29	-30		
44	0.2200	-28	-30		
45	0.2250	-28	-31		
46	0.2300	-27	-31		
47	0.2350	-26	-31		
48	0.2400	-26	-31		
49	0.2450	-25	-32		
50	0.2500	-24	-32		
51	0.2550	-24	-32		
52	0.2600	-23	-32		
53	0.2650	-22	-32		
54	0.2700	-21	-32		
55	0.2750	-20	-32		
56	0.2800	-20	-33		
57	0.2850	-19	-33		
58	0.2900	-18	-33		
59	0.2950	-17	-33		
60	0.3000	-17	-34		
61	0.3050	-16	-34		
62	0.3100	-15	-34		
63	0.3150	-14	-34		
64	0.3200	-13	-34		
65	0.3250	-13	-34		
66	0.3300	-12	-35		
67	0.3350	-11	-35		
68	0.3400	-10	-35		
69	0.3450	-10	-35		
70	0.3500	-9	-36		
71	0.3550	-8	-36		
72	0.3600	-8	-36		
73	0.3650	-7	-36		
74	0.3700	-6	-36		
75	0.3750	-6	-36		
76	0.3800	-5	-36		
77	0.3850	-5	-37		
78	0.3900	-4	-37		
79	0.3950	-4	-37		
80	0.4000	-3	-37		
81	0.4050	-3	-37		
82	0.4100	-3	-37		
83	0.4150	-2	-38		
84	0.4200	-2	-38		
85	0.4250	-2	-38		
86	0.4300	-2	-38		
87	0.4350	-2	-38		
88	0.4400	-1	-38		
89	0.4450	-1	-38		
90	0.4500	-1	-38		
91	0.4550	-1	-38		
92	0.4600	-1	-38		
93	0.4650	-1	-38		
94	0.4700	-1	-38		
95	0.4750	-2	-38		
96	0.4800	-2	-38		
97	0.4850	-2	-38		
98	0.4900	-2	-38		
99	0.4950	-2	-38		
100	0.5000	-3	-38		
101	0.5050	-3	-38		
102	0.5100	-4	-38		
103	0.5150	-4	-38		
104	0.5200	-4	-38		
105	0.5250	-5	-38		
106	0.5300	-6	-37		
107	0.5350	-6	-37		
108	0.5400	-7	-37		
109	0.5450	-7	-37		
110	0.5500	-8	-37		
111	0.5550	-8	-37		
112	0.5600	-9	-36		
113	0.5650	-10	-36		
114	0.5700	-11	-36		
115	0.5750	-11	-36		
116	0.5800	-12	-36		
117	0.5850	-13	-36		
118	0.5900	-14	-36		
119	0.5950	-14	-35		
120	0.6000	-15	-35		
121	0.6050	-16	-35		
122	0.6100	-17	-34		
123	0.6150	-18	-34		
124	0.6200	-18	-34		
125	0.6250	-19	-34		
126	0.6300	-20	-34		
127	0.6350	-21	-34		
128	0.6400	-22	-34		
129	0.6450	-22	-33		
130	0.6500	-23	-33		
131	0.6550	-24	-33		
132	0.6600	-24	-32		
133	0.6650	-25	-32		
134	0.6700	-26	-32		
135	0.6750	-27	-32		
136	0.6800	-27	-32		
137	0.6850	-28	-32		
138	0.6900	-28	-32		
139	0.6950	-29	-31		
140	0.7000	-29	-31		
141	0.7050	-30	-31		
142	0.7100	-30	-31		
143	0.7150	-31	-30		
144	0.7200	-31	-30		
145	0.7250	-32	-30		
146	0.7300	-32	-30		
147	0.7350	-32	-30		
148	0.7400	-32	-30		
149	0.7450	-33	-30		
150	0.7500	-33	-30		
151	0.7550	-33	-30		
152	0.7600	-33	-30		
153	0.7650	-33	-30		
154	0.7700	-33	-30		
155	0.7750	-33	-30		
156	0.7800	-33	-29		
157	0.7850	-33	-29		
158	0.7900	-33	-29		
159	0.7950	-32	-29		
160	0.8000	-32	-29		
161	0.8050	-32	-29		
162	0.8100	-32	-29		
163	0.8150	-31	-29		
164	0.8200	-31	-29		
165	0.8250	-31	-29		
166	0.8300	-30	-29		
167	0.8350	-30	-30		
168	0.8400	-29	-30		
169	0.8450	-29	-30		
170	0.8500	-28	-30		
171	0.8550	-28	-30		
172	0.8600	-27	-30		
173	0.8650	-26	-30		
174	0.8700	-26	-30		
175	0.8750	-25	-30		
176	0.8800	-24	-30		
177	0.8850	-24	-30		
178	0.8900	-23	-30		
179	0.8950	-22	-31		
180	0.9000	-21	-31		
181	0.9050	-20	-31		
182	0.9100	-20	-31		
183	0.9150	-19	-31		
184	0.9200	-18	-32		
185	0.9250	-17	-32		
186	0.9300	-17	-32		
187	0.9350	-16	-32		
188	0.9400	-15	-32		
189	0.9450	-14	-32		
190	0.9500	-13	-32		
191	0.9550	-13	-33		
192	0.9600	-12	-33		
193	0.9650	-11	-33		
194	0.9700	-10	-33		
195	0.9750	-10	-34		
196	0.9800	-9	-34		
197	0.9850	-8	-34		
198	0.9900	-8	-34		
199	0.9950	-7	-34		
200	1.0000	-6	-34		
201	1.0050	-6	-34		
202	1.0100	-5	-34		
203	1.0150	-5	-35		
204	1.0200	-4	-35		
205	1.0250	-4	-35		
206	1.0300	-3	-35		
207	1.0350	-3	-35		
208	1.0400	-3	-36		
209	1.0450	-2	-36		
210	1.0500	-2	-36		
211	1.0550	-2	-36		
212	1.0600	-2	-36		
213	1.0650	-2	-36		
214	1.0700	-1	-36		
215	1.0750	-1	-36		
216	1.0800	-1	-36		
217	1.0850	-1	-36		
218	1.0900	-1	-36		
219	1.0950	-1	-36		
220	1.1000	-1	-36		
221	1.1050	-2	-36		
222	1.1100	-2	-36		
223	1.1150	-2	-36		
224	1.1200	-2	-36		
225	1.1250	-2	-36		
226	1.1300	-3	-36		
227	1.1350	-3	-36		
228	1.1400	-4	-36		
229	1.1450	-4	-36		
230	1.1500	-4	-36		
231	1.1550	-5	-36		
232	1.1600	-5	-36		
233	1.1650	-6	-36		
234	1.1700	-7	-36		
235	1.1750	-7	-36		
236	1.1800	-8	-36		
237	1.1850	-8	-36		
238	1.1900	-9	-36		
239	1.1950	-10	-36		
240	1.2000	-11	-36		
241	1.2050	-11	-35		
242	1.2100	-12	-35		
243	1.2150	-13	-35		
244	1.2200	-14	-35		
245	1.2250	-14	-35		
246	1.2300	-15	-35		
247	1.2350	-16	-34		
248	1.2400	-17	-34		
249	1.2450	-18	-34		
250	1.2500	-18	-34		
251	1.2550	-19	-34		
252	1.2600	-20	-34		
253	1.2650	-21	-34		
254	1.2700	-22	-34		
255	1.2750	-22	-34		
256	1.2800	-23	-33		
257	1.2850	-24	-33		
258	1.2900	-24	-33		
259	1.2950	-25	-33		
260	1.3000	-26	-33		
261	1.3050	-27	-32		
262	1.3100	-27	-32		
263	1.3150	-28	-32		
264	1.3200	-28	-32		
265	1.3250	-29	-32		
266	1.3300	-29	-32		
267	1.3350	-30	-32		
268	1.3400	-30	-32		
269	1.3450	-31	-32		
270	1.3500	-31	-32		
271	1.3550	-32	-32		
272	1.3600	-32	-32		
273	1.3650	-32	-31		
274	1.3700	-32	-31		
275	1.3750	-33	-31		
276	1.3800	-33	-31		
277	1.3850	-33	-31		
278	1.3900	-33	-31		
279	1.3950	-33	-31		
280	1.4000	-33	-31		
281	1.4050	-33	-31		
282	1.4100	-33	-31		
283	1.4150	-33	-31		
284	1.4200	-33	-31		
285	1.4250	-32	-31		
286	1.4300	-32	-31		
287	1.4350	-32	-31		
288	1.4400	-32	-31		
289	1.4450	-31	-31		
290	1.4500	-31	-31		
291	1.4550	-31	-31		
292	1.4600	-30	-31		
293	1.4650	-30	-31		
294	1.4700	-29	-31		
295	1.4750	-29	-32		
296	1.4800	-28	-32		
297	1.4850	-28	-32		
298	1.4900	-27	-32		
299	1.4950	-26	-32		
300	1.5000	-26	-32		
301	1.5050	-25	-32		
302	1.5100	-24	-32		
303	1.5150	-24	-32		
304	1.5200	-23	-32		
305	1.5250	-22	-32		
306	1.5300	-21	-32		
307	1.5350	-21	-33		
308	1.5400	-20	-33		
309	1.5450	-19	-33		
310	1.5500	-18	-33		
311	1.5550	-17	-33		
312	1.5600	-17	-34		
313	1.5650	-16	-34		
314	1.5700	-15	-34		
315	1.5750	-14	-34		
316	1.5800	-14	-34		
317	1.5850	-13	-34		
318	1.5900	-12	-34		
319	1.5950	-11	-34		
320	1.6000	-10	-34		
321	1.6050	-10	-35		
322	1.6100	-9	-35		
323	1.6150	-8	-35		
324	1.6200	-8	-35		
325	1.6250	-7	-35		
326	1.6300	-6	-36		
327	1.6350	-6	-36		
328	1.6400	-5	-36		
329	1.6450	-5	-36		
330	1.6500	-4	-36		
331	1.6550	-4	-36		
332	1.6600	-3	-36		
333	1.6650	-3	-36		
334	1.6700	-3	-36		
335	1.6750	-2	-36		
336	1.6800	-2	-36		
337	1.6850	-2	-36		
338	1.6900	-2	-36		
339	1.6950	-2	-36		
340	1.7000	-1	-36		
341	1.7050	-1	-36		
342	1.7100	-1	-36		
343	1.7150	-1	-36		
344	1.7200	-1	-36		
345	1.7250	-1	-36		
346	1.7300	-1	-36		
347	1.7350	-2	-36		
348	1.7400	-2	-36		
349	1.7450	-2	-36		
350	1.7500	-2	-36		
351	1.7550	-2	-36		
352	1.7600	-3	-36		
353	1.7650	-3	-36		
354	1.7700	-4	-36		
355	1.7750	-4	-36		
356	1.7800	-4	-36		
357	1.7850	-5	-36		
358	1.7900	-5	-36		
359	1.7950	-6	-36		
360	1.8000	-6	-35		
361	1.8050	-7	-35		
362	1.8100	-8	-35		
363	1.8150	-8	-35		
364	1.8200	-9	-35		
365	1.8250	-10	-34		
366	1.8300	-11	-34		
367	1.8350	-11	-34		
368	1.8400	-12	-34		
369	1.8450	-13	-34		
370	1.8500	-14	-34		
371	1.8550	-14	-34		
372	1.8600	-15	-34		
373	1.8650	-16	-33		
374	1.8700	-17	-33		
375	1.8750	-18	-33		
376	1.8800	-18	-33		
377	1.8850	-19	-32		
378	1.8900	-20	-32		
379	1.8950	-21	-32		
380	1.9000	-22	-32		
381	1.9050	-22	-32		
382	1.9100	-23	-32		
383	1.9150	-24	-32		
384	1.9200	-24	-31		
385	1.9250	-25	-31		
386	1.9300	-26	-31		
387	1.9350	-26	-31		
388	1.9400	-27	-31		
389	1.9450	-28	-30		
390	1.9500	-28	-30		
391	1.9550	-29	-30		
392	1.9600	-29	-30		
393	1.9650	-30	-30		
394	1.9700	-30	-30		
395	1.9750	-31	-30		
396	1.9800	-31	-30		
397	1.9850	-32	-30		
398	1.9900	-32	-30		
399	1.9950	-32	-30		
400	2.0000	-32	-30		
401	2.0050	-33	-30		
402	2.0100	-33	-29		
403	2.0150	-33	-29		
404	2.0200	-33	-29		
405	2.0250	-33	-29		
406	2.0300	-33	-29		
407	2.0350	-33	-29		
408	2.0400	-33	-29		
409	2.0450	-33	-29		
410	2.0500	-33	-29		
411	2.0550	-32	-29		
412	2.0600	-32	-29		
413	2.0650	-32	-30		
414	2.0700	-32	-30		
415	2.0750	-31	-30		
416	2.0800	-31	-30		
417	2.0850	-31	-30		
418	2.0900	-30	-30		
419	2.0950	-30	-30		
420	2.1000	-29	-30		
421	2.1050	-29	-30		
422	2.1100	-28	-30		
423	2.1150	-28	-30		
424	2.1200	-27	-30		
425	2.1250	-26	-31		
426	2.1300	-26	-31		
427	2.1350	-25	-31		
428	2.1400	-24	-31		
429	2.1450	-24	-31		
430	2.1500	-23	-32		
431	2.1550	-22	-32		
432	2.1600	-21	-32		
433	2.1650	-21	-32		
434	2.1700	-20	-32		
435	2.1750	-19	-32		
436	2.1800	-18	-33		
437	2.1850	-18	-33		
438	2.1900	-17	-33		
439	2.1950	-16	-33		
440	2.2000	-15	-34		
441	2.2050	-14	-34		
442	2.2100	-14	-34		
443	2.2150	-13	-34		
444	2.2200	-12	-34		
445	2.2250	-11	-34		
446	2.2300	-10	-35		
447	2.2350	-10	-35		
448	2.2400	-9	-35		
449	2.2450	-8	-35		
450	2.2500	-8	-36		
451	2.2550	-7	-36		
452	2.2600	-6	-36		
453	2.2650	-6	-36		
454	2.2700	-5	-36		
455	2.2750	-5	-36		
456	2.2800	-4	-36		
457	2.2850	-4	-36		
458	2.2900	-4	-37		
459	2.2950	-3	-37		
460	2.3000	-3	-37		
461	2.3050	-2	-37		
462	2.3100	-2	-37		
463	2.3150	-2	-37		
464	2.3200	-2	-38		
465	2.3250	-2	-38		
466	2.3300	-1	-38		
467	2.3350	-1	-38		
468	2.3400	-1	-38		
469	2.3450	-1	-38		
470	2.3500	-1	-38		
471	2.3550	-1	-38		
472	2.3600	-1	-38		
473	2.3650	-2	-38		
474	2.3700	-2	-38		
475	2.3750	-2	-38		
476	2.3800	-2	-38		
477	2.3850	-2	-38		
478	2.3900	-3	-38		
479	2.3950	-3	-38		
480	2.4000	-4	-38		
481	2.4050	-4	-38		
482	2.4100	-4	-37		
483	2.4150	-5	-37		
484	2.4200	-5	-37		
485	2.4250	-6	-37		
486	2.4300	-7	-37		
487	2.4350	-7	-37		
488	2.4400	-8	-37		
489	2.4450	-8	-36		
490	2.4500	-9	-36		
491	2.4550	-10	-36		
492	2.4600	-11	-36		
493	2.4650	-11	-36		
494	2.4700	-12	-36		
495	2.4750	-13	-36		
496	2.4800	-14	-36		
497	2.4850	-14	-35		
498	2.4900	-15	-35		
499	2.4950	-16	-35		
500	2.5000	-17	-35		
501	2.5050	-18	-34		
502	2.5100	-18	-34		
503	2.5150	-19	-34		
504	2.5200	-20	-34		
505	2.5250	-21	-34		
506	2.5300	-22	-34		
507	2.5350	-22	-34		
508	2.5400	-23	-33		
509	2.5450	-24	-33		
510	2.5500	-24	-33		
511	2.5550	-25	-32		
512	2.5600	-26	-32		
513	2.5650	-26	-32		
514	2.5700	-27	-32		
515	2.5750	-28	-32		
516	2.5800	-28	-32		
517	2.5850	-29	-32		
518	2.5900	-29	-32		
519	2.5950	-30	-31		
520	2.6000	-30	-31		
521	2.6050	-31	-31		
522	2.6100	-31	-31		
523	2.6150	-32	-30		
524	2.6200	-32	-30		
525	2.6250	-32	-30		
526	2.6300	-32	-30		
527	2.6350	-33	-30		
528	2.6400	-33	-30		
529	2.6450	-33	-30		
530	2.6500	-33	-30		
531	2.6550	-33	-30		
532	2.6600	-33	-30		
533	2.6650	-33	-30		
534	2.6700	-33	-30		
535	2.6750	-33	-30		
536	2.6800	-33	-30		
537	2.6850	-32	-30		
538	2.6900	-32	-30		
539	2.6950	-32	-30		
540	2.7000	-32	-30		
541	2.7050	-31	-30		
542	2.7100	-31	-30		
543	2.7150	-31	-30		
544	2.7200	-30	-30		
545	2.7250	-30	-30		
546	2.7300	-29	-30		
547	2.7350	-29	-30		
548	2.7400	-28	-30		
549	2.7450	-28	-30		
550	2.7500	-27	-30		
551	2.7550	-26	-30		
552	2.7600	-26	-30		
553	2.7650	-25	-30		
554	2.7700	-24	-30		
555	2.7750	-24	-31		
556	2.7800	-23	-31		
557	2.7850	-22	-31		
558	2.7900	-21	-31		
559	2.7950	-21	-31		
560	2.8000	-20	-32		
561	2.8050	-19	-32		
562	2.8100	-18	-32		
563	2.8150	-17	-32		
564	2.8200	-17	-32		
565	2.8250	-16	-32		
566	2.8300	-15	-32		
567	2.8350	-14	-32		
568	2.8400	-14	-33		
569	2.8450	-13	-33		
570	2.8500	-12	-33		
571	2.8550	-11	-33		
572	2.8600	-10	-34		
573	2.8650	-10	-34		
574	2.8700	-9	-34		
575	2.8750	-8	-34		
576	2.8800	-8	-34		
577	2.8850	-7	-34		
578	2.8900	-6	-34		
579	2.8950	-6	-34		
580	2.9000	-5	-34		
581	2.9050	-5	-35		
582	2.9100	-4	-35		
583	2.9150	-4	-35		
584	2.9200	-4	-35		
585	2.9250	-3	-35		
586	2.9300	-3	-36		
587	2.9350	-2	-36		
588	2.9400	-2	-36		
589	2.9450	-2	-36		
590	2.9500	-2	-36		
591	2.9550	-2	-36		
592	2.9600	-1	-36		
593	2.9650	-1	-36		
594	2.9700	-1	-36		
595	2.9750	-1	-36		
596	2.9800	-1	-36		
597	2.9850	-1	-36		
598	2.9900	-1	-36		
599	2.9950	-1	-36		
600	3.0000	-2	-36		
601	3.0050	-2	-36		
602	3.0100	-2	-36		
603	3.0150	-2	-36		
604	3.0200	-3	-36		
605	3.0250	-3	-36		
606	3.0300	-4	-36		
607	3.0350	-4	-36		
608	3.0400	-4	-36		
609	3.0450	-5	-36		
610	3.0500	-5	-36		
611	3.0550	-6	-36		
612	3.0600	-6	-36		
613	3.0650	-7	-36		
614	3.0700	-8	-36		
615	3.0750	-8	-36		
616	3.0800	-9	-36		
617	3.0850	-10	-35		
618	3.0900	-10	-35		
619	3.0950	-11	-35		
620	3.1000	-12	-35		
621	3.1050	-13	-35		
622	3.1100	-14	-35		
623	3.1150	-14	-34		
624	3.1200	-15	-34		
625	3.1250	-16	-34		
626	3.1300	-17	-34		
627	3.1350	-18	-34		
628	3.1400	-18	-34		
629	3.1450	-19	-34		
630	3.1500	-20	-34		
631	3.1550	-21	-34		
632	3.1600	-22	-33		
633	3.1650	-22	-33		
634	3.1700	-23	-33		
635	3.1750	-24	-33		
636	3.1800	-24	-33		
637	3.1850	-25	-32		
638	3.1900	-26	-32		
639	3.1950	-26	-32		
640	3.2000	-27	-32		
641	3.2050	-28	-32		
642	3.2100	-28	-32		
643	3.2150	-29	-32		
644	3.2200	-29	-32		
645	3.2250	-30	-32		
646	3.2300	-30	-32		
647	3.2350	-31	-32		
648	3.2400	-31	-31		
649	3.2450	-32	-31		
650	3.2500	-32	-31		
651	3.2550	-32	-31		
652	3.2600	-32	-31		
653	3.2650	-32	-31		
654	3.2700	-33	-31		
655	3.2750	-33	-31		
656	3.2800	-33	-31		
657	3.2850	-33	-31		
658	3.2900	-33	-31		
659	3.2950	-33	-31		
660	3.3000	-33	-31		
661	3.3050	-33	-31		
662	3.3100	-33	-31		
663	3.3150	-32	-31		
664	3.3200	-32	-31		
665	3.3250	-32	-31		
666	3.3300	-32	-31		
667	3.3350	-31	-31		
668	3.3400	-31	-31		
669	3.3450	-31	-31		
670	3.3500	-30	-31		
671	3.3550	-30	-31		
672	3.3600	-29	-31		
673	3.3650	-29	-31		
674	3.3700	-28	-31		
675	3.3750	-28	-32		
676	3.3800	-27	-32		
677	3.3850	-26	-32		
678	3.3900	-26	-32		
679	3.3950	-25	-32		
680	3.4000	-24	-32		
681	3.4050	-24	-32		
682	3.4100	-23	-32		
683	3.4150	-22	-32		
684	3.4200	-21	-32		
685	3.4250	-21	-33		
686	3.4300	-20	-33		
687	3.4350	-19	-33		
688	3.4400	-18	-33		
689	3.4450	-18	-33		
690	3.4500	-17	-34		
691	3.4550	-16	-34		
692	3.4600	-15	-34		
693	3.4650	-14	-34		
694	3.4700	-14	-34		
695	3.4750	-13	-34		
696	3.4800	-12	-34		
697	3.4850	-11	-34		
698	3.4900	-11	-35		
699	3.4950	-10	-35		
700	3.5000	-9	-35		
701	3.5050	-8	-35		
702	3.5100	-8	-35		
703	3.5150	-7	-36		
704	3.5200	-6	-36		
705	3.5250	-6	-36		
706	3.5300	-5	-36		
707	3.5350	-5	-36		
708	3.5400	-4	-36		
709	3.5450	-4	-36		
710	3.5500	-4	-36		
711	3.5550	-3	-36		
712	3.5600	-3	-36		
713	3.5650	-2	-36		
714	3.5700	-2	-36		
715	3.5750	-2	-36		
716	3.5800	-2	-36		
717	3.5850	-2	-36		
718	3.5900	-1	-37		
719	3.5950	-1	-37		
720	3.6000	-1	-37		
721	3.6050	-1	-37		
722	3.6100	-1	-37		
723	3.6150	-1	-37		
724	3.6200	-1	-37		
725	3.6250	-2	-37		
726	3.6300	-2	-36		
727	3.6350	-2	-36		
728	3.6400	-2	-36		
729	3.6450	-2	-36		
730	3.6500	-3	-36		
731	3.6550	-3	-36		
732	3.6600	-3	-36		
733	3.6650	-4	-36		
734	3.6700	-4	-36		
735	3.6750	-5	-36		
736	3.6800	-5	-36		
737	3.6850	-6	-36		
738	3.6900	-6	-36		
739	3.6950	-7	-36		
740	3.7000	-8	-36		
741	3.7050	-8	-35		
742	3.7100	-9	-35		
743	3.7150	-10	-35		
744	3.7200	-10	-35		
745	3.7250	-11	-34		
746	3.7300	-12	-34		
747	3.7350	-13	-34		
748	3.7400	-14	-34		
749	3.7450	-14	-34		
750	3.7500	-15	-34		
751	3.7550	-16	-34		
752	3.7600	-17	-34		
753	3.7650	-18	-33		
754	3.7700	-18	-33		
755	3.7750	-19	-33		
756	3.7800	-20	-33		
757	3.7850	-21	-32		
758	3.7900	-21	-32		
759	3.7950	-22	-32		
760	3.8000	-23	-32		
761	3.8050	-24	-32		
762	3.8100	-24	-32		
763	3.8150	-25	-32		
764	3.8200	-26	-31		
765	3.8250	-26	-31		
766	3.8300	-27	-31		
767	3.8350	-28	-31		
768	3.8400	-28	-31		
769	3.8450	-29	-30		
770	3.8500	-29	-30		
771	3.8550	-30	-30		
772	3.8600	-30	-30		
773	3.8650	-31	-30		
774	3.8700	-31	-30		
775	3.8750	-32	-30		
776	3.8800	-32	-30		
777	3.8850	-32	-30		
778	3.8900	-32	-30		
779	3.8950	-32	-30		
780	3.9000	-33	-30		
781	3.9050	-33	-30		
782	3.9100	-33	-30		
783	3.9150	-33	-30		
784	3.9200	-33	-29		
785	3.9250	-33	-29		
786	3.9300	-33	-29		
787	3.9350	-33	-29		
788	3.9400	-33	-29		
789	3.9450	-32	-30		
790	3.9500	-32	-30		
791	3.9550	-32	-30		
792	3.9600	-32	-30		
793	3.9650	-32	-30		
794	3.9700	-31	-30		
795	3.9750	-31	-30		
796	3.9800	-30	-30		
797	3.9850	-30	-30		
798	3.9900	-29	-30		
799	3.9950	-29	-30		
800	4.0000	-28	-30		
801	4.0050	-28	-30		
802	4.0100	-27	-30		
803	4.0150	-26	-31		
804	4.0200	-26	-31		
805	4.0250	-25	-31		
806	4.0300	-24	-31		
807	4.0350	-24	-31		
808	4.0400	-23	-32		
809	4.0450	-22	-32		
810	4.0500	-21	-32		
811	4.0550	-21	-32		
812	4.0600	-20	-32		
813	4.0650	-19	-32		
814	4.0700	-18	-32		
815	4.0750	-18	-33		
816	4.0800	-17	-33		
817	4.0850	-16	-33		
818	4.0900	-15	-33		
819	4.0950	-14	-34		
820	4.1000	-14	-34		
821	4.1050	-13	-34		
822	4.1100	-12	-34		
823	4.1150	-11	-34		
824	4.1200	-10	-34		
825	4.1250	-10	-35		
826	4.1300	-9	-35		
827	4.1350	-8	-35		
828	4.1400	-8	-35		
829	4.1450	-7	-36		
830	4.1500	-6	-36		
831	4.1550	-6	-36		
832	4.1600	-5	-36		
833	4.1650	-5	-36		
834	4.1700	-4	-36		
835	4.1750	-4	-36		
836	4.1800	-4	-36		
837	4.1850	-3	-36		
838	4.1900	-3	-37		
839	4.1950	-2	-37		
840	4.2000	-2	-37		
841	4.2050	-2	-37		
842	4.2100	-2	-37		
843	4.2150	-2	-37		
844	4.2200	-1	-37		
845	4.2250	-1	-38		
846	4.2300	-1	-38		
847	4.2350	-1	-38		
848	4.2400	-1	-38		
849	4.2450	-1	-38		
850	4.2500	-1	-38		
851	4.2550	-1	-38		
852	4.2600	-2	-38		
853	4.2650	-2	-38		
854	4.2700	-2	-38		
855	4.2750	-2	-38		
856	4.2800	-3	-38		
857	4.2850	-3	-38		
858	4.2900	-3	-38		
859	4.2950	-4	-37		
860	4.3000	-4	-37		
861	4.3050	-5	-37		
862	4.3100	-5	-37		
863	4.3150	-6	-37		
864	4.3200	-6	-37		
865	4.3250	-7	-37		
866	4.3300	-8	-36		
867	4.3350	-8	-36		
868	4.3400	-9	-36		
869	4.3450	-10	-36		
870	4.3500	-10	-36		
871	4.3550	-11	-36		
872	4.3600	-12	-36		
873	4.3650	-13	-36		
874	4.3700	-14	-36		
875	4.3750	-14	-35		
876	4.3800	-15	-35		
877	4.3850	-16	-35		
878	4.3900	-17	-35		
879	4.3950	-18	-34		
880	4.4000	-18	-34		
881	4.4050	-19	-34		
882	4.4100	-20	-34		
883	4.4150	-21	-34		
884	4.4200	-22	-34		
885	4.4250	-22	-34		
886	4.4300	-23	-33		
887	4.4350	-24	-33		
888	4.4400	-24	-33		
889	4.4450	-25	-33		
890	4.4500	-26	-32		
891	4.4550	-26	-32		
892	4.4600	-27	-32		
893	4.4650	-28	-32		
894	4.4700	-28	-32		
895	4.4750	-29	-32		
896	4.4800	-29	-32		
897	4.4850	-30	-32		
898	4.4900	-30	-31		
899	4.4950	-31	-31		
900	4.5000	-31	-31		
901	4.5050	-32	-31		
902	4.5100	-32	-31		
903	4.5150	-32	-30		
904	4.5200	-32	-30		
905	4.5250	-32	-30		
906	4.5300	-33	-30		
907	4.5350	-33	-30		
908	4.5400	-33	-30		
909	4.5450	-33	-30		
910	4.5500	-33	-30		
911	4.5550	-33	-30		
912	4.5600	-33	-30		
913	4.5650	-33	-30		
914	4.5700	-33	-30		
915	4.5750	-33	-30		
916	4.5800	-32	-30		
917	4.5850	-32	-30		
918	4.5900	-32	-30		
919	4.5950	-32	-30		
920	4.6000	-31	-30		
921	4.6050	-31	-30		
922	4.6100	-30	-30		
923	4.6150	-30	-30		
924	4.6200	-29	-30		
925	4.6250	-29	-30		
926	4.6300	-28	-30		
927	4.6350	-28	-30		
928	4.6400	-27	-30		
929	4.6450	-26	-30		
930	4.6500	-26	-31		
931	4.6550	-25	-31		
932	4.6600	-24	-31		
933	4.6650	-24	-31		
934	4.6700	-23	-31		
935	4.6750	-22	-31		
936	4.6800	-22	-32		
937	4.6850	-21	-32		
938	4.6900	-20	-32		
939	4.6950	-19	-32		
940	4.7000	-18	-32		
941	4.7050	-18	-32		
942	4.7100	-17	-32		
943	4.7150	-16	-32		
944	4.7200	-15	-33		
945	4.7250	-14	-33		
946	4.7300	-14	-33		
947	4.7350	-13	-33		
948	4.7400	-12	-33		
949	4.7450	-11	-34		
950	4.7500	-11	-34		
951	4.7550	-10	-34		
952	4.7600	-9	-34		
953	4.7650	-8	-34		
954	4.7700	-8	-34		
955	4.7750	-7	-34		
956	4.7800	-7	-34		
957	4.7850	-6	-35		
958	4.7900	-5	-35		
959	4.7950	-5	-35		
960	4.8000	-4	-35		
961	4.8050	-4	-35		
962	4.8100	-4	-35		
963	4.8150	-3	-36		
964	4.8200	-3	-36		
965	4.8250	-2	-36		
966	4.8300	-2	-36		
967	4.8350	-2	-36		
968	4.8400	-2	-36		
969	4.8450	-2	-36		
970	4.8500	-1	-36		
971	4.8550	-1	-36		
972	4.8600	-1	-36		
973	4.8650	-1	-36		
974	4.8700	-1	-36		
975	4.8750	-1	-36		
976	4.8800	-1	-36		
977	4.8850	-1	-36		
978	4.8900	-2	-36		
979	4.8950	-2	-36		
980	4.9000	-2	-36		
981	4.9050	-2	-36		
982	4.9100	-3	-36		
983	4.9150	-3	-36		
984	4.9200	-3	-36		
985	4.9250	-4	-36		
986	4.9300	-4	-36		
987	4.9350	-5	-36		
988	4.9400	-5	-36		
989	4.9450	-6	-36		
990	4.9500	-6	-36		
991	4.9550	-7	-36		
992	4.9600	-8	-36		
993	4.9650	-8	-36		
994	4.9700	-9	-35		
995	4.9750	-10	-35		
996	4.9800	-10	-35		
997	4.9850	-11	-35		
998	4.9900	-12	-35		
999	4.9950	-13	-35		
1000	5.0000	-14	-34		
1001	5.0050	-14	-34		
1002	5.0100	-15	-34		
1003	5.0150	-16	-34		
1004	5.0200	-17	-34		
1005	5.0250	-18	-34		
1006	5.0300	-18	-34		
1007	5.0350	-19	-34		
1008	5.0400	-20	-34		
1009	5.0450	-21	-33		
1010	5.0500	-21	-33		
1011	5.0550	-22	-33		
1012	5.0600	-23	-33		
1013	5.0650	-24	-32		
1014	5.0700	-24	-32		
1015	5.0750	-25	-32		
1016	5.0800	-26	-32		
1017	5.0850	-26	-32		
1018	5.0900	-27	-32		
1019	5.0950	-28	-32		
1020	5.1000	-28	-32		
1021	5.1050	-29	-32		
1022	5.1100	-29	-32		
1023	5.1150	-30	-31		
1024	5.1200	-30	-31		
1025	5.1250	-31	-31		
1026	5.1300	-31	-31		
1027	5.1350	-32	-31		
1028	5.1400	-32	-31		
1029	5.1450	-32	-31		
1030	5.1500	-32	-30		
1031	5.1550	-33	-30		
1032	5.1600	-33	-30		
1033	5.1650	-33	-30		
1034	5.1700	-33	-30		
1035	5.1750	-33	-30		
1036	5.1800	-33	-30		
1037	5.1850	-33	-30		
1038	5.1900	-33	-30		
1039	5.1950	-33	-30		
1040	5.2000	-33	-30		
1041	5.2050	-33	-30		
1042	5.2100	-32	-30		
1043	5.2150	-32	-30		
1044	5.2200	-32	-30		
1045	5.2250	-32	-30		
1046	5.2300	-31	-30		
1047	5.2350	-31	-30		
1048	5.2400	-30	-31		
1049	5.2450	-30	-31		
1050	5.2500	-29	-31		
1051	5.2550	-29	-31		
1052	5.2600	-28	-31		
1053	5.2650	-28	-31		
1054	5.2700	-27	-31		
1055	5.2750	-26	-32		
1056	5.2800	-26	-32		
1057	5.2850	-25	-32		
1058	5.2900	-24	-32		
1059	5.2950	-24	-32		
1060	5.3000	-23	-32		
1061	5.3050	-22	-32		
1062	5.3100	-21	-32		
1063	5.3150	-21	-32		
1064	5.3200	-20	-33		
1065	5.3250	-19	-33		
1066	5.3300	-18	-33		
1067	5.3350	-18	-33		
1068	5.3400	-17	-34		
1069	5.3450	-16	-34		
1070	5.3500	-15	-34		
1071	5.3550	-14	-34		
1072	5.3600	-14	-34		
1073	5.3650	-13	-34		
1074	5.3700	-12	-34		
1075	5.3750	-11	-34		
1076	5.3800	-11	-35		
1077	5.3850	-10	-35		
1078	5.3900	-9	-35		
1079	5.3950	-8	-35		
1080	5.4000	-8	-35		
1081	5.4050	-7	-36		
1082	5.4100	-7	-36		
1083	5.4150	-6	-36		
1084	5.4200	-6	-36		
1085	5.4250	-5	-36		
1086	5.4300	-4	-36		
1087	5.4350	-4	-36		
1088	5.4400	-4	-36		
1089	5.4450	-3	-36		
1090	5.4500	-3	-36		
1091	5.4550	-2	-36		
1092	5.4600	-2	-37		
1093	5.4650	-2	-37		
1094	5.4700	-2	-37		
1095	5.4750	-2	-37		
1096	5.4800	-1	-37		
1097	5.4850	-1	-37		
1098	5.4900	-1	-37		
1099	5.4950	-1	-37		
1100	5.5000	-1	-37		
1101	5.5050	-1	-37		
1102	5.5100	-1	-37		
1103	5.5150	-1	-37		
1104	5.5200	-2	-37		
1105	5.5250	-2	-37		
1106	5.5300	-2	-37		
1107	5.5350	-2	-37		
1108	5.5400	-3	-37		
1109	5.5450	-3	-37		
1110	5.5500	-3	-36		
1111	5.5550	-4	-36		
1112	5.5600	-4	-36		
1113	5.5650	-5	-36		
1114	5.5700	-5	-36		
1115	5.5750	-6	-36		
1116	5.5800	-6	-36		
1117	5.5850	-7	-36		
1118	5.5900	-8	-36		
1119	5.5950	-8	-36		
1120	5.6000	-9	-36		
1121	5.6050	-10	-35		
1122	5.6100	-10	-35		
1123	5.6150	-11	-35		
1124	5.6200	-12	-35		
1125	5.6250	-13	-34		
1126	5.6300	-14	-34		
1127	5.6350	-14	-34		
1128	5.6400	-15	-34		
1129	5.6450	-16	-34		
1130	5.6500	-17	-34		
1131	5.6550	-17	-34		
1132	5.6600	-18	-34		
1133	5.6650	-19	-33		
1134	5.6700	-20	-33		
1135	5.6750	-21	-33		
1136	5.6800	-21	-32		
1137	5.6850	-22	-32		
1138	5.6900	-23	-32		
1139	5.6950	-24	-32		
1140	5.7000	-24	-32		
1141	5.7050	-25	-32		
1142	5.7100	-26	-32		
1143	5.7150	-26	-32		
1144	5.7200	-27	-31		
1145	5.7250	-28	-31		
1146	5.7300	-28	-31		
1147	5.7350	-29	-31		
1148	5.7400	-29	-30		
1149	5.7450	-30	-30		
1150	5.7500	-30	-30		
1151	5.7550	-31	-30		
1152	5.7600	-31	-30		
1153	5.7650	-31	-30		
1154	5.7700	-32	-30		
1155	5.7750	-32	-30		
1156	5.7800	-32	-30		
1157	5.7850	-32	-30		
1158	5.7900	-33	-30		
1159	5.7950	-33	-30		
1160	5.8000	-33	-30		
1161	5.8050	-33	-30		
1162	5.8100	-33	-30		
1163	5.8150	-33	-30		
1164	5.8200	-33	-30		
1165	5.8250	-33	-30		
1166	5.8300	-33	-30		
1167	5.8350	-32	-30		
1168	5.8400	-32	-30		
1169	5.8450	-32	-30		
1170	5.8500	-32	-30		
1171	5.8550	-32	-30		
1172	5.8600	-31	-30		
1173	5.8650	-31	-30		
1174	5.8700	-30	-30		
1175	5.8750	-30	-30		
1176	5.8800	-29	-30		
1177	5.8850	-29	-30		
1178	5.8900	-28	-30		
1179	5.8950	-28	-30		
1180	5.9000	-27	-30		
1181	5.9050	-26	-30		
1182	5.9100	-26	-31		
1183	5.9150	-25	-31		
1184	5.9200	-24	-31		
1185	5.9250	-24	-31		
1186	5.9300	-23	-31		
1187	5.9350	-22	-32		
1188	5.9400	-22	-32		
1189	5.9450	-21	-32		
1190	5.9500	-20	-32		
1191	5.9550	-19	-32		
1192	5.9600	-18	-32		
1193	5.9650	-18	-32		
1194	5.9700	-17	-33		
1195	5.9750	-16	-33		
1196	5.9800	-15	-33		
1197	5.9850	-14	-33		
1198	5.9900	-14	-34		
1199	5.9950	-13	-34		
1200	6.0000	-12	-34		
1201	6.0050	-11	-34		
1202	6.0100	-11	-34		
1203	6.0150	-10	-34		
1204	6.0200	-9	-34		
1205	6.0250	-8	-35		
1206	6.0300	-8	-35		
1207	6.0350	-7	-35		
1208	6.0400	-7	-35		
1209	6.0450	-6	-36		
1210	6.0500	-6	-36		
1211	6.0550	-5	-36		
1212	6.0600	-4	-36		
1213	6.0650	-4	-36		
1214	6.0700	-4	-36		
1215	6.0750	-3	-36		
1216	6.0800	-3	-36		
1217	6.0850	-2	-36		
1218	6.0900	-2	-36		
1219	6.0950	-2	-37		
1220	6.1000	-2	-37		
1221	6.1050	-2	-37		
1222	6.1100	-1	-37		
1223	6.1150	-1	-37		
1224	6.1200	-1	-37		
1225	6.1250	-1	-37		
1226	6.1300	-1	-37		
1227	6.1350	-1	-37		
1228	6.1400	-1	-37		
1229	6.1450	-1	-37		
1230	6.1500	-2	-37		
1231	6.1550	-2	-37		
1232	6.1600	-2	-37		
1233	6.1650	-2	-37		
1234	6.1700	-3	-37		
1235	6.1750	-3	-37		
1236	6.1800	-3	-37		
1237	6.1850	-4	-37		
1238	6.1900	-4	-37		
1239	6.1950	-5	-37		
1240	6.2000	-5	-37		
1241	6.2050	-6	-37		
1242	6.2100	-6	-37		
1243	6.2150	-7	-36		
1244	6.2200	-8	-36		
1245	6.2250	-8	-36		
1246	6.2300	-9	-36		
1247	6.2350	-10	-36		
1248	6.2400	-10	-36		
1249	6.2450	-11	-36		
1250	6.2500	-12	-36		
1251	6.2550	-13	-36		
1252	6.2600	-14	-36		
1253	6.2650	-14	-35		
1254	6.2700	-15	-35		
1255	6.2750	-16	-35		
1256	6.2800	-17	-35		
1257	6.2850	-17	-34		
1258	6.2900	-18	-34		
1259	6.2950	-19	-34		
1260	6.3000	-20	-34		
1261	6.3050	-21	-34		
1262	6.3100	-21	-34		
1263	6.3150	-22	-34		
1264	6.3200	-23	-33		
1265	6.3250	-24	-33		
1266	6.3300	-24	-33		
1267	6.3350	-25	-33		
1268	6.3400	-26	-32		
1269	6.3450	-26	-32		
1270	6.3500	-27	-32		
1271	6.3550	-28	-32		
1272	6.3600	-28	-32		
1273	6.3650	-29	-32		
1274	6.3700	-29	-32		
1275	6.3750	-30	-32		
1276	6.3800	-30	-31		
1277	6.3850	-31	-31		
1278	6.3900	-31	-31		
1279	6.3950	-31	-31		
1280	6.4000	-32	-31		
1281	6.4050	-32	-31		
1282	6.4100	-32	-30		
1283	6.4150	-32	-30		
1284	6.4200	-33	-30		
1285	6.4250	-33	-30		
1286	6.4300	-33	-30		
1287	6.4350	-33	-30		
1288	6.4400	-33	-30		
1289	6.4450	-33	-30		
1290	6.4500	-33	-30		
1291	6.4550	-33	-30		
1292	6.4600	-33	-30		
1293	6.4650	-33	-30		
1294	6.4700	-32	-30		
1295	6.4750	-32	-30		
1296	6.4800	-32	-30		
1297	6.4850	-32	-30		
1298	6.4900	-31	-30		
1299	6.4950	-31	-30		
1300	6.5000	-30	-30		
1301	6.5050	-30	-30		
1302	6.5100	-29	-30		
1303	6.5150	-29	-30		
1304	6.5200	-28	-30		
1305	6.5250	-28	-30		
1306	6.5300	-27	-31		
1307	6.5350	-26	-31		
1308	6.5400	-26	-31		
1309	6.5450	-25	-31		
1310	6.5500	-24	-31		
1311	6.5550	-24	-31		
1312	6.5600	-23	-31		
1313	6.5650	-22	-32		
1314	6.5700	-22	-32		
1315	6.5750	-21	-32		
1316	6.5800	-20	-32		
1317	6.5850	-19	-32		
1318	6.5900	-18	-32		
1319	6.5950	-18	-32		
1320	6.6000	-17	-32		
1321	6.6050	-16	-33		
1322	6.6100	-15	-33		
1323	6.6150	-14	-33		
1324	6.6200	-14	-33		
1325	6.6250	-13	-33		
1326	6.6300	-12	-34		
1327	6.6350	-11	-34		
1328	6.6400	-11	-34		
1329	6.6450	-10	-34		
1330	6.6500	-9	-34		
1331	6.6550	-8	-34		
1332	6.6600	-8	-34		
1333	6.6650	-7	-34		
1334	6.6700	-7	-35		
1335	6.6750	-6	-35		
1336	6.6800	-6	-35		
1337	6.6850	-5	-35		
1338	6.6900	-4	-35		
1339	6.6950	-4	-35		
1340	6.7000	-4	-36		
1341	6.7050	-3	-36		
1342	6.7100	-3	-36		
1343	6.7150	-2	-36		
1344	6.7200	-2	-36		
1345	6.7250	-2	-36		
1346	6.7300	-2	-36		
1347	6.7350	-2	-36		
1348	6.7400	-1	-36		
1349	6.7450	-1	-36		
1350	6.7500	-1	-36		
1351	6.7550	-1	-36		
1352	6.7600	-1	-36		
1353	6.7650	-1	-36		
1354	6.7700	-1	-36		
1355	6.7750	-1	-36		
1356	6.7800	-2	-36		
1357	6.7850	-2	-36		
1358	6.7900	-2	-36		
1359	6.7950	-2	-36		
1360	6.8000	-3	-36		
1361	6.8050	-3	-36		
1362	6.8100	-3	-36		
1363	6.8150	-4	-36		
1364	6.8200	-4	-36		
1365	6.8250	-5	-36		
1366	6.8300	-5	-36		
1367	6.8350	-6	-36		
1368	6.8400	-6	-36		
1369	6.8450	-7	-36		
1370	6.8500	-8	-36		
1371	6.8550	-8	-36		
1372	6.8600	-9	-35		
1373	6.8650	-10	-35		
1374	6.8700	-10	-35		
1375	6.8750	-11	-35		
1376	6.8800	-12	-35		
1377	6.8850	-13	-34		
1378	6.8900	-13	-34		
1379	6.8950	-14	-34		
1380	6.9000	-15	-34		
1381	6.9050	-16	-34		
1382	6.9100	-17	-34		
1383	6.9150	-17	-34		
1384	6.9200	-18	-34		
1385	6.9250	-19	-33		
1386	6.9300	-20	-33		
1387	6.9350	-21	-33		
1388	6.9400	-21	-33		
1389	6.9450	-22	-33		
1390	6.9500	-23	-32		
1391	6.9550	-24	-32		
1392	6.9600	-24	-32		
1393	6.9650	-25	-32		
1394	6.9700	-26	-32		
1395	6.9750	-26	-32		
1396	6.9800	-27	-32		
1397	6.9850	-28	-32		
1398	6.9900	-28	-32		
1399	6.9950	-29	-31		
1400	7.0000	-29	-31		
1401	7.0050	-30	-31		
1402	7.0100	-30	-31		
1403	7.0150	-31	-31		
1404	7.0200	-31	-31		
1405	7.0250	-31	-30		
1406	7.0300	-32	-30		
1407	7.0350	-32	-30		
1408	7.0400	-32	-30		
1409	7.0450	-32	-30		
1410	7.0500	-33	-30		
1411	7.0550	-33	-30		
1412	7.0600	-33	-30		
1413	7.0650	-33	-30		
1414	7.0700	-33	-30		
1415	7.0750	-33	-30		
1416	7.0800	-33	-30		
1417	7.0850	-33	-30		
1418	7.0900	-33	-30		
1419	7.0950	-33	-30		
1420	7.1000	-32	-30		
1421	7.1050	-32	-30		
1422	7.1100	-32	-30		
1423	7.1150	-32	-30		
1424	7.1200	-31	-30		
1425	7.1250	-31	-30		
1426	7.1300	-30	-30		
1427	7.1350	-30	-31		
1428	7.1400	-29	-31		
1429	7.1450	-29	-31		
1430	7.1500	-28	-31		
1431	7.1550	-28	-31		
1432	7.1600	-27	-31		
1433	7.1650	-26	-31		
1434	7.1700	-26	-32		
1435	7.1750	-25	-32		
1436	7.1800	-24	-32		
1437	7.1850	-24	-32		
1438	7.1900	-23	-32		
1439	7.1950	-22	-32		
1440	7.2000	-22	-32		
1441	7.2050	-21	-32		
1442	7.2100	-20	-32		
1443	7.2150	-19	-33		
1444	7.2200	-18	-33		
1445	7.2250	-18	-33		
1446	7.2300	-17	-33		
1447	7.2350	-16	-34		
1448	7.2400	-15	-34		
1449	7.2450	-14	-34		
1450	7.2500	-14	-34		
1451	7.2550	-13	-34		
1452	7.2600	-12	-34		
1453	7.2650	-11	-34		
1454	7.2700	-11	-35		
1455	7.2750	-10	-35		
1456	7.2800	-9	-35		
1457	7.2850	-9	-35		
1458	7.2900	-8	-36		
1459	7.2950	-7	-36		
1460	7.3000	-7	-36		
1461	7.3050	-6	-36		
1462	7.3100	-6	-36		
1463	7.3150	-5	-36		
1464	7.3200	-4	-36		
1465	7.3250	-4	-36		
1466	7.3300	-4	-36		
1467	7.3350	-3	-36		
1468	7.3400	-3	-36		
1469	7.3450	-2	-37		
1470	7.3500	-2	-37		
1471	7.3550	-2	-37		
1472	7.3600	-2	-37		
1473	7.3650	-2	-37		
1474	7.3700	-1	-37		
1475	7.3750	-1	-37		
1476	7.3800	-1	-37		
1477	7.3850	-1	-37		
1478	7.3900	-1	-37		
1479	7.3950	-1	-37		
1480	7.4000	-1	-37		
1481	7.4050	-1	-37		
1482	7.4100	-2	-37		
1483	7.4150	-2	-37		
1484	7.4200	-2	-37		
1485	7.4250	-2	-37		
1486	7.4300	-3	-37		
1487	7.4350	-3	-37		
1488	7.4400	-3	-37		
1489	7.4450	-4	-37		
1490	7.4500	-4	-37		
1491	7.4550	-5	-36		
1492	7.4600	-5	-36		
1493	7.4650	-6	-36		
1494	7.4700	-6	-36		
1495	7.4750	-7	-36		
1496	7.4800	-8	-36		
1497	7.4850	-8	-36		
1498	7.4900	-9	-36		
1499	7.4950	-10	-36		
1500	7.5000	-10	-36		
1501	7.5050	-11	-35		
1502	7.5100	-12	-35		
1503	7.5150	-13	-35		
1504	7.5200	-13	-35		
1505	7.5250	-14	-34		
1506	7.5300	-15	-34		
1507	7.5350	-16	-34		
1508	7.5400	-17	-34		
1509	7.5450	-17	-34		
1510	7.5500	-18	-34		
1511	7.5550	-19	-34		
1512	7.5600	-20	-33		
1513	7.5650	-21	-33		
1514	7.5700	-21	-33		
1515	7.5750	-22	-33		
1516	7.5800	-23	-32		
1517	7.5850	-24	-32		
1518	7.5900	-24	-32		
1519	7.5950	-25	-32		
1520	7.6000	-26	-32		
1521	7.6050	-26	-32		
1522	7.6100	-27	-32		
1523	7.6150	-28	-31		
1524	7.6200	-28	-31		
1525	7.6250	-29	-31		
1526	7.6300	-29	-31		
1527	7.6350	-30	-31		
1528	7.6400	-30	-30		
1529	7.6450	-31	-30		
1530	7.6500	-31	-30		
1531	7.6550	-31	-30		
1532	7.6600	-32	-30		
1533	7.6650	-32	-30		
1534	7.6700	-32	-30		
1535	7.6750	-32	-30		
1536	7.6800	-33	-30		
1537	7.6850	-33	-30		
1538	7.6900	-33	-30		
1539	7.6950	-33	-30		
1540	7.7000	-33	-30		
1541	7.7050	-33	-30		
1542	7.7100	-33	-30		
1543	7.7150	-33	-30		
1544	7.7200	-33	-30		
1545	7.7250	-33	-30		
1546	7.7300	-32	-30		
1547	7.7350	-32	-30		
1548	7.7400	-32	-30		
1549	7.7450	-32	-30		
1550	7.7500	-31	-30		
1551	7.7550	-31	-30		
1552	7.7600	-30	-30		
1553	7.7650	-30	-30		
1554	7.7700	-29	-30		
1555	7.7750	-29	-30		
1556	7.7800	-28	-30		
1557	7.7850	-28	-30		
1558	7.7900	-27	-30		
1559	7.7950	-26	-30		
1560	7.8000	-26	-30		
1561	7.8050	-25	-31		
1562	7.8100	-24	-31		
1563	7.8150	-24	-31		
1564	7.8200	-23	-31		
1565	7.8250	-22	-31		
1566	7.8300	-22	-32		
1567	7.8350	-21	-32		
1568	7.8400	-20	-32		
1569	7.8450	-19	-32		
1570	7.8500	-18	-32		
1571	7.8550	-18	-32		
1572	7.8600	-17	-32		
1573	7.8650	-16	-32		
1574	7.8700	-15	-33		
1575	7.8750	-14	-33		
1576	7.8800	-14	-33		
1577	7.8850	-13	-34		
1578	7.8900	-12	-34		
1579	7.8950	-11	-34		
1580	7.9000	-11	-34		
1581	7.9050	-10	-34		
1582	7.9100	-9	-34		
1583	7.9150	-8	-34		
1584	7.9200	-8	-35		
1585	7.9250	-7	-35		
1586	7.9300	-7	-35		
1587	7.9350	-6	-35		
1588	7.9400	-6	-35		
1589	7.9450	-5	-36		
1590	7.9500	-4	-36		
1591	7.9550	-4	-36		
1592	7.9600	-4	-36		
1593	7.9650	-3	-36		
1594	7.9700	-3	-36		
1595	7.9750	-2	-36		
1596	7.9800	-2	-36		
1597	7.9850	-2	-36		
1598	7.9900	-2	-36		
1599	7.9950	-2	-36		
1600	8.0000	-1	-37		
1601	8.0050	-1	-37		
1602	8.0100	-1	-37		
1603	8.0150	-1	-37		
1604	8.0200	-1	-37		
1605	8.0250	-1	-37		
1606	8.0300	-1	-37		
1607	8.0350	-1	-37		
1608	8.0400	-2	-37		
1609	8.0450	-2	-37		
1610	8.0500	-2	-37		
1611	8.0550	-2	-37		
1612	8.0600	-3	-37		
1613	8.0650	-3	-37		
1614	8.0700	-3	-37		
1615	8.0750	-4	-37		
1616	8.0800	-4	-37		
1617	8.0850	-5	-36		
1618	8.0900	-5	-36		
1619	8.0950	-6	-36		
1620	8.1000	-6	-36		
1621	8.1050	-7	-36		
1622	8.1100	-8	-36		
1623	8.1150	-8	-36		
1624	8.1200	-9	-36		
1625	8.1250	-10	-36		
1626	8.1300	-10	-36		
1627	8.1350	-11	-36		
1628	8.1400	-12	-36		
1629	8.1450	-13	-35		
1630	8.1500	-13	-35		
1631	8.1550	-14	-35		
1632	8.1600	-15	-35		
1633	8.1650	-16	-34		
1634	8.1700	-17	-34		
1635	8.1750	-17	-34		
1636	8.1800	-18	-34		
1637	8.1850	-19	-34		
1638	8.1900	-20	-34		
1639	8.1950	-20	-34		
1640	8.2000	-21	-34		
1641	8.2050	-22	-33		
1642	8.2100	-23	-33		
1643	8.2150	-24	-33		
1644	8.2200	-24	-33		
1645	8.2250	-25	-32		
1646	8.2300	-26	-32		
1647	8.2350	-26	-32		
1648	8.2400	-27	-32		
1649	8.2450	-28	-32		
1650	8.2500	-28	-32		
1651	8.2550	-29	-32		
1652	8.2600	-29	-32		
1653	8.2650	-30	-32		
1654	8.2700	-30	-31		
1655	8.2750	-31	-31		
1656	8.2800	-31	-31		
1657	8.2850	-31	-31		
1658	8.2900	-32	-31		
1659	8.2950	-32	-31		
1660	8.3000	-32	-30		
1661	8.3050	-32	-30		
1662	8.3100	-33	-30		
1663	8.3150	-33	-30		
1664	8.3200	-33	-30		
1665	8.3250	-33	-30		
1666	8.3300	-33	-30		
1667	8.3350	-33	-30		
1668	8.3400	-33	-30		
1669	8.3450	-33	-30		
1670	8.3500	-33	-30		
1671	8.3550	-33	-30		
1672	8.3600	-32	-30		
1673	8.3650	-32	-30		
1674	8.3700	-32	-30		
1675	8.3750	-32	-30		
1676	8.3800	-31	-30		
1677	8.3850	-31	-30		
1678	8.3900	-30	-30		
1679	8.3950	-30	-30		
1680	8.4000	-29	-30		
1681	8.4050	-29	-30		
1682	8.4100	-28	-31		
1683	8.4150	-28	-31		
1684	8.4200	-27	-31		
1685	8.4250	-26	-31		
1686	8.4300	-26	-31		
1687	8.4350	-25	-31		
1688	8.4400	-24	-31		
1689	8.4450	-24	-32		
1690	8.4500	-23	-32		
1691	8.4550	-22	-32		
1692	8.4600	-22	-32		
1693	8.4650	-21	-32		
1694	8.4700	-20	-32		
1695	8.4750	-19	-32		
1696	8.4800	-18	-32		
1697	8.4850	-18	-32		
1698	8.4900	-17	-33		
1699	8.4950	-16	-33		
1700	8.5000	-15	-33		
1701	8.5050	-14	-33		
1702	8.5100	-14	-34		
1703	8.5150	-13	-34		
1704	8.5200	-12	-34		
1705	8.5250	-11	-34		
1706	8.5300	-11	-34		
1707	8.5350	-10	-34		
1708	8.5400	-9	-34		
1709	8.5450	-9	-34		
1710	8.5500	-8	-34		
1711	8.5550	-7	-35		
1712	8.5600	-7	-35		
1713	8.5650	-6	-35		
1714	8.5700	-6	-35		
1715	8.5750	-5	-35		
1716	8.5800	-4	-36		
1717	8.5850	-4	-36		
1718	8.5900	-4	-36		
1719	8.5950	-3	-36		
1720	8.6000	-3	-36		
1721	8.6050	-2	-36		
1722	8.6100	-2	-36		
1723	8.6150	-2	-36		
1724	8.6200	-2	-36		
1725	8.6250	-2	-36		
1726	8.6300	-1	-36		
1727	8.6350	-1	-36		
1728	8.6400	-1	-36		
1729	8.6450	-1	-36		
1730	8.6500	-1	-36		
1731	8.6550	-1	-36		
1732	8.6600	-1	-36		
1733	8.6650	-1	-36		
1734	8.6700	-2	-36		
1735	8.6750	-2	-36		
1736	8.6800	-2	-36		
1737	8.6850	-2	-36		
1738	8.6900	-3	-36		
1739	8.6950	-3	-36		
1740	8.7000	-3	-36		
1741	8.7050	-4	-36		
1742	8.7100	-4	-36		
1743	8.7150	-5	-36		
1744	8.7200	-5	-36		
1745	8.7250	-6	-36		
1746	8.7300	-6	-36		
1747	8.7350	-7	-36		
1748	8.7400	-8	-36		
1749	8.7450	-8	-36		
1750	8.7500	-9	-35		
1751	8.7550	-10	-35		
1752	8.7600	-10	-35		
1753	8.7650	-11	-35		
1754	8.7700	-12	-35		
1755	8.7750	-13	-34		
1756	8.7800	-13	-34		
1757	8.7850	-14	-34		
1758	8.7900	-15	-34		
1759	8.7950	-16	-34		
1760	8.8000	-16	-34		
1761	8.8050	-17	-34		
1762	8.8100	-18	-34		
1763	8.8150	-19	-33		
1764	8.8200	-20	-33		
1765	8.8250	-20	-33		
1766	8.8300	-21	-33		
1767	8.8350	-22	-32		
1768	8.8400	-23	-32		
1769	8.8450	-24	-32		
1770	8.8500	-24	-32		
1771	8.8550	-25	-32		
1772	8.8600	-26	-32		
1773	8.8650	-26	-32		
1774	8.8700	-27	-32		
1775	8.8750	-28	-32		
1776	8.8800	-28	-31		
1777	8.8850	-29	-31		
1778	8.8900	-29	-31		
1779	8.8950	-30	-31		
1780	8.9000	-30	-31		
1781	8.9050	-31	-31		
1782	8.9100	-31	-30		
1783	8.9150	-31	-30		
1784	8.9200	-32	-30		
1785	8.9250	-32	-30		
1786	8.9300	-32	-30		
1787	8.9350	-32	-30		
1788	8.9400	-33	-30		
1789	8.9450	-33	-30		
1790	8.9500	-33	-30		
1791	8.9550	-33	-30		
1792	8.9600	-33	-30		
1793	8.9650	-33	-30		
1794	8.9700	-33	-30		
1795	8.9750	-33	-30		
1796	8.9800	-33	-30		
1797	8.9850	-33	-30		
1798	8.9900	-32	-30		
1799	8.9950	-32	-30		
1800	9.0000	-32	-30		
1801	9.0050	-32	-30		
1802	9.0100	-31	-30		
1803	9.0150	-31	-30		
1804	9.0200	-30	-30		
1805	9.0250	-30	-30		
1806	9.0300	-29	-30		
1807	9.0350	-29	-30		
1808	9.0400	-28	-31		
1809	9.0450	-28	-31		
1810	9.0500	-27	-31		
1811	9.0550	-27	-31		
1812	9.0600	-26	-31		
1813	9.0650	-25	-32		
1814	9.0700	-24	-32		
1815	9.0750	-24	-32		
1816	9.0800	-23	-32		
1817	9.0850	-22	-32		
1818	9.0900	-22	-32		
1819	9.0950	-21	-32		
1820	9.1000	-20	-32		
1821	9.1050	-19	-33		
1822	9.1100	-18	-33		
1823	9.1150	-18	-33		
1824	9.1200	-17	-33		
1825	9.1250	-16	-33		
1826	9.1300	-15	-34		
1827	9.1350	-14	-34		
1828	9.1400	-14	-34		
1829	9.1450	-13	-34		
1830	9.1500	-12	-34		
1831	9.1550	-11	-34		
1832	9.1600	-11	-34		
1833	9.1650	-10	-35		
1834	9.1700	-9	-35		
1835	9.1750	-9	-35		
1836	9.1800	-8	-35		
1837	9.1850	-7	-36		
1838	9.1900	-7	-36		
1839	9.1950	-6	-36		
1840	9.2000	-6	-36		
1841	9.2050	-5	-36		
1842	9.2100	-4	-36		
1843	9.2150	-4	-36		
1844	9.2200	-4	-36		
1845	9.2250	-3	-36		
1846	9.2300	-3	-36		
1847	9.2350	-2	-36		
1848	9.2400	-2	-37		
1849	9.2450	-2	-37		
1850	9.2500	-2	-37		
1851	9.2550	-2	-37		
1852	9.2600	-1	-37		
1853	9.2650	-1	-37		
1854	9.2700	-1	-37		
1855	9.2750	-1	-37		
1856	9.2800	-1	-37		
1857	9.2850	-1	-37		
1858	9.2900	-1	-37		
1859	9.2950	-1	-37		
1860	9.3000	-2	-37		
1861	9.3050	-2	-37		
1862	9.3100	-2	-37		
1863	9.3150	-2	-37		
1864	9.3200	-3	-37		
1865	9.3250	-3	-37		
1866	9.3300	-3	-37		
1867	9.3350	-4	-37		
1868	9.3400	-4	-37		
1869	9.3450	-5	-37		
1870	9.3500	-5	-36		
1871	9.3550	-6	-36		
1872	9.3600	-6	-36		
1873	9.3650	-7	-36		
1874	9.3700	-8	-36		
1875	9.3750	-8	-36		
1876	9.3800	-9	-36		
1877	9.3850	-10	-36		
1878	9.3900	-10	-36		
1879	9.3950	-11	-35		
1880	9.4000	-12	-35		
1881	9.4050	-13	-35		
1882	9.4100	-13	-35		
1883	9.4150	-14	-34		
1884	9.4200	-15	-34		
1885	9.4250	-16	-34		
1886	9.4300	-17	-34		
1887	9.4350	-17	-34		
1888	9.4400	-18	-34		
1889	9.4450	-19	-34		
1890	9.4500	-20	-33		
1891	9.4550	-20	-33		
1892	9.4600	-21	-33		
1893	9.4650	-22	-33		
1894	9.4700	-23	-32		
1895	9.4750	-24	-32		
1896	9.4800	-24	-32		
1897	9.4850	-25	-32		
1898	9.4900	-26	-32		
1899	9.4950	-26	-32		
1900	9.5000	-27	-32		
1901	9.5050	-28	-32		
1902	9.5100	-28	-31		
1903	9.5150	-29	-31		
1904	9.5200	-29	-31		
1905	9.5250	-30	-31		
1906	9.5300	-30	-31		
1907	9.5350	-31	-30		
1908	9.5400	-31	-30		
1909	9.5450	-31	-30		
1910	9.5500	-32	-30		
1911	9.5550	-32	-30		
1912	9.5600	-32	-30		
1913	9.5650	-32	-30		
1914	9.5700	-33	-30		
1915	9.5750	-33	-30		
1916	9.5800	-33	-30		
1917	9.5850	-33	-30		
1918	9.5900	-33	-30		
1919	9.5950	-33	-30		
1920	9.6000	-33	-30		
1921	9.6050	-33	-30		
1922	9.6100	-33	-30		
1923	9.6150	-33	-30		
1924	9.6200	-32	-30		
1925	9.6250	-32	-30		
1926	9.6300	-32	-30		
1927	9.6350	-32	-30		
1928	9.6400	-31	-30		
1929	9.6450	-31	-30		
1930	9.6500	-30	-30		
1931	9.6550	-30	-30		
1932	9.6600	-29	-30		
1933	9.6650	-29	-30		
1934	9.6700	-28	-30		
1935	9.6750	-28	-30		
1936	9.6800	-27	-30		
1937	9.6850	-27	-30		
1938	9.6900	-26	-30		
1939	9.6950	-25	-31		
1940	9.7000	-25	-31		
1941	9.7050	-24	-31		
1942	9.7100	-23	-31		
1943	9.7150	-22	-31		
1944	9.7200	-22	-32		
1945	9.7250	-21	-32		
1946	9.7300	-20	-32		
1947	9.7350	-19	-32		
1948	9.7400	-18	-32		
1949	9.7450	-18	-32		
1950	9.7500	-17	-32		
1951	9.7550	-16	-33		
1952	9.7600	-15	-33		
1953	9.7650	-14	-33		
1954	9.7700	-14	-33		
1955	9.7750	-13	-34		
1956	9.7800	-12	-34		
1957	9.7850	-12	-34		
1958	9.7900	-11	-34		
1959	9.7950	-10	-34		
1960	9.8000	-9	-34		
1961	9.8050	-9	-34		
1962	9.8100	-8	-34		
1963	9.8150	-7	-35		
1964	9.8200	-7	-35		
1965	9.8250	-6	-35		
1966	9.8300	-6	-35		
1967	9.8350	-5	-36		
1968	9.8400	-4	-36		
1969	9.8450	-4	-36		
1970	9.8500	-4	-36		
1971	9.8550	-3	-36		
1972	9.8600	-3	-36		
1973	9.8650	-2	-36		
1974	9.8700	-2	-36		
1975	9.8750	-2	-36		
1976	9.8800	-2	-36		
1977	9.8850	-2	-36		
1978	9.8900	-1	-36		
1979	9.8950	-1	-37		
1980	9.9000	-1	-37		
1981	9.9050	-1	-37		
1982	9.9100	-1	-37		
1983	9.9150	-1	-37		
1984	9.9200	-1	-37		
1985	9.9250	-1	-37		
1986	9.9300	-2	-37		
1987	9.9350	-2	-37		
1988	9.9400	-2	-37		
1989	9.9450	-2	-37		
1990	9.9500	-3	-37		
1991	9.9550	-3	-37		
1992	9.9600	-3	-37		
1993	9.9650	-4	-37		
1994	9.9700	-4	-37		
1995	9.9750	-5	-36		
1996	9.9800	-5	-36		
1997	9.9850	-6	-36		
1998	9.9900	-6	-36		
1999	9.9950	-7	-36		
2000	10.0000	-8	-36		
