#	time(s)	count A	count B	count C	count D
1	0.0050	-29	-30		
2	0.0100	-29	-30		
3	0.0150	-30	-29		
4	0.0200	-30	-29		
5	0.0250	-31	-29		
6	0.0300	-31	-29		
7	0.0350	-31	-29		
8	0.0400	-32	-28		
9	0.0450	-32	-28		
10	0.0500	-32	-28		
11	0.0550	-32	-28		
12	0.0600	-32	-28		
13	0.0650	-33	-28		
14	0.0700	-33	-28		
15	0.0750	-33	-28		
16	0.0800	-33	-28		
17	0.0850	-33	-28		
18	0.0900	-33	-28		
19	0.0950	-33	-28		
20	0.1000	-33	-28		
21	0.1050	-33	-28		
22	0.1100	-33	-28		
23	0.1150	-33	-28		
24	0.1200	-32	-28		
25	0.1250	-32	-28		
26	0.1300	-32	-28		
27	0.1350	-32	-28		
28	0.1400	-32	-28		
29	0.1450	-31	-28		
30	0.1500	-31	-28		
31	0.1550	-30	-28		
32	0.1600	-30	-28		
33	0.1650	-30	-28		
34	0.1700	-29	-28		
35	0.1750	-29	-28		
36	0.1800	-28	-28		
37	0.1850	-28	-29		
38	0.1900	-28	-29		
39	0.1950	-27	-29		
40	0.2000	-26	-29		
41	0.2050	-26	-30		
42	0.2100	-25	-30		
43	0.2150	-24	-30		
44	0.2200	-24	-30		
45	0.2250	-23	-30		
46	0.2300	-23	-30		
47	0.2350	-22	-31		
48	0.2400	-21	-31		
49	0.2450	-21	-31		
50	0.2500	-20	-31		
51	0.2550	-19	-32		
52	0.2600	-19	-32		
53	0.2650	-18	-32		
54	0.2700	-17	-32		
55	0.2750	-16	-32		
56	0.2800	-16	-33		
57	0.2850	-15	-33		
58	0.2900	-14	-33		
59	0.2950	-14	-34		
60	0.3000	-13	-34		
61	0.3050	-12	-34		
62	0.3100	-12	-34		
63	0.3150	-11	-34		
64	0.3200	-10	-35		
65	0.3250	-10	-35		
66	0.3300	-9	-35		
67	0.3350	-9	-36		
68	0.3400	-8	-36		
69	0.3450	-8	-36		
70	0.3500	-7	-36		
71	0.3550	-6	-36		
72	0.3600	-6	-36		
73	0.3650	-6	-37		
74	0.3700	-5	-37		
75	0.3750	-5	-37		
76	0.3800	-4	-38		
77	0.3850	-4	-38		
78	0.3900	-4	-38		
79	0.3950	-3	-38		
80	0.4000	-3	-38		
81	0.4050	-2	-38		
82	0.4100	-2	-38		
83	0.4150	-2	-38		
84	0.4200	-2	-38		
85	0.4250	-2	-38		
86	0.4300	-2	-39		
87	0.4350	-1	-39		
88	0.4400	-1	-39		
89	0.4450	-1	-39		
90	0.4500	-1	-39		
91	0.4550	-1	-39		
92	0.4600	-1	-39		
93	0.4650	-1	-39		
94	0.4700	-1	-39		
95	0.4750	-2	-39		
96	0.4800	-2	-39		
97	0.4850	-2	-39		
98	0.4900	-2	-39		
99	0.4950	-2	-39		
100	0.5000	-2	-39		
101	0.5050	-3	-39		
102	0.5100	-3	-39		
103	0.5150	-4	-38		
104	0.5200	-4	-38		
105	0.5250	-4	-38		
106	0.5300	-5	-38		
107	0.5350	-5	-38		
108	0.5400	-6	-38		
109	0.5450	-6	-38		
110	0.5500	-7	-38		
111	0.5550	-7	-38		
112	0.5600	-8	-38		
113	0.5650	-8	-37		
114	0.5700	-9	-37		
115	0.5750	-9	-37		
116	0.5800	-10	-36		
117	0.5850	-11	-36		
118	0.5900	-11	-36		
119	0.5950	-12	-36		
120	0.6000	-13	-36		
121	0.6050	-13	-36		
122	0.6100	-14	-35		
123	0.6150	-15	-35		
124	0.6200	-15	-35		
125	0.6250	-16	-34		
126	0.6300	-17	-34		
127	0.6350	-18	-34		
128	0.6400	-18	-34		
129	0.6450	-19	-34		
130	0.6500	-20	-34		
131	0.6550	-20	-33		
132	0.6600	-21	-33		
133	0.6650	-22	-32		
134	0.6700	-22	-32		
135	0.6750	-23	-32		
136	0.6800	-24	-32		
137	0.6850	-24	-32		
138	0.6900	-25	-32		
139	0.6950	-25	-31		
140	0.7000	-26	-31		
141	0.7050	-27	-31		
142	0.7100	-27	-30		
143	0.7150	-28	-30		
144	0.7200	-28	-30		
145	0.7250	-29	-30		
146	0.7300	-29	-30		
147	0.7350	-30	-30		
148	0.7400	-30	-30		
149	0.7450	-30	-29		
150	0.7500	-31	-29		
151	0.7550	-31	-29		
152	0.7600	-31	-29		
153	0.7650	-32	-29		
154	0.7700	-32	-28		
155	0.7750	-32	-28		
156	0.7800	-32	-28		
157	0.7850	-32	-28		
158	0.7900	-33	-28		
159	0.7950	-33	-28		
160	0.8000	-33	-28		
161	0.8050	-33	-28		
162	0.8100	-33	-28		
163	0.8150	-33	-28		
164	0.8200	-33	-28		
165	0.8250	-33	-28		
166	0.8300	-33	-28		
167	0.8350	-33	-28		
168	0.8400	-33	-28		
169	0.8450	-32	-28		
170	0.8500	-32	-28		
171	0.8550	-32	-28		
172	0.8600	-32	-28		
173	0.8650	-32	-28		
174	0.8700	-31	-28		
175	0.8750	-31	-28		
176	0.8800	-30	-28		
177	0.8850	-30	-28		
178	0.8900	-30	-29		
179	0.8950	-29	-29		
180	0.9000	-29	-29		
181	0.9050	-28	-29		
182	0.9100	-28	-29		
183	0.9150	-27	-30		
184	0.9200	-27	-30		
185	0.9250	-26	-30		
186	0.9300	-26	-30		
187	0.9350	-25	-30		
188	0.9400	-24	-30		
189	0.9450	-24	-30		
190	0.9500	-23	-31		
191	0.9550	-22	-31		
192	0.9600	-22	-31		
193	0.9650	-21	-32		
194	0.9700	-20	-32		
195	0.9750	-20	-32		
196	0.9800	-19	-32		
197	0.9850	-18	-32		
198	0.9900	-18	-32		
199	0.9950	-17	-33		
200	1.0000	-16	-33		
201	1.0050	-16	-33		
202	1.0100	-15	-34		
203	1.0150	-14	-34		
204	1.0200	-14	-34		
205	1.0250	-13	-34		
206	1.0300	-12	-34		
207	1.0350	-12	-35		
208	1.0400	-11	-35		
209	1.0450	-10	-35		
210	1.0500	-10	-36		
211	1.0550	-9	-36		
212	1.0600	-9	-36		
213	1.0650	-8	-36		
214	1.0700	-8	-36		
215	1.0750	-7	-36		
216	1.0800	-6	-37		
217	1.0850	-6	-37		
218	1.0900	-5	-37		
219	1.0950	-5	-37		
220	1.1000	-4	-38		
221	1.1050	-4	-38		
222	1.1100	-4	-38		
223	1.1150	-3	-38		
224	1.1200	-3	-38		
225	1.1250	-3	-38		
226	1.1300	-2	-38		
227	1.1350	-2	-38		
228	1.1400	-2	-38		
229	1.1450	-2	-39		
230	1.1500	-2	-39		
231	1.1550	-2	-39		
232	1.1600	-1	-39		
233	1.1650	-1	-39		
234	1.1700	-1	-39		
235	1.1750	-1	-39		
236	1.1800	-1	-39		
237	1.1850	-1	-39		
238	1.1900	-1	-39		
239	1.1950	-1	-39		
240	1.2000	-2	-39		
241	1.2050	-2	-39		
242	1.2100	-2	-39		
243	1.2150	-2	-39		
244	1.2200	-2	-39		
245	1.2250	-3	-39		
246	1.2300	-3	-39		
247	1.2350	-3	-38		
248	1.2400	-4	-38		
249	1.2450	-4	-38		
250	1.2500	-4	-38		
251	1.2550	-5	-38		
252	1.2600	-5	-38		
253	1.2650	-6	-38		
254	1.2700	-6	-38		
255	1.2750	-7	-38		
256	1.2800	-7	-37		
257	1.2850	-8	-37		
258	1.2900	-8	-37		
259	1.2950	-9	-37		
260	1.3000	-10	-36		
261	1.3050	-10	-36		
262	1.3100	-11	-36		
263	1.3150	-12	-36		
264	1.3200	-12	-36		
265	1.3250	-13	-36		
266	1.3300	-13	-35		
267	1.3350	-14	-35		
268	1.3400	-15	-35		
269	1.3450	-16	-34		
270	1.3500	-16	-34		
271	1.3550	-17	-34		
272	1.3600	-18	-34		
273	1.3650	-18	-34		
274	1.3700	-19	-33		
275	1.3750	-20	-33		
276	1.3800	-20	-33		
277	1.3850	-21	-32		
278	1.3900	-22	-32		
279	1.3950	-22	-32		
280	1.4000	-23	-32		
281	1.4050	-24	-32		
282	1.4100	-24	-31		
283	1.4150	-25	-31		
284	1.4200	-26	-31		
285	1.4250	-26	-30		
286	1.4300	-27	-30		
287	1.4350	-27	-30		
288	1.4400	-28	-30		
289	1.4450	-28	-30		
290	1.4500	-29	-30		
291	1.4550	-29	-30		
292	1.4600	-30	-29		
293	1.4650	-30	-29		
294	1.4700	-30	-29		
295	1.4750	-31	-29		
296	1.4800	-31	-28		
297	1.4850	-31	-28		
298	1.4900	-32	-28		
299	1.4950	-32	-28		
300	1.5000	-32	-28		
301	1.5050	-32	-28		
302	1.5100	-32	-28		
303	1.5150	-33	-28		
304	1.5200	-33	-28		
305	1.5250	-33	-28		
306	1.5300	-33	-28		
307	1.5350	-33	-28		
308	1.5400	-33	-28		
309	1.5450	-33	-28		
310	1.5500	-33	-28		
311	1.5550	-33	-28		
312	1.5600	-33	-28		
313	1.5650	-33	-28		
314	1.5700	-32	-28		
315	1.5750	-32	-28		
316	1.5800	-32	-28		
317	1.5850	-32	-28		
318	1.5900	-31	-28		
319	1.5950	-31	-28		
320	1.6000	-31	-28		
321	1.6050	-30	-28		
322	1.6100	-30	-28		
323	1.6150	-30	-28		
324	1.6200	-29	-28		
325	1.6250	-29	-29		
326	1.6300	-28	-29		
327	1.6350	-28	-29		
328	1.6400	-27	-29		
329	1.6450	-27	-30		
330	1.6500	-26	-30		
331	1.6550	-26	-30		
332	1.6600	-25	-30		
333	1.6650	-24	-30		
334	1.6700	-24	-30		
335	1.6750	-23	-31		
336	1.6800	-22	-31		
337	1.6850	-22	-31		
338	1.6900	-21	-32		
339	1.6950	-20	-32		
340	1.7000	-20	-32		
341	1.7050	-19	-32		
342	1.7100	-18	-32		
343	1.7150	-18	-33		
344	1.7200	-17	-33		
345	1.7250	-16	-33		
346	1.7300	-16	-34		
347	1.7350	-15	-34		
348	1.7400	-14	-34		
349	1.7450	-14	-34		
350	1.7500	-13	-34		
351	1.7550	-12	-35		
352	1.7600	-12	-35		
353	1.7650	-11	-35		
354	1.7700	-10	-36		
355	1.7750	-10	-36		
356	1.7800	-9	-36		
357	1.7850	-8	-36		
358	1.7900	-8	-36		
359	1.7950	-7	-36		
360	1.8000	-7	-37		
361	1.8050	-6	-37		
362	1.8100	-6	-37		
363	1.8150	-5	-38		
364	1.8200	-5	-38		
365	1.8250	-4	-38		
366	1.8300	-4	-38		
367	1.8350	-4	-38		
368	1.8400	-3	-38		
369	1.8450	-3	-38		
370	1.8500	-3	-38		
371	1.8550	-2	-39		
372	1.8600	-2	-39		
373	1.8650	-2	-39		
374	1.8700	-2	-39		
375	1.8750	-2	-39		
376	1.8800	-2	-39		
377	1.8850	-1	-39		
378	1.8900	-1	-39		
379	1.8950	-1	-40		
380	1.9000	-1	-40		
381	1.9050	-1	-40		
382	1.9100	-1	-40		
383	1.9150	-1	-40		
384	1.9200	-1	-40		
385	1.9250	-2	-40		
386	1.9300	-2	-40		
387	1.9350	-2	-40		
388	1.9400	-2	-39		
389	1.9450	-2	-39		
390	1.9500	-3	-39		
391	1.9550	-3	-39		
392	1.9600	-3	-39		
393	1.9650	-4	-39		
394	1.9700	-4	-39		
395	1.9750	-4	-39		
396	1.9800	-5	-38		
397	1.9850	-5	-38		
398	1.9900	-6	-38		
399	1.9950	-6	-38		
400	2.0000	-7	-38		
401	2.0050	-7	-38		
402	2.0100	-8	-38		
403	2.0150	-8	-37		
404	2.0200	-9	-37		
405	2.0250	-10	-37		
406	2.0300	-10	-37		
407	2.0350	-11	-36		
408	2.0400	-12	-36		
409	2.0450	-12	-36		
410	2.0500	-13	-36		
411	2.0550	-14	-36		
412	2.0600	-14	-35		
413	2.0650	-15	-35		
414	2.0700	-16	-35		
415	2.0750	-16	-34		
416	2.0800	-17	-34		
417	2.0850	-18	-34		
418	2.0900	-18	-34		
419	2.0950	-19	-34		
420	2.1000	-20	-33		
421	2.1050	-20	-33		
422	2.1100	-21	-32		
423	2.1150	-22	-32		
424	2.1200	-22	-32		
425	2.1250	-23	-32		
426	2.1300	-24	-32		
427	2.1350	-24	-32		
428	2.1400	-25	-31		
429	2.1450	-26	-31		
430	2.1500	-26	-31		
431	2.1550	-27	-30		
432	2.1600	-27	-30		
433	2.1650	-28	-30		
434	2.1700	-28	-30		
435	2.1750	-29	-30		
436	2.1800	-29	-30		
437	2.1850	-30	-29		
438	2.1900	-30	-29		
439	2.1950	-30	-29		
440	2.2000	-31	-29		
441	2.2050	-31	-28		
442	2.2100	-32	-28		
443	2.2150	-32	-28		
444	2.2200	-32	-28		
445	2.2250	-32	-28		
446	2.2300	-32	-28		
447	2.2350	-33	-28		
448	2.2400	-33	-28		
449	2.2450	-33	-28		
450	2.2500	-33	-28		
451	2.2550	-33	-28		
452	2.2600	-33	-28		
453	2.2650	-33	-28		
454	2.2700	-33	-28		
455	2.2750	-33	-28		
456	2.2800	-33	-28		
457	2.2850	-33	-28		
458	2.2900	-32	-28		
459	2.2950	-32	-28		
460	2.3000	-32	-28		
461	2.3050	-32	-28		
462	2.3100	-32	-28		
463	2.3150	-31	-28		
464	2.3200	-31	-28		
465	2.3250	-31	-28		
466	2.3300	-30	-28		
467	2.3350	-30	-28		
468	2.3400	-30	-28		
469	2.3450	-29	-28		
470	2.3500	-29	-28		
471	2.3550	-28	-28		
472	2.3600	-28	-29		
473	2.3650	-27	-29		
474	2.3700	-26	-29		
475	2.3750	-26	-29		
476	2.3800	-25	-30		
477	2.3850	-25	-30		
478	2.3900	-24	-30		
479	2.3950	-24	-30		
480	2.4000	-23	-30		
481	2.4050	-22	-30		
482	2.4100	-22	-31		
483	2.4150	-21	-31		
484	2.4200	-20	-31		
485	2.4250	-20	-32		
486	2.4300	-19	-32		
487	2.4350	-18	-32		
488	2.4400	-17	-32		
489	2.4450	-17	-32		
490	2.4500	-16	-33		
491	2.4550	-15	-33		
492	2.4600	-15	-33		
493	2.4650	-14	-34		
494	2.4700	-13	-34		
495	2.4750	-13	-34		
496	2.4800	-12	-34		
497	2.4850	-11	-34		
498	2.4900	-11	-35		
499	2.4950	-10	-35		
500	2.5000	-10	-36		
501	2.5050	-9	-36		
502	2.5100	-8	-36		
503	2.5150	-8	-36		
504	2.5200	-7	-36		
505	2.5250	-7	-36		
506	2.5300	-6	-37		
507	2.5350	-6	-37		
508	2.5400	-5	-37		
509	2.5450	-5	-37		
510	2.5500	-4	-38		
511	2.5550	-4	-38		
512	2.5600	-4	-38		
513	2.5650	-3	-38		
514	2.5700	-3	-38		
515	2.5750	-3	-38		
516	2.5800	-2	-38		
517	2.5850	-2	-38		
518	2.5900	-2	-39		
519	2.5950	-2	-39		
520	2.6000	-2	-39		
521	2.6050	-1	-39		
522	2.6100	-1	-39		
523	2.6150	-1	-39		
524	2.6200	-1	-39		
525	2.6250	-1	-39		
526	2.6300	-1	-39		
527	2.6350	-1	-39		
528	2.6400	-1	-39		
529	2.6450	-1	-39		
530	2.6500	-2	-39		
531	2.6550	-2	-39		
532	2.6600	-2	-39		
533	2.6650	-2	-39		
534	2.6700	-2	-39		
535	2.6750	-3	-39		
536	2.6800	-3	-39		
537	2.6850	-3	-39		
538	2.6900	-4	-39		
539	2.6950	-4	-39		
540	2.7000	-4	-38		
541	2.7050	-5	-38		
542	2.7100	-5	-38		
543	2.7150	-6	-38		
544	2.7200	-6	-38		
545	2.7250	-7	-38		
546	2.7300	-8	-38		
547	2.7350	-8	-38		
548	2.7400	-9	-37		
549	2.7450	-9	-37		
550	2.7500	-10	-37		
551	2.7550	-10	-37		
552	2.7600	-11	-36		
553	2.7650	-12	-36		
554	2.7700	-12	-36		
555	2.7750	-13	-36		
556	2.7800	-14	-36		
557	2.7850	-14	-35		
558	2.7900	-15	-35		
559	2.7950	-16	-35		
560	2.8000	-16	-34		
561	2.8050	-17	-34		
562	2.8100	-18	-34		
563	2.8150	-19	-34		
564	2.8200	-19	-34		
565	2.8250	-20	-33		
566	2.8300	-21	-33		
567	2.8350	-21	-33		
568	2.8400	-22	-32		
569	2.8450	-23	-32		
570	2.8500	-23	-32		
571	2.8550	-24	-32		
572	2.8600	-25	-32		
573	2.8650	-25	-31		
574	2.8700	-26	-31		
575	2.8750	-26	-31		
576	2.8800	-27	-30		
577	2.8850	-27	-30		
578	2.8900	-28	-30		
579	2.8950	-28	-30		
580	2.9000	-29	-30		
581	2.9050	-29	-30		
582	2.9100	-30	-30		
583	2.9150	-30	-29		
584	2.9200	-30	-29		
585	2.9250	-31	-29		
586	2.9300	-31	-29		
587	2.9350	-32	-28		
588	2.9400	-32	-28		
589	2.9450	-32	-28		
590	2.9500	-32	-28		
591	2.9550	-32	-28		
592	2.9600	-33	-28		
593	2.9650	-33	-28		
594	2.9700	-33	-28		
595	2.9750	-33	-28		
596	2.9800	-33	-28		
597	2.9850	-33	-28		
598	2.9900	-33	-28		
599	2.9950	-33	-28		
600	3.0000	-33	-28		
601	3.0050	-33	-28		
602	3.0100	-33	-28		
603	3.0150	-32	-28		
604	3.0200	-32	-28		
605	3.0250	-32	-28		
606	3.0300	-32	-28		
607	3.0350	-32	-28		
608	3.0400	-31	-28		
609	3.0450	-31	-28		
610	3.0500	-31	-28		
611	3.0550	-30	-28		
612	3.0600	-30	-28		
613	3.0650	-29	-28		
614	3.0700	-29	-28		
615	3.0750	-28	-29		
616	3.0800	-28	-29		
617	3.0850	-28	-29		
618	3.0900	-27	-29		
619	3.0950	-26	-29		
620	3.1000	-26	-30		
621	3.1050	-25	-30		
622	3.1100	-24	-30		
623	3.1150	-24	-30		
624	3.1200	-23	-30		
625	3.1250	-23	-30		
626	3.1300	-22	-31		
627	3.1350	-21	-31		
628	3.1400	-21	-31		
629	3.1450	-20	-32		
630	3.1500	-19	-32		
631	3.1550	-19	-32		
632	3.1600	-18	-32		
633	3.1650	-17	-32		
634	3.1700	-17	-32		
635	3.1750	-16	-33		
636	3.1800	-15	-33		
637	3.1850	-15	-33		
638	3.1900	-14	-34		
639	3.1950	-13	-34		
640	3.2000	-13	-34		
641	3.2050	-12	-34		
642	3.2100	-11	-34		
643	3.2150	-11	-35		
644	3.2200	-10	-35		
645	3.2250	-10	-35		
646	3.2300	-9	-36		
647	3.2350	-8	-36		
648	3.2400	-8	-36		
649	3.2450	-7	-36		
650	3.2500	-7	-36		
651	3.2550	-6	-36		
652	3.2600	-6	-37		
653	3.2650	-5	-37		
654	3.2700	-5	-37		
655	3.2750	-4	-38		
656	3.2800	-4	-38		
657	3.2850	-4	-38		
658	3.2900	-3	-38		
659	3.2950	-3	-38		
660	3.3000	-2	-38		
661	3.3050	-2	-38		
662	3.3100	-2	-38		
663	3.3150	-2	-38		
664	3.3200	-2	-38		
665	3.3250	-2	-39		
666	3.3300	-1	-39		
667	3.3350	-1	-39		
668	3.3400	-1	-39		
669	3.3450	-1	-39		
670	3.3500	-1	-39		
671	3.3550	-1	-39		
672	3.3600	-1	-39		
673	3.3650	-1	-39		
674	3.3700	-2	-39		
675	3.3750	-2	-39		
676	3.3800	-2	-39		
677	3.3850	-2	-39		
678	3.3900	-2	-39		
679	3.3950	-2	-39		
680	3.4000	-3	-39		
681	3.4050	-3	-39		
682	3.4100	-3	-38		
683	3.4150	-4	-38		
684	3.4200	-4	-38		
685	3.4250	-5	-38		
686	3.4300	-5	-38		
687	3.4350	-6	-38		
688	3.4400	-6	-38		
689	3.4450	-6	-38		
690	3.4500	-7	-38		
691	3.4550	-8	-38		
692	3.4600	-8	-37		
693	3.4650	-9	-37		
694	3.4700	-9	-37		
695	3.4750	-10	-37		
696	3.4800	-10	-36		
697	3.4850	-11	-36		
698	3.4900	-12	-36		
699	3.4950	-12	-36		
700	3.5000	-13	-36		
701	3.5050	-14	-35		
702	3.5100	-14	-35		
703	3.5150	-15	-35		
704	3.5200	-16	-34		
705	3.5250	-17	-34		
706	3.5300	-17	-34		
707	3.5350	-18	-34		
708	3.5400	-19	-34		
709	3.5450	-19	-34		
710	3.5500	-20	-33		
711	3.5550	-21	-33		
712	3.5600	-21	-33		
713	3.5650	-22	-32		
714	3.5700	-23	-32		
715	3.5750	-23	-32		
716	3.5800	-24	-32		
717	3.5850	-25	-32		
718	3.5900	-25	-31		
719	3.5950	-26	-31		
720	3.6000	-26	-31		
721	3.6050	-27	-30		
722	3.6100	-28	-30		
723	3.6150	-28	-30		
724	3.6200	-28	-30		
725	3.6250	-29	-30		
726	3.6300	-29	-30		
727	3.6350	-30	-30		
728	3.6400	-30	-29		
729	3.6450	-30	-29		
730	3.6500	-31	-29		
731	3.6550	-31	-29		
732	3.6600	-32	-29		
733	3.6650	-32	-28		
734	3.6700	-32	-28		
735	3.6750	-32	-28		
736	3.6800	-32	-28		
737	3.6850	-33	-28		
738	3.6900	-33	-28		
739	3.6950	-33	-28		
740	3.7000	-33	-28		
741	3.7050	-33	-28		
742	3.7100	-33	-28		
743	3.7150	-33	-28		
744	3.7200	-33	-28		
745	3.7250	-33	-28		
746	3.7300	-33	-28		
747	3.7350	-33	-28		
748	3.7400	-32	-28		
749	3.7450	-32	-28		
750	3.7500	-32	-28		
751	3.7550	-32	-28		
752	3.7600	-32	-28		
753	3.7650	-31	-28		
754	3.7700	-31	-28		
755	3.7750	-30	-28		
756	3.7800	-30	-28		
757	3.7850	-30	-28		
758	3.7900	-29	-29		
759	3.7950	-29	-29		
760	3.8000	-28	-29		
761	3.8050	-28	-29		
762	3.8100	-27	-29		
763	3.8150	-27	-30		
764	3.8200	-26	-30		
765	3.8250	-26	-30		
766	3.8300	-25	-30		
767	3.8350	-24	-30		
768	3.8400	-24	-30		
769	3.8450	-23	-31		
770	3.8500	-23	-31		
771	3.8550	-22	-31		
772	3.8600	-21	-31		
773	3.8650	-21	-32		
774	3.8700	-20	-32		
775	3.8750	-19	-32		
776	3.8800	-19	-32		
777	3.8850	-18	-32		
778	3.8900	-17	-33		
779	3.8950	-16	-33		
780	3.9000	-16	-33		
781	3.9050	-15	-34		
782	3.9100	-14	-34		
783	3.9150	-14	-34		
784	3.9200	-13	-34		
785	3.9250	-12	-34		
786	3.9300	-12	-35		
787	3.9350	-11	-35		
788	3.9400	-10	-35		
789	3.9450	-10	-36		
790	3.9500	-9	-36		
791	3.9550	-9	-36		
792	3.9600	-8	-36		
793	3.9650	-8	-36		
794	3.9700	-7	-36		
795	3.9750	-6	-37		
796	3.9800	-6	-37		
797	3.9850	-6	-37		
798	3.9900	-5	-37		
799	3.9950	-5	-38		
800	4.0000	-4	-38		
801	4.0050	-4	-38		
802	4.0100	-4	-38		
803	4.0150	-3	-38		
804	4.0200	-3	-38		
805	4.0250	-2	-38		
806	4.0300	-2	-38		
807	4.0350	-2	-38		
808	4.0400	-2	-39		
809	4.0450	-2	-39		
810	4.0500	-2	-39		
811	4.0550	-1	-39		
812	4.0600	-1	-39		
813	4.0650	-1	-39		
814	4.0700	-1	-39		
815	4.0750	-1	-39		
816	4.0800	-1	-39		
817	4.0850	-1	-39		
818	4.0900	-1	-39		
819	4.0950	-2	-39		
820	4.1000	-2	-39		
821	4.1050	-2	-39		
822	4.1100	-2	-39		
823	4.1150	-2	-39		
824	4.1200	-3	-39		
825	4.1250	-3	-39		
826	4.1300	-3	-39		
827	4.1350	-4	-38		
828	4.1400	-4	-38		
829	4.1450	-4	-38		
830	4.1500	-5	-38		
831	4.1550	-5	-38		
832	4.1600	-6	-38		
833	4.1650	-6	-38		
834	4.1700	-7	-38		
835	4.1750	-7	-38		
836	4.1800	-8	-37		
837	4.1850	-8	-37		
838	4.1900	-9	-37		
839	4.1950	-10	-37		
840	4.2000	-10	-36		
841	4.2050	-11	-36		
842	4.2100	-11	-36		
843	4.2150	-12	-36		
844	4.2200	-13	-36		
845	4.2250	-13	-35		
846	4.2300	-14	-35		
847	4.2350	-15	-35		
848	4.2400	-15	-34		
849	4.2450	-16	-34		
850	4.2500	-17	-34		
851	4.2550	-18	-34		
852	4.2600	-18	-34		
853	4.2650	-19	-33		
854	4.2700	-20	-33		
855	4.2750	-20	-33		
856	4.2800	-21	-32		
857	4.2850	-22	-32		
858	4.2900	-22	-32		
859	4.2950	-23	-32		
860	4.3000	-24	-32		
861	4.3050	-24	-32		
862	4.3100	-25	-31		
863	4.3150	-25	-31		
864	4.3200	-26	-31		
865	4.3250	-26	-30		
866	4.3300	-27	-30		
867	4.3350	-28	-30		
868	4.3400	-28	-30		
869	4.3450	-29	-30		
870	4.3500	-29	-30		
871	4.3550	-30	-29		
872	4.3600	-30	-29		
873	4.3650	-30	-29		
874	4.3700	-31	-29		
875	4.3750	-31	-28		
876	4.3800	-31	-28		
877	4.3850	-32	-28		
878	4.3900	-32	-28		
879	4.3950	-32	-28		
880	4.4000	-32	-28		
881	4.4050	-32	-28		
882	4.4100	-33	-28		
883	4.4150	-33	-28		
884	4.4200	-33	-28		
885	4.4250	-33	-28		
886	4.4300	-33	-28		
887	4.4350	-33	-28		
888	4.4400	-33	-28		
889	4.4450	-33	-28		
890	4.4500	-33	-28		
891	4.4550	-33	-28		
892	4.4600	-33	-28		
893	4.4650	-32	-28		
894	4.4700	-32	-28		
895	4.4750	-32	-28		
896	4.4800	-32	-28		
897	4.4850	-32	-28		
898	4.4900	-31	-28		
899	4.4950	-31	-28		
900	4.5000	-30	-28		
901	4.5050	-30	-28		
902	4.5100	-30	-28		
903	4.5150	-29	-28		
904	4.5200	-29	-29		
905	4.5250	-28	-29		
906	4.5300	-28	-29		
907	4.5350	-27	-29		
908	4.5400	-27	-29		
909	4.5450	-26	-30		
910	4.5500	-26	-30		
911	4.5550	-25	-30		
912	4.5600	-24	-30		
913	4.5650	-24	-30		
914	4.5700	-23	-30		
915	4.5750	-22	-31		
916	4.5800	-22	-31		
917	4.5850	-21	-31		
918	4.5900	-20	-32		
919	4.5950	-20	-32		
920	4.6000	-19	-32		
921	4.6050	-18	-32		
922	4.6100	-18	-32		
923	4.6150	-17	-33		
924	4.6200	-16	-33		
925	4.6250	-16	-33		
926	4.6300	-15	-34		
927	4.6350	-14	-34		
928	4.6400	-14	-34		
929	4.6450	-13	-34		
930	4.6500	-12	-34		
931	4.6550	-12	-35		
932	4.6600	-11	-35		
933	4.6650	-10	-35		
934	4.6700	-10	-36		
935	4.6750	-9	-36		
936	4.6800	-8	-36		
937	4.6850	-8	-36		
938	4.6900	-8	-36		
939	4.6950	-7	-37		
940	4.7000	-6	-37		
941	4.7050	-6	-37		
942	4.7100	-5	-37		
943	4.7150	-5	-38		
944	4.7200	-4	-38		
945	4.7250	-4	-38		
946	4.7300	-4	-38		
947	4.7350	-3	-38		
948	4.7400	-3	-38		
949	4.7450	-3	-38		
950	4.7500	-2	-39		
951	4.7550	-2	-39		
952	4.7600	-2	-39		
953	4.7650	-2	-39		
954	4.7700	-2	-39		
955	4.7750	-2	-39		
956	4.7800	-1	-39		
957	4.7850	-1	-39		
958	4.7900	-1	-40		
959	4.7950	-1	-40		
960	4.8000	-1	-40		
961	4.8050	-1	-40		
962	4.8100	-1	-40		
963	4.8150	-1	-40		
964	4.8200	-2	-40		
965	4.8250	-2	-40		
966	4.8300	-2	-40		
967	4.8350	-2	-39		
968	4.8400	-2	-39		
969	4.8450	-3	-39		
970	4.8500	-3	-39		
971	4.8550	-3	-39		
972	4.8600	-4	-39		
973	4.8650	-4	-39		
974	4.8700	-4	-39		
975	4.8750	-5	-38		
976	4.8800	-5	-38		
977	4.8850	-6	-38		
978	4.8900	-6	-38		
979	4.8950	-7	-38		
980	4.9000	-7	-38		
981	4.9050	-8	-38		
982	4.9100	-8	-38		
983	4.9150	-9	-37		
984	4.9200	-10	-37		
985	4.9250	-10	-37		
986	4.9300	-11	-36		
987	4.9350	-12	-36		
988	4.9400	-12	-36		
989	4.9450	-13	-36		
990	4.9500	-14	-36		
991	4.9550	-14	-35		
992	4.9600	-15	-35		
993	4.9650	-16	-35		
994	4.9700	-16	-34		
995	4.9750	-17	-34		
996	4.9800	-18	-34		
997	4.9850	-18	-34		
998	4.9900	-19	-34		
999	4.9950	-20	-33		
1000	5.0000	-20	-33		
1001	5.0050	-21	-33		
1002	5.0100	-22	-32		
1003	5.0150	-22	-32		
1004	5.0200	-23	-32		
1005	5.0250	-24	-32		
1006	5.0300	-24	-32		
1007	5.0350	-25	-31		
1008	5.0400	-26	-31		
1009	5.0450	-26	-31		
1010	5.0500	-27	-30		
1011	5.0550	-27	-30		
1012	5.0600	-28	-30		
1013	5.0650	-28	-30		
1014	5.0700	-29	-30		
1015	5.0750	-29	-30		
1016	5.0800	-30	-29		
1017	5.0850	-30	-29		
1018	5.0900	-30	-29		
1019	5.0950	-31	-29		
1020	5.1000	-31	-28		
1021	5.1050	-32	-28		
1022	5.1100	-32	-28		
1023	5.1150	-32	-28		
1024	5.1200	-32	-28		
1025	5.1250	-32	-28		
1026	5.1300	-33	-28		
1027	5.1350	-33	-28		
1028	5.1400	-33	-28		
1029	5.1450	-33	-28		
1030	5.1500	-33	-28		
1031	5.1550	-33	-28		
1032	5.1600	-33	-28		
1033	5.1650	-33	-28		
1034	5.1700	-33	-28		
1035	5.1750	-33	-28		
1036	5.1800	-33	-28		
1037	5.1850	-33	-28		
1038	5.1900	-32	-28		
1039	5.1950	-32	-28		
1040	5.2000	-32	-28		
1041	5.2050	-32	-28		
1042	5.2100	-31	-28		
1043	5.2150	-31	-28		
1044	5.2200	-31	-28		
1045	5.2250	-30	-28		
1046	5.2300	-30	-28		
1047	5.2350	-30	-28		
1048	5.2400	-29	-28		
1049	5.2450	-29	-28		
1050	5.2500	-28	-29		
1051	5.2550	-28	-29		
1052	5.2600	-27	-29		
1053	5.2650	-27	-29		
1054	5.2700	-26	-30		
1055	5.2750	-25	-30		
1056	5.2800	-25	-30		
1057	5.2850	-24	-30		
1058	5.2900	-24	-30		
1059	5.2950	-23	-30		
1060	5.3000	-22	-30		
1061	5.3050	-22	-31		
1062	5.3100	-21	-31		
1063	5.3150	-20	-31		
1064	5.3200	-20	-32		
1065	5.3250	-19	-32		
1066	5.3300	-18	-32		
1067	5.3350	-18	-32		
1068	5.3400	-17	-32		
1069	5.3450	-16	-33		
1070	5.3500	-16	-33		
1071	5.3550	-15	-34		
1072	5.3600	-14	-34		
1073	5.3650	-14	-34		
1074	5.3700	-13	-34		
1075	5.3750	-12	-34		
1076	5.3800	-12	-35		
1077	5.3850	-11	-35		
1078	5.3900	-10	-35		
1079	5.3950	-10	-36		
1080	5.4000	-9	-36		
1081	5.4050	-8	-36		
1082	5.4100	-8	-36		
1083	5.4150	-7	-36		
1084	5.4200	-7	-36		
1085	5.4250	-6	-37		
1086	5.4300	-6	-37		
1087	5.4350	-5	-37		
1088	5.4400	-5	-38		
1089	5.4450	-4	-38		
1090	5.4500	-4	-38		
1091	5.4550	-4	-38		
1092	5.4600	-3	-38		
1093	5.4650	-3	-38		
1094	5.4700	-3	-38		
1095	5.4750	-2	-38		
1096	5.4800	-2	-39		
1097	5.4850	-2	-39		
1098	5.4900	-2	-39		
1099	5.4950	-2	-39		
1100	5.5000	-2	-39		
1101	5.5050	-1	-39		
1102	5.5100	-1	-39		
1103	5.5150	-1	-39		
1104	5.5200	-1	-40		
1105	5.5250	-1	-40		
1106	5.5300	-1	-40		
1107	5.5350	-1	-40		
1108	5.5400	-1	-40		
1109	5.5450	-2	-40		
1110	5.5500	-2	-40		
1111	5.5550	-2	-40		
1112	5.5600	-2	-39		
1113	5.5650	-2	-39		
1114	5.5700	-3	-39		
1115	5.5750	-3	-39		
1116	5.5800	-3	-39		
1117	5.5850	-4	-39		
1118	5.5900	-4	-39		
1119	5.5950	-4	-39		
1120	5.6000	-5	-38		
1121	5.6050	-5	-38		
1122	5.6100	-6	-38		
1123	5.6150	-6	-38		
1124	5.6200	-7	-38		
1125	5.6250	-7	-38		
1126	5.6300	-8	-38		
1127	5.6350	-8	-38		
1128	5.6400	-9	-37		
1129	5.6450	-10	-37		
1130	5.6500	-10	-37		
1131	5.6550	-11	-37		
1132	5.6600	-12	-36		
1133	5.6650	-12	-36		
1134	5.6700	-13	-36		
1135	5.6750	-14	-36		
1136	5.6800	-14	-36		
1137	5.6850	-15	-35		
1138	5.6900	-16	-35		
1139	5.6950	-16	-35		
1140	5.7000	-17	-34		
1141	5.7050	-18	-34		
1142	5.7100	-18	-34		
1143	5.7150	-19	-34		
1144	5.7200	-20	-34		
1145	5.7250	-20	-33		
1146	5.7300	-21	-33		
1147	5.7350	-22	-33		
1148	5.7400	-22	-32		
1149	5.7450	-23	-32		
1150	5.7500	-24	-32		
1151	5.7550	-24	-32		
1152	5.7600	-25	-32		
1153	5.7650	-26	-31		
1154	5.7700	-26	-31		
1155	5.7750	-27	-31		
1156	5.7800	-27	-30		
1157	5.7850	-28	-30		
1158	5.7900	-28	-30		
1159	5.7950	-29	-30		
1160	5.8000	-29	-30		
1161	5.8050	-30	-30		
1162	5.8100	-30	-30		
1163	5.8150	-30	-29		
1164	5.8200	-31	-29		
1165	5.8250	-31	-29		
1166	5.8300	-32	-29		
1167	5.8350	-32	-28		
1168	5.8400	-32	-28		
1169	5.8450	-32	-28		
1170	5.8500	-32	-28		
1171	5.8550	-33	-28		
1172	5.8600	-33	-28		
1173	5.8650	-33	-28		
1174	5.8700	-33	-28		
1175	5.8750	-33	-28		
1176	5.8800	-33	-28		
1177	5.8850	-33	-28		
1178	5.8900	-33	-28		
1179	5.8950	-33	-28		
1180	5.9000	-33	-28		
1181	5.9050	-33	-28		
1182	5.9100	-32	-28		
1183	5.9150	-32	-28		
1184	5.9200	-32	-28		
1185	5.9250	-32	-28		
1186	5.9300	-32	-28		
1187	5.9350	-31	-28		
1188	5.9400	-31	-28		
1189	5.9450	-31	-28		
1190	5.9500	-30	-28		
1191	5.9550	-30	-28		
1192	5.9600	-29	-28		
1193	5.9650	-29	-28		
1194	5.9700	-28	-29		
1195	5.9750	-28	-29		
1196	5.9800	-28	-29		
1197	5.9850	-27	-29		
1198	5.9900	-26	-29		
1199	5.9950	-26	-30		
1200	6.0000	-25	-30		
1201	6.0050	-25	-30		
1202	6.0100	-24	-30		
1203	6.0150	-24	-30		
1204	6.0200	-23	-30		
1205	6.0250	-22	-31		
1206	6.0300	-22	-31		
1207	6.0350	-21	-31		
1208	6.0400	-20	-32		
1209	6.0450	-20	-32		
1210	6.0500	-19	-32		
1211	6.0550	-18	-32		
1212	6.0600	-18	-32		
1213	6.0650	-17	-32		
1214	6.0700	-16	-33		
1215	6.0750	-15	-33		
1216	6.0800	-15	-33		
1217	6.0850	-14	-34		
1218	6.0900	-13	-34		
1219	6.0950	-13	-34		
1220	6.1000	-12	-34		
1221	6.1050	-11	-34		
1222	6.1100	-11	-35		
1223	6.1150	-10	-35		
1224	6.1200	-10	-35		
1225	6.1250	-9	-36		
1226	6.1300	-8	-36		
1227	6.1350	-8	-36		
1228	6.1400	-7	-36		
1229	6.1450	-7	-36		
1230	6.1500	-6	-37		
1231	6.1550	-6	-37		
1232	6.1600	-5	-37		
1233	6.1650	-5	-37		
1234	6.1700	-4	-38		
1235	6.1750	-4	-38		
1236	6.1800	-4	-38		
1237	6.1850	-3	-38		
1238	6.1900	-3	-38		
1239	6.1950	-3	-38		
1240	6.2000	-2	-38		
1241	6.2050	-2	-38		
1242	6.2100	-2	-38		
1243	6.2150	-2	-38		
1244	6.2200	-2	-39		
1245	6.2250	-1	-39		
1246	6.2300	-1	-39		
1247	6.2350	-1	-39		
1248	6.2400	-1	-39		
1249	6.2450	-1	-39		
1250	6.2500	-1	-39		
1251	6.2550	-1	-39		
1252	6.2600	-1	-39		
1253	6.2650	-2	-39		
1254	6.2700	-2	-39		
1255	6.2750	-2	-39		
1256	6.2800	-2	-39		
1257	6.2850	-2	-39		
1258	6.2900	-2	-39		
1259	6.2950	-3	-39		
1260	6.3000	-3	-39		
1261	6.3050	-3	-39		
1262	6.3100	-4	-38		
1263	6.3150	-4	-38		
1264	6.3200	-5	-38		
1265	6.3250	-5	-38		
1266	6.3300	-6	-38		
1267	6.3350	-6	-38		
1268	6.3400	-6	-38		
1269	6.3450	-7	-38		
1270	6.3500	-8	-38		
1271	6.3550	-8	-37		
1272	6.3600	-9	-37		
1273	6.3650	-9	-37		
1274	6.3700	-10	-37		
1275	6.3750	-10	-36		
1276	6.3800	-11	-36		
1277	6.3850	-12	-36		
1278	6.3900	-12	-36		
1279	6.3950	-13	-36		
1280	6.4000	-14	-36		
1281	6.4050	-14	-35		
1282	6.4100	-15	-35		
1283	6.4150	-16	-35		
1284	6.4200	-16	-34		
1285	6.4250	-17	-34		
1286	6.4300	-18	-34		
1287	6.4350	-19	-34		
1288	6.4400	-19	-34		
1289	6.4450	-20	-33		
1290	6.4500	-21	-33		
1291	6.4550	-21	-33		
1292	6.4600	-22	-32		
1293	6.4650	-23	-32		
1294	6.4700	-23	-32		
1295	6.4750	-24	-32		
1296	6.4800	-24	-32		
1297	6.4850	-25	-31		
1298	6.4900	-26	-31		
1299	6.4950	-26	-31		
1300	6.5000	-27	-30		
1301	6.5050	-28	-30		
1302	6.5100	-28	-30		
1303	6.5150	-28	-30		
1304	6.5200	-29	-30		
1305	6.5250	-29	-30		
1306	6.5300	-30	-30		
1307	6.5350	-30	-29		
1308	6.5400	-30	-29		
1309	6.5450	-31	-29		
1310	6.5500	-31	-29		
1311	6.5550	-32	-29		
1312	6.5600	-32	-28		
1313	6.5650	-32	-28		
1314	6.5700	-32	-28		
1315	6.5750	-32	-28		
1316	6.5800	-33	-28		
1317	6.5850	-33	-28		
1318	6.5900	-33	-28		
1319	6.5950	-33	-28		
1320	6.6000	-33	-28		
1321	6.6050	-33	-28		
1322	6.6100	-33	-28		
1323	6.6150	-33	-28		
1324	6.6200	-33	-28		
1325	6.6250	-33	-28		
1326	6.6300	-33	-28		
1327	6.6350	-32	-28		
1328	6.6400	-32	-28		
1329	6.6450	-32	-28		
1330	6.6500	-32	-28		
1331	6.6550	-32	-28		
1332	6.6600	-31	-28		
1333	6.6650	-31	-28		
1334	6.6700	-30	-28		
1335	6.6750	-30	-28		
1336	6.6800	-30	-28		
1337	6.6850	-29	-29		
1338	6.6900	-29	-29		
1339	6.6950	-28	-29		
1340	6.7000	-28	-29		
1341	6.7050	-28	-29		
1342	6.7100	-27	-30		
1343	6.7150	-26	-30		
1344	6.7200	-26	-30		
1345	6.7250	-25	-30		
1346	6.7300	-25	-30		
1347	6.7350	-24	-30		
1348	6.7400	-23	-30		
1349	6.7450	-23	-31		
1350	6.7500	-22	-31		
1351	6.7550	-21	-31		
1352	6.7600	-21	-32		
1353	6.7650	-20	-32		
1354	6.7700	-19	-32		
1355	6.7750	-19	-32		
1356	6.7800	-18	-32		
1357	6.7850	-17	-32		
1358	6.7900	-17	-33		
1359	6.7950	-16	-33		
1360	6.8000	-15	-34		
1361	6.8050	-14	-34		
1362	6.8100	-14	-34		
1363	6.8150	-13	-34		
1364	6.8200	-12	-34		
1365	6.8250	-12	-34		
1366	6.8300	-11	-35		
1367	6.8350	-11	-35		
1368	6.8400	-10	-35		
1369	6.8450	-9	-36		
1370	6.8500	-9	-36		
1371	6.8550	-8	-36		
1372	6.8600	-8	-36		
1373	6.8650	-7	-36		
1374	6.8700	-6	-37		
1375	6.8750	-6	-37		
1376	6.8800	-6	-37		
1377	6.8850	-5	-37		
1378	6.8900	-5	-38		
1379	6.8950	-4	-38		
1380	6.9000	-4	-38		
1381	6.9050	-4	-38		
1382	6.9100	-3	-38		
1383	6.9150	-3	-38		
1384	6.9200	-2	-38		
1385	6.9250	-2	-38		
1386	6.9300	-2	-38		
1387	6.9350	-2	-38		
1388	6.9400	-2	-39		
1389	6.9450	-2	-39		
1390	6.9500	-1	-39		
1391	6.9550	-1	-39		
1392	6.9600	-1	-39		
1393	6.9650	-1	-39		
1394	6.9700	-1	-39		
1395	6.9750	-1	-39		
1396	6.9800	-1	-39		
1397	6.9850	-1	-39		
1398	6.9900	-2	-39		
1399	6.9950	-2	-39		
1400	7.0000	-2	-39		
1401	7.0050	-2	-39		
1402	7.0100	-2	-39		
1403	7.0150	-2	-39		
1404	7.0200	-3	-39		
1405	7.0250	-3	-39		
1406	7.0300	-4	-38		
1407	7.0350	-4	-38		
1408	7.0400	-4	-38		
1409	7.0450	-5	-38		
1410	7.0500	-5	-38		
1411	7.0550	-6	-38		
1412	7.0600	-6	-38		
1413	7.0650	-7	-38		
1414	7.0700	-7	-38		
1415	7.0750	-8	-37		
1416	7.0800	-8	-37		
1417	7.0850	-9	-37		
1418	7.0900	-9	-37		
1419	7.0950	-10	-36		
1420	7.1000	-11	-36		
1421	7.1050	-11	-36		
1422	7.1100	-12	-36		
1423	7.1150	-13	-36		
1424	7.1200	-13	-36		
1425	7.1250	-14	-35		
1426	7.1300	-15	-35		
1427	7.1350	-15	-34		
1428	7.1400	-16	-34		
1429	7.1450	-17	-34		
1430	7.1500	-17	-34		
1431	7.1550	-18	-34		
1432	7.1600	-19	-34		
1433	7.1650	-20	-33		
1434	7.1700	-20	-33		
1435	7.1750	-21	-32		
1436	7.1800	-22	-32		
1437	7.1850	-22	-32		
1438	7.1900	-23	-32		
1439	7.1950	-24	-32		
1440	7.2000	-24	-32		
1441	7.2050	-25	-31		
1442	7.2100	-25	-31		
1443	7.2150	-26	-31		
1444	7.2200	-26	-30		
1445	7.2250	-27	-30		
1446	7.2300	-28	-30		
1447	7.2350	-28	-30		
1448	7.2400	-29	-30		
1449	7.2450	-29	-30		
1450	7.2500	-30	-29		
1451	7.2550	-30	-29		
1452	7.2600	-30	-29		
1453	7.2650	-31	-29		
1454	7.2700	-31	-29		
1455	7.2750	-31	-28		
1456	7.2800	-32	-28		
1457	7.2850	-32	-28		
1458	7.2900	-32	-28		
1459	7.2950	-32	-28		
1460	7.3000	-32	-28		
1461	7.3050	-33	-28		
1462	7.3100	-33	-28		
1463	7.3150	-33	-28		
1464	7.3200	-33	-28		
1465	7.3250	-33	-28		
1466	7.3300	-33	-28		
1467	7.3350	-33	-28		
1468	7.3400	-33	-28		
1469	7.3450	-33	-28		
1470	7.3500	-33	-28		
1471	7.3550	-33	-28		
1472	7.3600	-32	-28		
1473	7.3650	-32	-28		
1474	7.3700	-32	-28		
1475	7.3750	-32	-28		
1476	7.3800	-32	-28		
1477	7.3850	-31	-28		
1478	7.3900	-31	-28		
1479	7.3950	-30	-28		
1480	7.4000	-30	-28		
1481	7.4050	-30	-28		
1482	7.4100	-29	-28		
1483	7.4150	-29	-29		
1484	7.4200	-28	-29		
1485	7.4250	-28	-29		
1486	7.4300	-27	-29		
1487	7.4350	-27	-30		
1488	7.4400	-26	-30		
1489	7.4450	-26	-30		
1490	7.4500	-25	-30		
1491	7.4550	-24	-30		
1492	7.4600	-24	-30		
1493	7.4650	-23	-31		
1494	7.4700	-22	-31		
1495	7.4750	-22	-31		
1496	7.4800	-21	-31		
1497	7.4850	-21	-32		
1498	7.4900	-20	-32		
1499	7.4950	-19	-32		
1500	7.5000	-18	-32		
1501	7.5050	-18	-32		
1502	7.5100	-17	-33		
1503	7.5150	-16	-33		
1504	7.5200	-16	-33		
1505	7.5250	-15	-34		
1506	7.5300	-14	-34		
1507	7.5350	-14	-34		
1508	7.5400	-13	-34		
1509	7.5450	-12	-34		
1510	7.5500	-12	-35		
1511	7.5550	-11	-35		
1512	7.5600	-10	-35		
1513	7.5650	-10	-36		
1514	7.5700	-9	-36		
1515	7.5750	-9	-36		
1516	7.5800	-8	-36		
1517	7.5850	-8	-36		
1518	7.5900	-7	-37		
1519	7.5950	-6	-37		
1520	7.6000	-6	-37		
1521	7.6050	-6	-37		
1522	7.6100	-5	-38		
1523	7.6150	-5	-38		
1524	7.6200	-4	-38		
1525	7.6250	-4	-38		
1526	7.6300	-4	-38		
1527	7.6350	-3	-38		
1528	7.6400	-3	-38		
1529	7.6450	-2	-38		
1530	7.6500	-2	-39		
1531	7.6550	-2	-39		
1532	7.6600	-2	-39		
1533	7.6650	-2	-39		
1534	7.6700	-2	-39		
1535	7.6750	-1	-39		
1536	7.6800	-1	-39		
1537	7.6850	-1	-39		
1538	7.6900	-1	-39		
1539	7.6950	-1	-39		
1540	7.7000	-1	-40		
1541	7.7050	-1	-40		
1542	7.7100	-1	-40		
1543	7.7150	-2	-40		
1544	7.7200	-2	-39		
1545	7.7250	-2	-39		
1546	7.7300	-2	-39		
1547	7.7350	-2	-39		
1548	7.7400	-3	-39		
1549	7.7450	-3	-39		
1550	7.7500	-3	-39		
1551	7.7550	-4	-39		
1552	7.7600	-4	-39		
1553	7.7650	-4	-38		
1554	7.7700	-5	-38		
1555	7.7750	-5	-38		
1556	7.7800	-6	-38		
1557	7.7850	-6	-38		
1558	7.7900	-7	-38		
1559	7.7950	-7	-38		
1560	7.8000	-8	-38		
1561	7.8050	-8	-37		
1562	7.8100	-9	-37		
1563	7.8150	-10	-37		
1564	7.8200	-10	-36		
1565	7.8250	-11	-36		
1566	7.8300	-11	-36		
1567	7.8350	-12	-36		
1568	7.8400	-13	-36		
1569	7.8450	-13	-36		
1570	7.8500	-14	-35		
1571	7.8550	-15	-35		
1572	7.8600	-15	-35		
1573	7.8650	-16	-34		
1574	7.8700	-17	-34		
1575	7.8750	-17	-34		
1576	7.8800	-18	-34		
1577	7.8850	-19	-34		
1578	7.8900	-20	-33		
1579	7.8950	-20	-33		
1580	7.9000	-21	-32		
1581	7.9050	-22	-32		
1582	7.9100	-22	-32		
1583	7.9150	-23	-32		
1584	7.9200	-24	-32		
1585	7.9250	-24	-32		
1586	7.9300	-25	-31		
1587	7.9350	-25	-31		
1588	7.9400	-26	-31		
1589	7.9450	-26	-30		
1590	7.9500	-27	-30		
1591	7.9550	-28	-30		
1592	7.9600	-28	-30		
1593	7.9650	-29	-30		
1594	7.9700	-29	-30		
1595	7.9750	-30	-29		
1596	7.9800	-30	-29		
1597	7.9850	-30	-29		
1598	7.9900	-31	-29		
1599	7.9950	-31	-28		
1600	8.0000	-31	-28		
1601	8.0050	-32	-28		
1602	8.0100	-32	-28		
1603	8.0150	-32	-28		
1604	8.0200	-32	-28		
1605	8.0250	-32	-28		
1606	8.0300	-33	-28		
1607	8.0350	-33	-28		
1608	8.0400	-33	-28		
1609	8.0450	-33	-28		
1610	8.0500	-33	-28		
1611	8.0550	-33	-28		
1612	8.0600	-33	-28		
1613	8.0650	-33	-28		
1614	8.0700	-33	-28		
1615	8.0750	-33	-28		
1616	8.0800	-33	-28		
1617	8.0850	-32	-28		
1618	8.0900	-32	-28		
1619	8.0950	-32	-28		
1620	8.1000	-32	-28		
1621	8.1050	-31	-28		
1622	8.1100	-31	-28		
1623	8.1150	-31	-28		
1624	8.1200	-30	-28		
1625	8.1250	-30	-28		
1626	8.1300	-30	-28		
1627	8.1350	-29	-28		
1628	8.1400	-29	-28		
1629	8.1450	-28	-29		
1630	8.1500	-28	-29		
1631	8.1550	-27	-29		
1632	8.1600	-27	-29		
1633	8.1650	-26	-30		
1634	8.1700	-26	-30		
1635	8.1750	-25	-30		
1636	8.1800	-24	-30		
1637	8.1850	-24	-30		
1638	8.1900	-23	-30		
1639	8.1950	-22	-31		
1640	8.2000	-22	-31		
1641	8.2050	-21	-31		
1642	8.2100	-20	-32		
1643	8.2150	-20	-32		
1644	8.2200	-19	-32		
1645	8.2250	-18	-32		
1646	8.2300	-18	-32		
1647	8.2350	-17	-33		
1648	8.2400	-16	-33		
1649	8.2450	-16	-33		
1650	8.2500	-15	-34		
1651	8.2550	-14	-34		
1652	8.2600	-14	-34		
1653	8.2650	-13	-34		
1654	8.2700	-12	-34		
1655	8.2750	-12	-35		
1656	8.2800	-11	-35		
1657	8.2850	-10	-35		
1658	8.2900	-10	-36		
1659	8.2950	-9	-36		
1660	8.3000	-8	-36		
1661	8.3050	-8	-36		
1662	8.3100	-7	-36		
1663	8.3150	-7	-36		
1664	8.3200	-6	-37		
1665	8.3250	-6	-37		
1666	8.3300	-5	-37		
1667	8.3350	-5	-38		
1668	8.3400	-4	-38		
1669	8.3450	-4	-38		
1670	8.3500	-4	-38		
1671	8.3550	-3	-38		
1672	8.3600	-3	-38		
1673	8.3650	-3	-38		
1674	8.3700	-2	-38		
1675	8.3750	-2	-39		
1676	8.3800	-2	-39		
1677	8.3850	-2	-39		
1678	8.3900	-2	-39		
1679	8.3950	-2	-39		
1680	8.4000	-1	-39		
1681	8.4050	-1	-39		
1682	8.4100	-1	-39		
1683	8.4150	-1	-40		
1684	8.4200	-1	-40		
1685	8.4250	-1	-40		
1686	8.4300	-1	-40		
1687	8.4350	-1	-40		
1688	8.4400	-2	-40		
1689	8.4450	-2	-40		
1690	8.4500	-2	-40		
1691	8.4550	-2	-39		
1692	8.4600	-2	-39		
1693	8.4650	-3	-39		
1694	8.4700	-3	-39		
1695	8.4750	-3	-39		
1696	8.4800	-4	-39		
1697	8.4850	-4	-39		
1698	8.4900	-4	-39		
1699	8.4950	-5	-38		
1700	8.5000	-5	-38		
1701	8.5050	-6	-38		
1702	8.5100	-6	-38		
1703	8.5150	-7	-38		
1704	8.5200	-7	-38		
1705	8.5250	-8	-38		
1706	8.5300	-8	-38		
1707	8.5350	-9	-37		
1708	8.5400	-10	-37		
1709	8.5450	-10	-37		
1710	8.5500	-11	-36		
1711	8.5550	-12	-36		
1712	8.5600	-12	-36		
1713	8.5650	-13	-36		
1714	8.5700	-14	-36		
1715	8.5750	-14	-36		
1716	8.5800	-15	-35		
1717	8.5850	-16	-35		
1718	8.5900	-16	-34		
1719	8.5950	-17	-34		
1720	8.6000	-18	-34		
1721	8.6050	-18	-34		
1722	8.6100	-19	-34		
1723	8.6150	-20	-34		
1724	8.6200	-20	-33		
1725	8.6250	-21	-33		
1726	8.6300	-22	-32		
1727	8.6350	-22	-32		
1728	8.6400	-23	-32		
1729	8.6450	-24	-32		
1730	8.6500	-24	-32		
1731	8.6550	-25	-32		
1732	8.6600	-26	-31		
1733	8.6650	-26	-31		
1734	8.6700	-27	-31		
1735	8.6750	-27	-30		
1736	8.6800	-28	-30		
1737	8.6850	-28	-30		
1738	8.6900	-29	-30		
1739	8.6950	-29	-30		
1740	8.7000	-30	-30		
1741	8.7050	-30	-29		
1742	8.7100	-30	-29		
1743	8.7150	-31	-29		
1744	8.7200	-31	-29		
1745	8.7250	-31	-28		
1746	8.7300	-32	-28		
1747	8.7350	-32	-28		
1748	8.7400	-32	-28		
1749	8.7450	-32	-28		
1750	8.7500	-33	-28		
1751	8.7550	-33	-28		
1752	8.7600	-33	-28		
1753	8.7650	-33	-28		
1754	8.7700	-33	-28		
1755	8.7750	-33	-28		
1756	8.7800	-33	-28		
1757	8.7850	-33	-28		
1758	8.7900	-33	-28		
1759	8.7950	-33	-28		
1760	8.8000	-33	-28		
1761	8.8050	-32	-28		
1762	8.8100	-32	-28		
1763	8.8150	-32	-28		
1764	8.8200	-32	-28		
1765	8.8250	-32	-28		
1766	8.8300	-31	-28		
1767	8.8350	-31	-28		
1768	8.8400	-31	-28		
1769	8.8450	-30	-28		
1770	8.8500	-30	-28		
1771	8.8550	-30	-28		
1772	8.8600	-29	-28		
1773	8.8650	-29	-28		
1774	8.8700	-28	-29		
1775	8.8750	-28	-29		
1776	8.8800	-27	-29		
1777	8.8850	-27	-29		
1778	8.8900	-26	-30		
1779	8.8950	-26	-30		
1780	8.9000	-25	-30		
1781	8.9050	-24	-30		
1782	8.9100	-24	-30		
1783	8.9150	-23	-30		
1784	8.9200	-22	-31		
1785	8.9250	-22	-31		
1786	8.9300	-21	-31		
1787	8.9350	-20	-31		
1788	8.9400	-20	-32		
1789	8.9450	-19	-32		
1790	8.9500	-18	-32		
1791	8.9550	-18	-32		
1792	8.9600	-17	-32		
1793	8.9650	-16	-33		
1794	8.9700	-16	-33		
1795	8.9750	-15	-33		
1796	8.9800	-14	-34		
1797	8.9850	-14	-34		
1798	8.9900	-13	-34		
1799	8.9950	-12	-34		
1800	9.0000	-12	-34		
1801	9.0050	-11	-35		
1802	9.0100	-10	-35		
1803	9.0150	-10	-35		
1804	9.0200	-9	-36		
1805	9.0250	-8	-36		
1806	9.0300	-8	-36		
1807	9.0350	-7	-36		
1808	9.0400	-7	-36		
1809	9.0450	-6	-37		
1810	9.0500	-6	-37		
1811	9.0550	-5	-37		
1812	9.0600	-5	-37		
1813	9.0650	-4	-38		
1814	9.0700	-4	-38		
1815	9.0750	-4	-38		
1816	9.0800	-3	-38		
1817	9.0850	-3	-38		
1818	9.0900	-3	-38		
1819	9.0950	-2	-38		
1820	9.1000	-2	-38		
1821	9.1050	-2	-38		
1822	9.1100	-2	-39		
1823	9.1150	-2	-39		
1824	9.1200	-2	-39		
1825	9.1250	-1	-39		
1826	9.1300	-1	-39		
1827	9.1350	-1	-39		
1828	9.1400	-1	-39		
1829	9.1450	-1	-39		
1830	9.1500	-1	-39		
1831	9.1550	-1	-39		
1832	9.1600	-1	-39		
1833	9.1650	-2	-39		
1834	9.1700	-2	-39		
1835	9.1750	-2	-39		
1836	9.1800	-2	-39		
1837	9.1850	-2	-39		
1838	9.1900	-3	-39		
1839	9.1950	-3	-39		
1840	9.2000	-3	-39		
1841	9.2050	-4	-39		
1842	9.2100	-4	-38		
1843	9.2150	-4	-38		
1844	9.2200	-5	-38		
1845	9.2250	-5	-38		
1846	9.2300	-6	-38		
1847	9.2350	-6	-38		
1848	9.2400	-7	-38		
1849	9.2450	-8	-38		
1850	9.2500	-8	-38		
1851	9.2550	-9	-37		
1852	9.2600	-9	-37		
1853	9.2650	-10	-37		
1854	9.2700	-10	-37		
1855	9.2750	-11	-36		
1856	9.2800	-12	-36		
1857	9.2850	-12	-36		
1858	9.2900	-13	-36		
1859	9.2950	-14	-36		
1860	9.3000	-14	-35		
1861	9.3050	-15	-35		
1862	9.3100	-16	-35		
1863	9.3150	-16	-34		
1864	9.3200	-17	-34		
1865	9.3250	-18	-34		
1866	9.3300	-18	-34		
1867	9.3350	-19	-34		
1868	9.3400	-20	-33		
1869	9.3450	-21	-33		
1870	9.3500	-21	-33		
1871	9.3550	-22	-32		
1872	9.3600	-23	-32		
1873	9.3650	-23	-32		
1874	9.3700	-24	-32		
1875	9.3750	-24	-32		
1876	9.3800	-25	-32		
1877	9.3850	-26	-31		
1878	9.3900	-26	-31		
1879	9.3950	-27	-31		
1880	9.4000	-27	-30		
1881	9.4050	-28	-30		
1882	9.4100	-28	-30		
1883	9.4150	-29	-30		
1884	9.4200	-29	-30		
1885	9.4250	-30	-30		
1886	9.4300	-30	-30		
1887	9.4350	-30	-29		
1888	9.4400	-31	-29		
1889	9.4450	-31	-29		
1890	9.4500	-32	-29		
1891	9.4550	-32	-28		
1892	9.4600	-32	-28		
1893	9.4650	-32	-28		
1894	9.4700	-32	-28		
1895	9.4750	-33	-28		
1896	9.4800	-33	-28		
1897	9.4850	-33	-28		
1898	9.4900	-33	-28		
1899	9.4950	-33	-28		
1900	9.5000	-33	-28		
1901	9.5050	-33	-28		
1902	9.5100	-33	-28		
1903	9.5150	-33	-28		
1904	9.5200	-33	-28		
1905	9.5250	-33	-28		
1906	9.5300	-32	-28		
1907	9.5350	-32	-28		
1908	9.5400	-32	-28		
1909	9.5450	-32	-28		
1910	9.5500	-32	-28		
1911	9.5550	-31	-28		
1912	9.5600	-31	-28		
1913	9.5650	-31	-28		
1914	9.5700	-30	-28		
1915	9.5750	-30	-28		
1916	9.5800	-30	-28		
1917	9.5850	-29	-29		
1918	9.5900	-28	-29		
1919	9.5950	-28	-29		
1920	9.6000	-28	-29		
1921	9.6050	-27	-29		
1922	9.6100	-26	-30		
1923	9.6150	-26	-30		
1924	9.6200	-25	-30		
1925	9.6250	-25	-30		
1926	9.6300	-24	-30		
1927	9.6350	-23	-30		
1928	9.6400	-23	-31		
1929	9.6450	-22	-31		
1930	9.6500	-22	-31		
1931	9.6550	-21	-32		
1932	9.6600	-20	-32		
1933	9.6650	-20	-32		
1934	9.6700	-19	-32		
1935	9.6750	-18	-32		
1936	9.6800	-17	-32		
1937	9.6850	-17	-33		
1938	9.6900	-16	-33		
1939	9.6950	-15	-33		
1940	9.7000	-15	-34		
1941	9.7050	-14	-34		
1942	9.7100	-13	-34		
1943	9.7150	-13	-34		
1944	9.7200	-12	-34		
1945	9.7250	-11	-35		
1946	9.7300	-11	-35		
1947	9.7350	-10	-35		
1948	9.7400	-10	-36		
1949	9.7450	-9	-36		
1950	9.7500	-8	-36		
1951	9.7550	-8	-36		
1952	9.7600	-7	-36		
1953	9.7650	-7	-36		
1954	9.7700	-6	-37		
1955	9.7750	-6	-37		
1956	9.7800	-5	-37		
1957	9.7850	-5	-38		
1958	9.7900	-4	-38		
1959	9.7950	-4	-38		
1960	9.8000	-4	-38		
1961	9.8050	-3	-38		
1962	9.8100	-3	-38		
1963	9.8150	-3	-38		
1964	9.8200	-2	-38		
1965	9.8250	-2	-38		
1966	9.8300	-2	-38		
1967	9.8350	-2	-39		
1968	9.8400	-2	-39		
1969	9.8450	-1	-39		
1970	9.8500	-1	-39		
1971	9.8550	-1	-39		
1972	9.8600	-1	-39		
1973	9.8650	-1	-39		
1974	9.8700	-1	-39		
1975	9.8750	-1	-39		
1976	9.8800	-1	-39		
1977	9.8850	-2	-39		
1978	9.8900	-2	-39		
1979	9.8950	-2	-39		
1980	9.9000	-2	-39		
1981	9.9050	-2	-39		
1982	9.9100	-2	-39		
1983	9.9150	-3	-39		
1984	9.9200	-3	-39		
1985	9.9250	-3	-39		
1986	9.9300	-4	-38		
1987	9.9350	-4	-38		
1988	9.9400	-4	-38		
1989	9.9450	-5	-38		
1990	9.9500	-5	-38		
1991	9.9550	-6	-38		
1992	9.9600	-6	-38		
1993	9.9650	-7	-38		
1994	9.9700	-8	-38		
1995	9.9750	-8	-37		
1996	9.9800	-9	-37		
1997	9.9850	-9	-37		
1998	9.9900	-10	-37		
1999	9.9950	-10	-36		
2000	10.0000	-11	-36		
