#	time(s)	count A	count B	count C	count D
1	0.0050	-11	-7		
2	0.0100	-12	-6		
3	0.0150	-12	-5		
4	0.0200	-13	-4		
5	0.0250	-13	-3		
6	0.0300	-14	-2		
7	0.0350	-14	-1		
8	0.0400	-15	0		
9	0.0450	-16	1		
10	0.0500	-16	2		
11	0.0550	-16	3		
12	0.0600	-17	4		
13	0.0650	-18	5		
14	0.0700	-18	6		
15	0.0750	-19	6		
16	0.0800	-19	8		
17	0.0850	-20	8		
18	0.0900	-20	9		
19	0.0950	-21	10		
20	0.1000	-21	11		
21	0.1050	-22	12		
22	0.1100	-22	12		
23	0.1150	-23	14		
24	0.1200	-23	14		
25	0.1250	-24	15		
26	0.1300	-24	16		
27	0.1350	-24	16		
28	0.1400	-25	17		
29	0.1450	-26	18		
30	0.1500	-26	18		
31	0.1550	-26	19		
32	0.1600	-26	20		
33	0.1650	-27	20		
34	0.1700	-27	21		
35	0.1750	-28	21		
36	0.1800	-28	22		
37	0.1850	-28	22		
38	0.1900	-28	22		
39	0.1950	-28	23		
40	0.2000	-29	23		
41	0.2050	-29	24		
42	0.2100	-30	24		
43	0.2150	-30	24		
44	0.2200	-30	24		
45	0.2250	-30	24		
46	0.2300	-30	24		
47	0.2350	-30	25		
48	0.2400	-30	25		
49	0.2450	-30	25		
50	0.2500	-30	25		
51	0.2550	-30	25		
52	0.2600	-30	25		
53	0.2650	-30	25		
54	0.2700	-30	24		
55	0.2750	-30	24		
56	0.2800	-30	24		
57	0.2850	-30	24		
58	0.2900	-30	24		
59	0.2950	-30	24		
60	0.3000	-30	23		
61	0.3050	-30	23		
62	0.3100	-30	22		
63	0.3150	-30	22		
64	0.3200	-30	22		
65	0.3250	-29	21		
66	0.3300	-29	20		
67	0.3350	-28	20		
68	0.3400	-28	20		
69	0.3450	-28	19		
70	0.3500	-28	18		
71	0.3550	-28	18		
72	0.3600	-27	17		
73	0.3650	-27	16		
74	0.3700	-26	16		
75	0.3750	-26	15		
76	0.3800	-26	14		
77	0.3850	-26	13		
78	0.3900	-25	12		
79	0.3950	-24	12		
80	0.4000	-24	11		
81	0.4050	-24	10		
82	0.4100	-23	9		
83	0.4150	-22	8		
84	0.4200	-22	7		
85	0.4250	-22	6		
86	0.4300	-21	5		
87	0.4350	-20	4		
88	0.4400	-20	4		
89	0.4450	-20	2		
90	0.4500	-19	2		
91	0.4550	-18	0		
92	0.4600	-18	0		
93	0.4650	-18	-2		
94	0.4700	-17	-2		
95	0.4750	-16	-3		
96	0.4800	-16	-4		
97	0.4850	-16	-5		
98	0.4900	-15	-6		
99	0.4950	-14	-7		
100	0.5000	-14	-8		
101	0.5050	-13	-9		
102	0.5100	-12	-10		
103	0.5150	-12	-11		
104	0.5200	-12	-12		
105	0.5250	-11	-13		
106	0.5300	-10	-14		
107	0.5350	-10	-15		
108	0.5400	-10	-16		
109	0.5450	-9	-17		
110	0.5500	-8	-18		
111	0.5550	-8	-18		
112	0.5600	-8	-19		
113	0.5650	-7	-20		
114	0.5700	-6	-21		
115	0.5750	-6	-22		
116	0.5800	-6	-22		
117	0.5850	-5	-23		
118	0.5900	-4	-24		
119	0.5950	-4	-24		
120	0.6000	-4	-25		
121	0.6050	-4	-26		
122	0.6100	-3	-26		
123	0.6150	-3	-27		
124	0.6200	-2	-28		
125	0.6250	-2	-28		
126	0.6300	-2	-28		
127	0.6350	-2	-29		
128	0.6400	-1	-30		
129	0.6450	-1	-30		
130	0.6500	0	-30		
131	0.6550	0	-30		
132	0.6600	0	-31		
133	0.6650	0	-31		
134	0.6700	0	-32		
135	0.6750	0	-32		
136	0.6800	0	-32		
137	0.6850	1	-32		
138	0.6900	1	-32		
139	0.6950	1	-32		
140	0.7000	1	-32		
141	0.7050	1	-32		
142	0.7100	1	-32		
143	0.7150	1	-32		
144	0.7200	1	-32		
145	0.7250	1	-32		
146	0.7300	1	-32		
147	0.7350	1	-32		
148	0.7400	1	-31		
149	0.7450	1	-31		
150	0.7500	1	-30		
151	0.7550	1	-30		
152	0.7600	0	-30		
153	0.7650	0	-30		
154	0.7700	0	-29		
155	0.7750	0	-28		
156	0.7800	0	-28		
157	0.7850	0	-28		
158	0.7900	0	-27		
159	0.7950	-1	-26		
160	0.8000	-1	-26		
161	0.8050	-2	-25		
162	0.8100	-2	-24		
163	0.8150	-2	-24		
164	0.8200	-2	-23		
165	0.8250	-3	-22		
166	0.8300	-3	-22		
167	0.8350	-4	-21		
168	0.8400	-4	-20		
169	0.8450	-4	-19		
170	0.8500	-5	-18		
171	0.8550	-5	-18		
172	0.8600	-6	-17		
173	0.8650	-6	-16		
174	0.8700	-6	-15		
175	0.8750	-7	-14		
176	0.8800	-8	-13		
177	0.8850	-8	-12		
178	0.8900	-8	-11		
179	0.8950	-9	-10		
180	0.9000	-10	-9		
181	0.9050	-10	-8		
182	0.9100	-10	-7		
183	0.9150	-11	-6		
184	0.9200	-12	-5		
185	0.9250	-12	-4		
186	0.9300	-13	-3		
187	0.9350	-14	-2		
188	0.9400	-14	-1		
189	0.9450	-14	0		
190	0.9500	-15	1		
191	0.9550	-16	2		
192	0.9600	-16	2		
193	0.9650	-16	4		
194	0.9700	-17	4		
195	0.9750	-18	6		
196	0.9800	-18	6		
197	0.9850	-19	8		
198	0.9900	-20	8		
199	0.9950	-20	9		
200	1.0000	-20	10		
201	1.0050	-21	11		
202	1.0100	-22	12		
203	1.0150	-22	12		
204	1.0200	-22	14		
205	1.0250	-23	14		
206	1.0300	-24	15		
207	1.0350	-24	16		
208	1.0400	-24	16		
209	1.0450	-24	17		
210	1.0500	-25	18		
211	1.0550	-26	18		
212	1.0600	-26	19		
213	1.0650	-26	20		
214	1.0700	-26	20		
215	1.0750	-27	21		
216	1.0800	-27	22		
217	1.0850	-28	22		
218	1.0900	-28	22		
219	1.0950	-28	23		
220	1.1000	-28	23		
221	1.1050	-29	24		
222	1.1100	-29	24		
223	1.1150	-29	24		
224	1.1200	-30	24		
225	1.1250	-30	25		
226	1.1300	-30	25		
227	1.1350	-30	25		
228	1.1400	-30	25		
229	1.1450	-30	25		
230	1.1500	-30	25		
231	1.1550	-30	26		
232	1.1600	-30	26		
233	1.1650	-30	25		
234	1.1700	-30	25		
235	1.1750	-30	25		
236	1.1800	-30	25		
237	1.1850	-30	25		
238	1.1900	-30	24		
239	1.1950	-30	24		
240	1.2000	-30	24		
241	1.2050	-30	24		
242	1.2100	-30	24		
243	1.2150	-30	23		
244	1.2200	-30	22		
245	1.2250	-30	22		
246	1.2300	-29	22		
247	1.2350	-29	21		
248	1.2400	-29	20		
249	1.2450	-28	20		
250	1.2500	-28	20		
251	1.2550	-28	19		
252	1.2600	-28	18		
253	1.2650	-28	18		
254	1.2700	-27	17		
255	1.2750	-26	16		
256	1.2800	-26	16		
257	1.2850	-26	14		
258	1.2900	-26	14		
259	1.2950	-25	13		
260	1.3000	-25	12		
261	1.3050	-24	11		
262	1.3100	-24	10		
263	1.3150	-24	10		
264	1.3200	-23	9		
265	1.3250	-22	8		
266	1.3300	-22	7		
267	1.3350	-22	6		
268	1.3400	-21	5		
269	1.3450	-20	4		
270	1.3500	-20	3		
271	1.3550	-20	2		
272	1.3600	-19	1		
273	1.3650	-18	0		
274	1.3700	-18	-1		
275	1.3750	-18	-2		
276	1.3800	-17	-3		
277	1.3850	-16	-4		
278	1.3900	-16	-5		
279	1.3950	-15	-6		
280	1.4000	-15	-7		
281	1.4050	-14	-8		
282	1.4100	-14	-9		
283	1.4150	-13	-10		
284	1.4200	-12	-11		
285	1.4250	-12	-12		
286	1.4300	-12	-13		
287	1.4350	-11	-14		
288	1.4400	-10	-15		
289	1.4450	-10	-16		
290	1.4500	-10	-16		
291	1.4550	-9	-18		
292	1.4600	-8	-18		
293	1.4650	-8	-19		
294	1.4700	-8	-20		
295	1.4750	-7	-21		
296	1.4800	-6	-22		
297	1.4850	-6	-22		
298	1.4900	-6	-23		
299	1.4950	-5	-24		
300	1.5000	-4	-24		
301	1.5050	-4	-25		
302	1.5100	-4	-26		
303	1.5150	-4	-26		
304	1.5200	-3	-27		
305	1.5250	-2	-28		
306	1.5300	-2	-28		
307	1.5350	-2	-29		
308	1.5400	-2	-29		
309	1.5450	-2	-30		
310	1.5500	-1	-30		
311	1.5550	-1	-30		
312	1.5600	0	-31		
313	1.5650	0	-31		
314	1.5700	0	-32		
315	1.5750	0	-32		
316	1.5800	0	-32		
317	1.5850	0	-32		
318	1.5900	0	-32		
319	1.5950	1	-32		
320	1.6000	1	-32		
321	1.6050	1	-32		
322	1.6100	1	-32		
323	1.6150	1	-32		
324	1.6200	1	-32		
325	1.6250	1	-32		
326	1.6300	1	-32		
327	1.6350	1	-32		
328	1.6400	1	-32		
329	1.6450	1	-32		
330	1.6500	1	-32		
331	1.6550	1	-31		
332	1.6600	1	-31		
333	1.6650	1	-30		
334	1.6700	0	-30		
335	1.6750	0	-30		
336	1.6800	0	-29		
337	1.6850	0	-29		
338	1.6900	0	-28		
339	1.6950	0	-28		
340	1.7000	0	-27		
341	1.7050	-1	-26		
342	1.7100	-1	-26		
343	1.7150	-2	-25		
344	1.7200	-2	-24		
345	1.7250	-2	-24		
346	1.7300	-2	-23		
347	1.7350	-3	-22		
348	1.7400	-3	-22		
349	1.7450	-4	-21		
350	1.7500	-4	-20		
351	1.7550	-4	-19		
352	1.7600	-5	-18		
353	1.7650	-6	-18		
354	1.7700	-6	-16		
355	1.7750	-6	-16		
356	1.7800	-7	-15		
357	1.7850	-7	-14		
358	1.7900	-8	-13		
359	1.7950	-8	-12		
360	1.8000	-8	-11		
361	1.8050	-9	-10		
362	1.8100	-10	-9		
363	1.8150	-10	-8		
364	1.8200	-11	-7		
365	1.8250	-12	-6		
366	1.8300	-12	-5		
367	1.8350	-12	-4		
368	1.8400	-13	-3		
369	1.8450	-14	-2		
370	1.8500	-14	-1		
371	1.8550	-14	0		
372	1.8600	-15	1		
373	1.8650	-16	2		
374	1.8700	-16	3		
375	1.8750	-17	4		
376	1.8800	-18	5		
377	1.8850	-18	6		
378	1.8900	-18	7		
379	1.8950	-19	8		
380	1.9000	-20	9		
381	1.9050	-20	10		
382	1.9100	-20	11		
383	1.9150	-21	12		
384	1.9200	-22	12		
385	1.9250	-22	13		
386	1.9300	-22	14		
387	1.9350	-23	15		
388	1.9400	-24	16		
389	1.9450	-24	16		
390	1.9500	-24	17		
391	1.9550	-25	18		
392	1.9600	-25	18		
393	1.9650	-26	19		
394	1.9700	-26	20		
395	1.9750	-26	20		
396	1.9800	-26	21		
397	1.9850	-27	22		
398	1.9900	-28	22		
399	1.9950	-28	22		
400	2.0000	-28	23		
401	2.0050	-28	24		
402	2.0100	-28	24		
403	2.0150	-29	24		
404	2.0200	-29	24		
405	2.0250	-29	25		
406	2.0300	-30	25		
407	2.0350	-30	25		
408	2.0400	-30	26		
409	2.0450	-30	26		
410	2.0500	-30	26		
411	2.0550	-30	26		
412	2.0600	-30	26		
413	2.0650	-30	26		
414	2.0700	-30	26		
415	2.0750	-30	26		
416	2.0800	-30	26		
417	2.0850	-30	26		
418	2.0900	-30	26		
419	2.0950	-30	25		
420	2.1000	-30	25		
421	2.1050	-30	25		
422	2.1100	-30	24		
423	2.1150	-30	24		
424	2.1200	-30	24		
425	2.1250	-30	23		
426	2.1300	-30	23		
427	2.1350	-30	22		
428	2.1400	-29	22		
429	2.1450	-29	22		
430	2.1500	-29	21		
431	2.1550	-28	20		
432	2.1600	-28	20		
433	2.1650	-28	19		
434	2.1700	-28	18		
435	2.1750	-28	18		
436	2.1800	-27	17		
437	2.1850	-26	16		
438	2.1900	-26	16		
439	2.1950	-26	14		
440	2.2000	-26	14		
441	2.2050	-25	13		
442	2.2100	-24	12		
443	2.2150	-24	11		
444	2.2200	-24	10		
445	2.2250	-24	10		
446	2.2300	-23	8		
447	2.2350	-22	8		
448	2.2400	-22	7		
449	2.2450	-22	6		
450	2.2500	-21	5		
451	2.2550	-20	4		
452	2.2600	-20	3		
453	2.2650	-20	2		
454	2.2700	-19	1		
455	2.2750	-18	0		
456	2.2800	-18	-1		
457	2.2850	-18	-2		
458	2.2900	-17	-3		
459	2.2950	-16	-4		
460	2.3000	-16	-5		
461	2.3050	-15	-6		
462	2.3100	-14	-7		
463	2.3150	-14	-8		
464	2.3200	-14	-9		
465	2.3250	-13	-10		
466	2.3300	-12	-11		
467	2.3350	-12	-12		
468	2.3400	-12	-13		
469	2.3450	-11	-14		
470	2.3500	-10	-15		
471	2.3550	-10	-16		
472	2.3600	-9	-17		
473	2.3650	-9	-18		
474	2.3700	-8	-19		
475	2.3750	-8	-20		
476	2.3800	-7	-20		
477	2.3850	-7	-21		
478	2.3900	-6	-22		
479	2.3950	-6	-23		
480	2.4000	-6	-24		
481	2.4050	-5	-24		
482	2.4100	-4	-25		
483	2.4150	-4	-26		
484	2.4200	-4	-26		
485	2.4250	-4	-27		
486	2.4300	-3	-28		
487	2.4350	-2	-28		
488	2.4400	-2	-29		
489	2.4450	-2	-29		
490	2.4500	-2	-30		
491	2.4550	-1	-30		
492	2.4600	-1	-30		
493	2.4650	-1	-31		
494	2.4700	0	-32		
495	2.4750	0	-32		
496	2.4800	0	-32		
497	2.4850	0	-32		
498	2.4900	0	-32		
499	2.4950	0	-33		
500	2.5000	0	-33		
501	2.5050	1	-33		
502	2.5100	1	-33		
503	2.5150	1	-33		
504	2.5200	1	-33		
505	2.5250	1	-33		
506	2.5300	1	-33		
507	2.5350	1	-33		
508	2.5400	1	-33		
509	2.5450	1	-32		
510	2.5500	1	-32		
511	2.5550	1	-32		
512	2.5600	1	-32		
513	2.5650	1	-32		
514	2.5700	1	-31		
515	2.5750	0	-31		
516	2.5800	0	-30		
517	2.5850	0	-30		
518	2.5900	0	-30		
519	2.5950	0	-29		
520	2.6000	0	-28		
521	2.6050	0	-28		
522	2.6100	-1	-28		
523	2.6150	-1	-27		
524	2.6200	-2	-26		
525	2.6250	-2	-26		
526	2.6300	-2	-25		
527	2.6350	-2	-24		
528	2.6400	-2	-23		
529	2.6450	-3	-22		
530	2.6500	-4	-22		
531	2.6550	-4	-21		
532	2.6600	-4	-20		
533	2.6650	-4	-19		
534	2.6700	-5	-18		
535	2.6750	-6	-18		
536	2.6800	-6	-16		
537	2.6850	-6	-16		
538	2.6900	-7	-15		
539	2.6950	-8	-14		
540	2.7000	-8	-13		
541	2.7050	-8	-12		
542	2.7100	-9	-11		
543	2.7150	-10	-10		
544	2.7200	-10	-9		
545	2.7250	-10	-8		
546	2.7300	-11	-7		
547	2.7350	-12	-6		
548	2.7400	-12	-4		
549	2.7450	-12	-4		
550	2.7500	-13	-2		
551	2.7550	-14	-2		
552	2.7600	-14	0		
553	2.7650	-15	0		
554	2.7700	-15	2		
555	2.7750	-16	2		
556	2.7800	-16	4		
557	2.7850	-17	4		
558	2.7900	-18	6		
559	2.7950	-18	6		
560	2.8000	-18	8		
561	2.8050	-19	8		
562	2.8100	-20	9		
563	2.8150	-20	10		
564	2.8200	-20	11		
565	2.8250	-21	12		
566	2.8300	-22	13		
567	2.8350	-22	14		
568	2.8400	-22	14		
569	2.8450	-23	15		
570	2.8500	-24	16		
571	2.8550	-24	17		
572	2.8600	-24	18		
573	2.8650	-25	18		
574	2.8700	-25	19		
575	2.8750	-26	20		
576	2.8800	-26	20		
577	2.8850	-26	21		
578	2.8900	-27	22		
579	2.8950	-27	22		
580	2.9000	-28	22		
581	2.9050	-28	23		
582	2.9100	-28	24		
583	2.9150	-28	24		
584	2.9200	-28	24		
585	2.9250	-29	24		
586	2.9300	-29	25		
587	2.9350	-29	25		
588	2.9400	-30	26		
589	2.9450	-30	26		
590	2.9500	-30	26		
591	2.9550	-30	26		
592	2.9600	-30	26		
593	2.9650	-30	26		
594	2.9700	-30	26		
595	2.9750	-30	26		
596	2.9800	-30	26		
597	2.9850	-30	26		
598	2.9900	-30	26		
599	2.9950	-30	26		
600	3.0000	-30	26		
601	3.0050	-30	26		
602	3.0100	-30	25		
603	3.0150	-30	25		
604	3.0200	-30	25		
605	3.0250	-30	24		
606	3.0300	-30	24		
607	3.0350	-30	24		
608	3.0400	-30	23		
609	3.0450	-30	23		
610	3.0500	-29	22		
611	3.0550	-29	22		
612	3.0600	-28	21		
613	3.0650	-28	20		
614	3.0700	-28	20		
615	3.0750	-28	19		
616	3.0800	-28	18		
617	3.0850	-27	18		
618	3.0900	-27	17		
619	3.0950	-26	16		
620	3.1000	-26	16		
621	3.1050	-26	15		
622	3.1100	-26	14		
623	3.1150	-25	13		
624	3.1200	-24	12		
625	3.1250	-24	11		
626	3.1300	-24	10		
627	3.1350	-23	10		
628	3.1400	-23	8		
629	3.1450	-22	8		
630	3.1500	-22	7		
631	3.1550	-22	6		
632	3.1600	-21	5		
633	3.1650	-20	4		
634	3.1700	-20	3		
635	3.1750	-20	2		
636	3.1800	-19	1		
637	3.1850	-18	0		
638	3.1900	-18	-1		
639	3.1950	-17	-2		
640	3.2000	-16	-4		
641	3.2050	-16	-4		
642	3.2100	-16	-6		
643	3.2150	-15	-6		
644	3.2200	-14	-8		
645	3.2250	-14	-8		
646	3.2300	-14	-10		
647	3.2350	-13	-10		
648	3.2400	-12	-12		
649	3.2450	-12	-12		
650	3.2500	-11	-14		
651	3.2550	-10	-14		
652	3.2600	-10	-16		
653	3.2650	-10	-16		
654	3.2700	-9	-18		
655	3.2750	-8	-18		
656	3.2800	-8	-19		
657	3.2850	-8	-20		
658	3.2900	-7	-21		
659	3.2950	-6	-22		
660	3.3000	-6	-22		
661	3.3050	-6	-24		
662	3.3100	-5	-24		
663	3.3150	-5	-25		
664	3.3200	-4	-26		
665	3.3250	-4	-26		
666	3.3300	-4	-27		
667	3.3350	-3	-28		
668	3.3400	-3	-28		
669	3.3450	-2	-29		
670	3.3500	-2	-30		
671	3.3550	-2	-30		
672	3.3600	-2	-30		
673	3.3650	-1	-31		
674	3.3700	-1	-31		
675	3.3750	0	-32		
676	3.3800	0	-32		
677	3.3850	0	-32		
678	3.3900	0	-32		
679	3.3950	0	-33		
680	3.4000	0	-33		
681	3.4050	0	-33		
682	3.4100	0	-34		
683	3.4150	1	-34		
684	3.4200	1	-34		
685	3.4250	1	-34		
686	3.4300	1	-34		
687	3.4350	1	-34		
688	3.4400	1	-34		
689	3.4450	1	-34		
690	3.4500	1	-33		
691	3.4550	1	-33		
692	3.4600	1	-33		
693	3.4650	1	-33		
694	3.4700	1	-32		
695	3.4750	1	-32		
696	3.4800	1	-32		
697	3.4850	0	-32		
698	3.4900	0	-31		
699	3.4950	0	-30		
700	3.5000	0	-30		
701	3.5050	0	-30		
702	3.5100	0	-29		
703	3.5150	0	-28		
704	3.5200	-1	-28		
705	3.5250	-1	-27		
706	3.5300	-2	-26		
707	3.5350	-2	-26		
708	3.5400	-2	-25		
709	3.5450	-2	-24		
710	3.5500	-2	-24		
711	3.5550	-3	-23		
712	3.5600	-4	-22		
713	3.5650	-4	-21		
714	3.5700	-4	-20		
715	3.5750	-4	-20		
716	3.5800	-5	-18		
717	3.5850	-6	-18		
718	3.5900	-6	-17		
719	3.5950	-6	-16		
720	3.6000	-7	-15		
721	3.6050	-8	-14		
722	3.6100	-8	-13		
723	3.6150	-8	-12		
724	3.6200	-9	-11		
725	3.6250	-10	-10		
726	3.6300	-10	-9		
727	3.6350	-10	-8		
728	3.6400	-11	-7		
729	3.6450	-12	-6		
730	3.6500	-12	-5		
731	3.6550	-12	-4		
732	3.6600	-13	-2		
733	3.6650	-14	-2		
734	3.6700	-14	0		
735	3.6750	-15	0		
736	3.6800	-16	2		
737	3.6850	-16	2		
738	3.6900	-16	4		
739	3.6950	-17	4		
740	3.7000	-18	6		
741	3.7050	-18	6		
742	3.7100	-19	8		
743	3.7150	-19	8		
744	3.7200	-20	10		
745	3.7250	-20	10		
746	3.7300	-21	11		
747	3.7350	-21	12		
748	3.7400	-22	13		
749	3.7450	-22	14		
750	3.7500	-23	15		
751	3.7550	-23	16		
752	3.7600	-24	16		
753	3.7650	-24	17		
754	3.7700	-24	18		
755	3.7750	-25	18		
756	3.7800	-26	19		
757	3.7850	-26	20		
758	3.7900	-26	20		
759	3.7950	-26	21		
760	3.8000	-27	22		
761	3.8050	-27	22		
762	3.8100	-28	23		
763	3.8150	-28	24		
764	3.8200	-28	24		
765	3.8250	-28	24		
766	3.8300	-28	25		
767	3.8350	-29	25		
768	3.8400	-29	25		
769	3.8450	-30	26		
770	3.8500	-30	26		
771	3.8550	-30	26		
772	3.8600	-30	26		
773	3.8650	-30	26		
774	3.8700	-30	26		
775	3.8750	-30	26		
776	3.8800	-30	26		
777	3.8850	-30	27		
778	3.8900	-30	26		
779	3.8950	-30	26		
780	3.9000	-30	26		
781	3.9050	-30	26		
782	3.9100	-30	26		
783	3.9150	-30	26		
784	3.9200	-30	26		
785	3.9250	-30	26		
786	3.9300	-30	25		
787	3.9350	-30	25		
788	3.9400	-30	24		
789	3.9450	-30	24		
790	3.9500	-30	24		
791	3.9550	-30	23		
792	3.9600	-29	22		
793	3.9650	-29	22		
794	3.9700	-28	22		
795	3.9750	-28	21		
796	3.9800	-28	20		
797	3.9850	-28	20		
798	3.9900	-28	19		
799	3.9950	-27	18		
800	4.0000	-27	18		
801	4.0050	-26	16		
802	4.0100	-26	16		
803	4.0150	-26	15		
804	4.0200	-26	14		
805	4.0250	-25	13		
806	4.0300	-24	12		
807	4.0350	-24	12		
808	4.0400	-24	10		
809	4.0450	-23	10		
810	4.0500	-22	9		
811	4.0550	-22	8		
812	4.0600	-22	7		
813	4.0650	-21	6		
814	4.0700	-21	5		
815	4.0750	-20	4		
816	4.0800	-20	3		
817	4.0850	-19	2		
818	4.0900	-18	1		
819	4.0950	-18	0		
820	4.1000	-18	-1		
821	4.1050	-17	-2		
822	4.1100	-16	-4		
823	4.1150	-16	-4		
824	4.1200	-16	-6		
825	4.1250	-15	-6		
826	4.1300	-14	-8		
827	4.1350	-14	-8		
828	4.1400	-13	-10		
829	4.1450	-12	-10		
830	4.1500	-12	-12		
831	4.1550	-12	-13		
832	4.1600	-11	-14		
833	4.1650	-10	-14		
834	4.1700	-10	-16		
835	4.1750	-10	-16		
836	4.1800	-9	-18		
837	4.1850	-8	-18		
838	4.1900	-8	-19		
839	4.1950	-8	-20		
840	4.2000	-7	-21		
841	4.2050	-6	-22		
842	4.2100	-6	-23		
843	4.2150	-6	-24		
844	4.2200	-5	-24		
845	4.2250	-5	-25		
846	4.2300	-4	-26		
847	4.2350	-4	-26		
848	4.2400	-4	-27		
849	4.2450	-3	-28		
850	4.2500	-3	-28		
851	4.2550	-2	-29		
852	4.2600	-2	-30		
853	4.2650	-2	-30		
854	4.2700	-2	-30		
855	4.2750	-1	-31		
856	4.2800	-1	-32		
857	4.2850	0	-32		
858	4.2900	0	-32		
859	4.2950	0	-32		
860	4.3000	0	-33		
861	4.3050	0	-33		
862	4.3100	0	-34		
863	4.3150	0	-34		
864	4.3200	1	-34		
865	4.3250	1	-34		
866	4.3300	1	-34		
867	4.3350	1	-34		
868	4.3400	1	-34		
869	4.3450	1	-34		
870	4.3500	1	-34		
871	4.3550	1	-34		
872	4.3600	1	-34		
873	4.3650	1	-34		
874	4.3700	1	-33		
875	4.3750	1	-33		
876	4.3800	1	-33		
877	4.3850	1	-32		
878	4.3900	1	-32		
879	4.3950	0	-32		
880	4.4000	0	-31		
881	4.4050	0	-31		
882	4.4100	0	-30		
883	4.4150	0	-30		
884	4.4200	0	-29		
885	4.4250	0	-29		
886	4.4300	-1	-28		
887	4.4350	-1	-28		
888	4.4400	-2	-27		
889	4.4450	-2	-26		
890	4.4500	-2	-26		
891	4.4550	-2	-24		
892	4.4600	-3	-24		
893	4.4650	-3	-23		
894	4.4700	-4	-22		
895	4.4750	-4	-22		
896	4.4800	-4	-20		
897	4.4850	-5	-20		
898	4.4900	-5	-19		
899	4.4950	-6	-18		
900	4.5000	-6	-17		
901	4.5050	-6	-16		
902	4.5100	-7	-15		
903	4.5150	-8	-14		
904	4.5200	-8	-13		
905	4.5250	-8	-12		
906	4.5300	-9	-11		
907	4.5350	-10	-10		
908	4.5400	-10	-9		
909	4.5450	-10	-8		
910	4.5500	-11	-7		
911	4.5550	-12	-6		
912	4.5600	-12	-5		
913	4.5650	-13	-4		
914	4.5700	-14	-2		
915	4.5750	-14	-2		
916	4.5800	-14	0		
917	4.5850	-15	0		
918	4.5900	-16	2		
919	4.5950	-16	2		
920	4.6000	-16	4		
921	4.6050	-17	4		
922	4.6100	-18	6		
923	4.6150	-18	6		
924	4.6200	-19	8		
925	4.6250	-20	8		
926	4.6300	-20	10		
927	4.6350	-20	10		
928	4.6400	-21	12		
929	4.6450	-22	12		
930	4.6500	-22	13		
931	4.6550	-22	14		
932	4.6600	-23	15		
933	4.6650	-24	16		
934	4.6700	-24	16		
935	4.6750	-24	17		
936	4.6800	-24	18		
937	4.6850	-25	19		
938	4.6900	-26	20		
939	4.6950	-26	20		
940	4.7000	-26	21		
941	4.7050	-26	22		
942	4.7100	-27	22		
943	4.7150	-27	22		
944	4.7200	-28	23		
945	4.7250	-28	24		
946	4.7300	-28	24		
947	4.7350	-28	24		
948	4.7400	-29	25		
949	4.7450	-29	25		
950	4.7500	-29	26		
951	4.7550	-30	26		
952	4.7600	-30	26		
953	4.7650	-30	26		
954	4.7700	-30	26		
955	4.7750	-30	27		
956	4.7800	-30	27		
957	4.7850	-30	27		
958	4.7900	-30	27		
959	4.7950	-30	27		
960	4.8000	-30	27		
961	4.8050	-30	27		
962	4.8100	-30	27		
963	4.8150	-30	26		
964	4.8200	-30	26		
965	4.8250	-30	26		
966	4.8300	-30	26		
967	4.8350	-30	26		
968	4.8400	-30	26		
969	4.8450	-30	25		
970	4.8500	-30	25		
971	4.8550	-30	24		
972	4.8600	-30	24		
973	4.8650	-30	23		
974	4.8700	-29	23		
975	4.8750	-29	22		
976	4.8800	-28	22		
977	4.8850	-28	21		
978	4.8900	-28	20		
979	4.8950	-28	20		
980	4.9000	-28	19		
981	4.9050	-27	18		
982	4.9100	-26	18		
983	4.9150	-26	17		
984	4.9200	-26	16		
985	4.9250	-26	15		
986	4.9300	-25	14		
987	4.9350	-25	14		
988	4.9400	-24	13		
989	4.9450	-24	12		
990	4.9500	-24	11		
991	4.9550	-23	10		
992	4.9600	-22	9		
993	4.9650	-22	8		
994	4.9700	-22	7		
995	4.9750	-21	6		
996	4.9800	-20	5		
997	4.9850	-20	4		
998	4.9900	-20	3		
999	4.9950	-19	2		
1000	5.0000	-18	1		
1001	5.0050	-18	0		
1002	5.0100	-18	-1		
1003	5.0150	-17	-2		
1004	5.0200	-16	-3		
1005	5.0250	-16	-4		
1006	5.0300	-16	-5		
1007	5.0350	-15	-6		
1008	5.0400	-14	-8		
1009	5.0450	-14	-8		
1010	5.0500	-13	-10		
1011	5.0550	-12	-10		
1012	5.0600	-12	-12		
1013	5.0650	-12	-12		
1014	5.0700	-11	-14		
1015	5.0750	-10	-14		
1016	5.0800	-10	-16		
1017	5.0850	-10	-16		
1018	5.0900	-9	-18		
1019	5.0950	-8	-18		
1020	5.1000	-8	-19		
1021	5.1050	-8	-20		
1022	5.1100	-7	-21		
1023	5.1150	-6	-22		
1024	5.1200	-6	-23		
1025	5.1250	-6	-24		
1026	5.1300	-5	-24		
1027	5.1350	-4	-25		
1028	5.1400	-4	-26		
1029	5.1450	-4	-26		
1030	5.1500	-4	-27		
1031	5.1550	-3	-28		
1032	5.1600	-2	-28		
1033	5.1650	-2	-29		
1034	5.1700	-2	-30		
1035	5.1750	-2	-30		
1036	5.1800	-2	-31		
1037	5.1850	-1	-31		
1038	5.1900	-1	-32		
1039	5.1950	0	-32		
1040	5.2000	0	-32		
1041	5.2050	0	-33		
1042	5.2100	0	-33		
1043	5.2150	0	-33		
1044	5.2200	0	-34		
1045	5.2250	0	-34		
1046	5.2300	1	-34		
1047	5.2350	1	-34		
1048	5.2400	1	-34		
1049	5.2450	1	-34		
1050	5.2500	1	-34		
1051	5.2550	1	-34		
1052	5.2600	1	-34		
1053	5.2650	1	-34		
1054	5.2700	1	-34		
1055	5.2750	1	-34		
1056	5.2800	1	-34		
1057	5.2850	1	-33		
1058	5.2900	1	-33		
1059	5.2950	1	-32		
1060	5.3000	1	-32		
1061	5.3050	0	-32		
1062	5.3100	0	-32		
1063	5.3150	0	-31		
1064	5.3200	0	-30		
1065	5.3250	0	-30		
1066	5.3300	0	-30		
1067	5.3350	0	-29		
1068	5.3400	-1	-28		
1069	5.3450	-1	-28		
1070	5.3500	-2	-27		
1071	5.3550	-2	-26		
1072	5.3600	-2	-26		
1073	5.3650	-2	-25		
1074	5.3700	-3	-24		
1075	5.3750	-3	-23		
1076	5.3800	-4	-22		
1077	5.3850	-4	-22		
1078	5.3900	-4	-21		
1079	5.3950	-5	-20		
1080	5.4000	-5	-19		
1081	5.4050	-6	-18		
1082	5.4100	-6	-17		
1083	5.4150	-7	-16		
1084	5.4200	-7	-15		
1085	5.4250	-8	-14		
1086	5.4300	-8	-13		
1087	5.4350	-8	-12		
1088	5.4400	-9	-11		
1089	5.4450	-10	-10		
1090	5.4500	-10	-9		
1091	5.4550	-11	-8		
1092	5.4600	-12	-7		
1093	5.4650	-12	-6		
1094	5.4700	-12	-5		
1095	5.4750	-13	-4		
1096	5.4800	-14	-3		
1097	5.4850	-14	-2		
1098	5.4900	-14	-1		
1099	5.4950	-15	0		
1100	5.5000	-16	1		
1101	5.5050	-16	2		
1102	5.5100	-17	3		
1103	5.5150	-18	4		
1104	5.5200	-18	5		
1105	5.5250	-18	6		
1106	5.5300	-19	7		
1107	5.5350	-20	8		
1108	5.5400	-20	9		
1109	5.5450	-20	10		
1110	5.5500	-21	11		
1111	5.5550	-22	12		
1112	5.5600	-22	13		
1113	5.5650	-22	14		
1114	5.5700	-23	14		
1115	5.5750	-24	16		
1116	5.5800	-24	16		
1117	5.5850	-24	17		
1118	5.5900	-25	18		
1119	5.5950	-25	18		
1120	5.6000	-26	19		
1121	5.6050	-26	20		
1122	5.6100	-26	20		
1123	5.6150	-26	21		
1124	5.6200	-27	22		
1125	5.6250	-28	22		
1126	5.6300	-28	23		
1127	5.6350	-28	24		
1128	5.6400	-28	24		
1129	5.6450	-28	24		
1130	5.6500	-29	25		
1131	5.6550	-29	25		
1132	5.6600	-29	26		
1133	5.6650	-30	26		
1134	5.6700	-30	26		
1135	5.6750	-30	26		
1136	5.6800	-30	26		
1137	5.6850	-30	26		
1138	5.6900	-30	27		
1139	5.6950	-30	27		
1140	5.7000	-30	27		
1141	5.7050	-30	27		
1142	5.7100	-30	27		
1143	5.7150	-30	27		
1144	5.7200	-30	27		
1145	5.7250	-30	26		
1146	5.7300	-30	26		
1147	5.7350	-30	26		
1148	5.7400	-30	26		
1149	5.7450	-30	26		
1150	5.7500	-30	26		
1151	5.7550	-30	25		
1152	5.7600	-30	25		
1153	5.7650	-30	24		
1154	5.7700	-30	24		
1155	5.7750	-29	24		
1156	5.7800	-29	23		
1157	5.7850	-29	22		
1158	5.7900	-28	22		
1159	5.7950	-28	21		
1160	5.8000	-28	20		
1161	5.8050	-28	20		
1162	5.8100	-28	19		
1163	5.8150	-27	18		
1164	5.8200	-26	18		
1165	5.8250	-26	17		
1166	5.8300	-26	16		
1167	5.8350	-26	15		
1168	5.8400	-25	14		
1169	5.8450	-25	14		
1170	5.8500	-24	13		
1171	5.8550	-24	12		
1172	5.8600	-24	11		
1173	5.8650	-23	10		
1174	5.8700	-22	9		
1175	5.8750	-22	8		
1176	5.8800	-22	7		
1177	5.8850	-21	6		
1178	5.8900	-20	5		
1179	5.8950	-20	4		
1180	5.9000	-20	3		
1181	5.9050	-19	2		
1182	5.9100	-18	1		
1183	5.9150	-18	0		
1184	5.9200	-18	-1		
1185	5.9250	-17	-2		
1186	5.9300	-16	-3		
1187	5.9350	-16	-4		
1188	5.9400	-15	-5		
1189	5.9450	-14	-6		
1190	5.9500	-14	-7		
1191	5.9550	-14	-8		
1192	5.9600	-13	-10		
1193	5.9650	-12	-10		
1194	5.9700	-12	-12		
1195	5.9750	-12	-12		
1196	5.9800	-11	-14		
1197	5.9850	-10	-14		
1198	5.9900	-10	-15		
1199	5.9950	-10	-16		
1200	6.0000	-9	-17		
1201	6.0050	-8	-18		
1202	6.0100	-8	-19		
1203	6.0150	-8	-20		
1204	6.0200	-7	-21		
1205	6.0250	-6	-22		
1206	6.0300	-6	-22		
1207	6.0350	-6	-24		
1208	6.0400	-5	-24		
1209	6.0450	-4	-25		
1210	6.0500	-4	-26		
1211	6.0550	-4	-26		
1212	6.0600	-4	-27		
1213	6.0650	-3	-28		
1214	6.0700	-2	-28		
1215	6.0750	-2	-29		
1216	6.0800	-2	-30		
1217	6.0850	-2	-30		
1218	6.0900	-2	-30		
1219	6.0950	-1	-31		
1220	6.1000	-1	-32		
1221	6.1050	0	-32		
1222	6.1100	0	-32		
1223	6.1150	0	-32		
1224	6.1200	0	-33		
1225	6.1250	0	-33		
1226	6.1300	0	-33		
1227	6.1350	0	-34		
1228	6.1400	1	-34		
1229	6.1450	1	-34		
1230	6.1500	1	-34		
1231	6.1550	1	-34		
1232	6.1600	1	-34		
1233	6.1650	1	-34		
1234	6.1700	1	-34		
1235	6.1750	1	-34		
1236	6.1800	1	-34		
1237	6.1850	1	-34		
1238	6.1900	1	-33		
1239	6.1950	1	-33		
1240	6.2000	1	-33		
1241	6.2050	1	-32		
1242	6.2100	0	-32		
1243	6.2150	0	-32		
1244	6.2200	0	-31		
1245	6.2250	0	-31		
1246	6.2300	0	-30		
1247	6.2350	0	-30		
1248	6.2400	0	-30		
1249	6.2450	-1	-29		
1250	6.2500	-1	-28		
1251	6.2550	-2	-28		
1252	6.2600	-2	-27		
1253	6.2650	-2	-26		
1254	6.2700	-2	-26		
1255	6.2750	-2	-25		
1256	6.2800	-3	-24		
1257	6.2850	-4	-23		
1258	6.2900	-4	-22		
1259	6.2950	-4	-22		
1260	6.3000	-4	-21		
1261	6.3050	-5	-20		
1262	6.3100	-6	-19		
1263	6.3150	-6	-18		
1264	6.3200	-6	-17		
1265	6.3250	-7	-16		
1266	6.3300	-8	-15		
1267	6.3350	-8	-14		
1268	6.3400	-8	-13		
1269	6.3450	-9	-12		
1270	6.3500	-10	-11		
1271	6.3550	-10	-10		
1272	6.3600	-10	-9		
1273	6.3650	-11	-8		
1274	6.3700	-12	-7		
1275	6.3750	-12	-6		
1276	6.3800	-12	-5		
1277	6.3850	-13	-4		
1278	6.3900	-14	-3		
1279	6.3950	-14	-2		
1280	6.4000	-15	-1		
1281	6.4050	-16	0		
1282	6.4100	-16	1		
1283	6.4150	-16	2		
1284	6.4200	-17	3		
1285	6.4250	-18	4		
1286	6.4300	-18	5		
1287	6.4350	-18	6		
1288	6.4400	-19	7		
1289	6.4450	-20	8		
1290	6.4500	-20	9		
1291	6.4550	-20	10		
1292	6.4600	-21	11		
1293	6.4650	-22	12		
1294	6.4700	-22	13		
1295	6.4750	-22	14		
1296	6.4800	-23	14		
1297	6.4850	-24	16		
1298	6.4900	-24	16		
1299	6.4950	-24	17		
1300	6.5000	-25	18		
1301	6.5050	-26	18		
1302	6.5100	-26	19		
1303	6.5150	-26	20		
1304	6.5200	-26	20		
1305	6.5250	-27	21		
1306	6.5300	-27	22		
1307	6.5350	-28	22		
1308	6.5400	-28	23		
1309	6.5450	-28	24		
1310	6.5500	-28	24		
1311	6.5550	-28	24		
1312	6.5600	-29	25		
1313	6.5650	-29	25		
1314	6.5700	-29	26		
1315	6.5750	-30	26		
1316	6.5800	-30	26		
1317	6.5850	-30	26		
1318	6.5900	-30	26		
1319	6.5950	-30	26		
1320	6.6000	-30	27		
1321	6.6050	-30	27		
1322	6.6100	-30	27		
1323	6.6150	-30	27		
1324	6.6200	-30	27		
1325	6.6250	-30	27		
1326	6.6300	-30	27		
1327	6.6350	-30	26		
1328	6.6400	-30	26		
1329	6.6450	-30	26		
1330	6.6500	-30	26		
1331	6.6550	-30	26		
1332	6.6600	-30	26		
1333	6.6650	-30	25		
1334	6.6700	-30	25		
1335	6.6750	-30	24		
1336	6.6800	-30	24		
1337	6.6850	-29	24		
1338	6.6900	-29	23		
1339	6.6950	-29	22		
1340	6.7000	-28	22		
1341	6.7050	-28	21		
1342	6.7100	-28	20		
1343	6.7150	-28	20		
1344	6.7200	-27	19		
1345	6.7250	-27	18		
1346	6.7300	-26	18		
1347	6.7350	-26	17		
1348	6.7400	-26	16		
1349	6.7450	-26	16		
1350	6.7500	-25	14		
1351	6.7550	-24	14		
1352	6.7600	-24	13		
1353	6.7650	-24	12		
1354	6.7700	-24	11		
1355	6.7750	-23	10		
1356	6.7800	-22	9		
1357	6.7850	-22	8		
1358	6.7900	-22	7		
1359	6.7950	-21	6		
1360	6.8000	-20	5		
1361	6.8050	-20	4		
1362	6.8100	-20	3		
1363	6.8150	-19	2		
1364	6.8200	-18	1		
1365	6.8250	-18	0		
1366	6.8300	-17	-1		
1367	6.8350	-16	-2		
1368	6.8400	-16	-3		
1369	6.8450	-16	-4		
1370	6.8500	-15	-5		
1371	6.8550	-14	-6		
1372	6.8600	-14	-7		
1373	6.8650	-14	-8		
1374	6.8700	-13	-9		
1375	6.8750	-12	-10		
1376	6.8800	-12	-11		
1377	6.8850	-12	-12		
1378	6.8900	-11	-13		
1379	6.8950	-10	-14		
1380	6.9000	-10	-15		
1381	6.9050	-9	-16		
1382	6.9100	-8	-17		
1383	6.9150	-8	-18		
1384	6.9200	-8	-19		
1385	6.9250	-7	-20		
1386	6.9300	-6	-21		
1387	6.9350	-6	-22		
1388	6.9400	-6	-22		
1389	6.9450	-6	-23		
1390	6.9500	-5	-24		
1391	6.9550	-4	-25		
1392	6.9600	-4	-26		
1393	6.9650	-4	-26		
1394	6.9700	-4	-27		
1395	6.9750	-3	-28		
1396	6.9800	-2	-28		
1397	6.9850	-2	-29		
1398	6.9900	-2	-29		
1399	6.9950	-2	-30		
1400	7.0000	-1	-30		
1401	7.0050	-1	-31		
1402	7.0100	0	-31		
1403	7.0150	0	-32		
1404	7.0200	0	-32		
1405	7.0250	0	-32		
1406	7.0300	0	-32		
1407	7.0350	0	-33		
1408	7.0400	0	-33		
1409	7.0450	0	-33		
1410	7.0500	1	-34		
1411	7.0550	1	-34		
1412	7.0600	1	-34		
1413	7.0650	1	-34		
1414	7.0700	1	-34		
1415	7.0750	1	-34		
1416	7.0800	1	-34		
1417	7.0850	1	-34		
1418	7.0900	1	-34		
1419	7.0950	1	-33		
1420	7.1000	1	-33		
1421	7.1050	1	-33		
1422	7.1100	1	-32		
1423	7.1150	1	-32		
1424	7.1200	0	-32		
1425	7.1250	0	-32		
1426	7.1300	0	-31		
1427	7.1350	0	-31		
1428	7.1400	0	-30		
1429	7.1450	0	-30		
1430	7.1500	0	-29		
1431	7.1550	-1	-29		
1432	7.1600	-1	-28		
1433	7.1650	-2	-28		
1434	7.1700	-2	-27		
1435	7.1750	-2	-26		
1436	7.1800	-2	-26		
1437	7.1850	-2	-25		
1438	7.1900	-3	-24		
1439	7.1950	-4	-23		
1440	7.2000	-4	-22		
1441	7.2050	-4	-22		
1442	7.2100	-4	-21		
1443	7.2150	-5	-20		
1444	7.2200	-6	-19		
1445	7.2250	-6	-18		
1446	7.2300	-6	-17		
1447	7.2350	-7	-16		
1448	7.2400	-8	-15		
1449	7.2450	-8	-14		
1450	7.2500	-8	-13		
1451	7.2550	-9	-12		
1452	7.2600	-10	-11		
1453	7.2650	-10	-10		
1454	7.2700	-10	-9		
1455	7.2750	-11	-8		
1456	7.2800	-12	-7		
1457	7.2850	-12	-6		
1458	7.2900	-12	-5		
1459	7.2950	-13	-4		
1460	7.3000	-14	-3		
1461	7.3050	-14	-2		
1462	7.3100	-15	-1		
1463	7.3150	-16	0		
1464	7.3200	-16	1		
1465	7.3250	-16	2		
1466	7.3300	-17	3		
1467	7.3350	-18	4		
1468	7.3400	-18	5		
1469	7.3450	-18	6		
1470	7.3500	-19	7		
1471	7.3550	-20	8		
1472	7.3600	-20	9		
1473	7.3650	-21	10		
1474	7.3700	-21	11		
1475	7.3750	-22	12		
1476	7.3800	-22	12		
1477	7.3850	-22	14		
1478	7.3900	-23	14		
1479	7.3950	-24	15		
1480	7.4000	-24	16		
1481	7.4050	-24	17		
1482	7.4100	-25	18		
1483	7.4150	-26	18		
1484	7.4200	-26	19		
1485	7.4250	-26	20		
1486	7.4300	-26	20		
1487	7.4350	-27	21		
1488	7.4400	-27	22		
1489	7.4450	-28	22		
1490	7.4500	-28	22		
1491	7.4550	-28	23		
1492	7.4600	-28	24		
1493	7.4650	-28	24		
1494	7.4700	-29	24		
1495	7.4750	-29	25		
1496	7.4800	-30	25		
1497	7.4850	-30	26		
1498	7.4900	-30	26		
1499	7.4950	-30	26		
1500	7.5000	-30	26		
1501	7.5050	-30	26		
1502	7.5100	-30	26		
1503	7.5150	-30	26		
1504	7.5200	-30	26		
1505	7.5250	-30	26		
1506	7.5300	-30	26		
1507	7.5350	-30	26		
1508	7.5400	-30	26		
1509	7.5450	-30	26		
1510	7.5500	-30	26		
1511	7.5550	-30	26		
1512	7.5600	-30	26		
1513	7.5650	-30	26		
1514	7.5700	-30	25		
1515	7.5750	-30	25		
1516	7.5800	-30	24		
1517	7.5850	-30	24		
1518	7.5900	-30	24		
1519	7.5950	-29	23		
1520	7.6000	-29	22		
1521	7.6050	-28	22		
1522	7.6100	-28	22		
1523	7.6150	-28	21		
1524	7.6200	-28	20		
1525	7.6250	-28	20		
1526	7.6300	-27	19		
1527	7.6350	-27	18		
1528	7.6400	-26	18		
1529	7.6450	-26	17		
1530	7.6500	-26	16		
1531	7.6550	-26	15		
1532	7.6600	-25	14		
1533	7.6650	-24	14		
1534	7.6700	-24	12		
1535	7.6750	-24	12		
1536	7.6800	-23	11		
1537	7.6850	-23	10		
1538	7.6900	-22	9		
1539	7.6950	-22	8		
1540	7.7000	-22	7		
1541	7.7050	-21	6		
1542	7.7100	-20	5		
1543	7.7150	-20	4		
1544	7.7200	-19	3		
1545	7.7250	-18	2		
1546	7.7300	-18	1		
1547	7.7350	-18	0		
1548	7.7400	-17	-1		
1549	7.7450	-16	-2		
1550	7.7500	-16	-3		
1551	7.7550	-16	-4		
1552	7.7600	-15	-5		
1553	7.7650	-14	-6		
1554	7.7700	-14	-7		
1555	7.7750	-14	-8		
1556	7.7800	-13	-9		
1557	7.7850	-12	-10		
1558	7.7900	-12	-11		
1559	7.7950	-11	-12		
1560	7.8000	-10	-13		
1561	7.8050	-10	-14		
1562	7.8100	-10	-15		
1563	7.8150	-9	-16		
1564	7.8200	-8	-17		
1565	7.8250	-8	-18		
1566	7.8300	-8	-19		
1567	7.8350	-7	-20		
1568	7.8400	-6	-21		
1569	7.8450	-6	-22		
1570	7.8500	-6	-22		
1571	7.8550	-5	-23		
1572	7.8600	-5	-24		
1573	7.8650	-4	-25		
1574	7.8700	-4	-26		
1575	7.8750	-4	-26		
1576	7.8800	-3	-27		
1577	7.8850	-3	-28		
1578	7.8900	-2	-28		
1579	7.8950	-2	-28		
1580	7.9000	-2	-29		
1581	7.9050	-2	-30		
1582	7.9100	-1	-30		
1583	7.9150	-1	-31		
1584	7.9200	0	-31		
1585	7.9250	0	-32		
1586	7.9300	0	-32		
1587	7.9350	0	-32		
1588	7.9400	0	-32		
1589	7.9450	0	-33		
1590	7.9500	0	-33		
1591	7.9550	0	-33		
1592	7.9600	1	-34		
1593	7.9650	1	-34		
1594	7.9700	1	-34		
1595	7.9750	1	-34		
1596	7.9800	1	-34		
1597	7.9850	1	-34		
1598	7.9900	1	-34		
1599	7.9950	1	-34		
1600	8.0000	1	-33		
1601	8.0050	1	-33		
1602	8.0100	1	-33		
1603	8.0150	1	-33		
1604	8.0200	1	-32		
1605	8.0250	1	-32		
1606	8.0300	0	-32		
1607	8.0350	0	-32		
1608	8.0400	0	-31		
1609	8.0450	0	-30		
1610	8.0500	0	-30		
1611	8.0550	0	-30		
1612	8.0600	0	-29		
1613	8.0650	-1	-28		
1614	8.0700	-1	-28		
1615	8.0750	-2	-28		
1616	8.0800	-2	-27		
1617	8.0850	-2	-26		
1618	8.0900	-2	-25		
1619	8.0950	-3	-24		
1620	8.1000	-3	-24		
1621	8.1050	-4	-23		
1622	8.1100	-4	-22		
1623	8.1150	-4	-22		
1624	8.1200	-5	-20		
1625	8.1250	-5	-20		
1626	8.1300	-6	-19		
1627	8.1350	-6	-18		
1628	8.1400	-6	-17		
1629	8.1450	-7	-16		
1630	8.1500	-8	-15		
1631	8.1550	-8	-14		
1632	8.1600	-8	-13		
1633	8.1650	-9	-12		
1634	8.1700	-10	-11		
1635	8.1750	-10	-10		
1636	8.1800	-10	-9		
1637	8.1850	-11	-8		
1638	8.1900	-12	-7		
1639	8.1950	-12	-6		
1640	8.2000	-13	-5		
1641	8.2050	-14	-4		
1642	8.2100	-14	-3		
1643	8.2150	-14	-2		
1644	8.2200	-15	-1		
1645	8.2250	-16	0		
1646	8.2300	-16	1		
1647	8.2350	-16	2		
1648	8.2400	-17	3		
1649	8.2450	-18	4		
1650	8.2500	-18	5		
1651	8.2550	-19	6		
1652	8.2600	-20	7		
1653	8.2650	-20	8		
1654	8.2700	-20	9		
1655	8.2750	-21	10		
1656	8.2800	-22	11		
1657	8.2850	-22	12		
1658	8.2900	-22	12		
1659	8.2950	-23	13		
1660	8.3000	-23	14		
1661	8.3050	-24	15		
1662	8.3100	-24	16		
1663	8.3150	-24	16		
1664	8.3200	-25	18		
1665	8.3250	-26	18		
1666	8.3300	-26	19		
1667	8.3350	-26	20		
1668	8.3400	-26	20		
1669	8.3450	-27	21		
1670	8.3500	-27	21		
1671	8.3550	-28	22		
1672	8.3600	-28	22		
1673	8.3650	-28	23		
1674	8.3700	-28	23		
1675	8.3750	-29	24		
1676	8.3800	-29	24		
1677	8.3850	-29	24		
1678	8.3900	-30	25		
1679	8.3950	-30	25		
1680	8.4000	-30	26		
1681	8.4050	-30	26		
1682	8.4100	-30	26		
1683	8.4150	-30	26		
1684	8.4200	-30	26		
1685	8.4250	-30	26		
1686	8.4300	-30	26		
1687	8.4350	-30	26		
1688	8.4400	-30	26		
1689	8.4450	-30	26		
1690	8.4500	-30	26		
1691	8.4550	-30	26		
1692	8.4600	-30	26		
1693	8.4650	-30	26		
1694	8.4700	-30	25		
1695	8.4750	-30	25		
1696	8.4800	-30	25		
1697	8.4850	-30	24		
1698	8.4900	-30	24		
1699	8.4950	-30	24		
1700	8.5000	-30	23		
1701	8.5050	-29	23		
1702	8.5100	-29	22		
1703	8.5150	-28	22		
1704	8.5200	-28	21		
1705	8.5250	-28	20		
1706	8.5300	-28	20		
1707	8.5350	-28	19		
1708	8.5400	-27	18		
1709	8.5450	-27	18		
1710	8.5500	-26	17		
1711	8.5550	-26	16		
1712	8.5600	-26	16		
1713	8.5650	-26	15		
1714	8.5700	-25	14		
1715	8.5750	-24	13		
1716	8.5800	-24	12		
1717	8.5850	-24	12		
1718	8.5900	-23	10		
1719	8.5950	-22	10		
1720	8.6000	-22	9		
1721	8.6050	-22	8		
1722	8.6100	-21	7		
1723	8.6150	-20	6		
1724	8.6200	-20	5		
1725	8.6250	-20	4		
1726	8.6300	-19	3		
1727	8.6350	-18	2		
1728	8.6400	-18	1		
1729	8.6450	-18	0		
1730	8.6500	-17	-1		
1731	8.6550	-16	-2		
1732	8.6600	-16	-3		
1733	8.6650	-16	-4		
1734	8.6700	-15	-5		
1735	8.6750	-14	-6		
1736	8.6800	-14	-7		
1737	8.6850	-13	-8		
1738	8.6900	-12	-9		
1739	8.6950	-12	-10		
1740	8.7000	-12	-11		
1741	8.7050	-11	-12		
1742	8.7100	-10	-13		
1743	8.7150	-10	-14		
1744	8.7200	-10	-15		
1745	8.7250	-9	-16		
1746	8.7300	-8	-17		
1747	8.7350	-8	-18		
1748	8.7400	-8	-19		
1749	8.7450	-7	-20		
1750	8.7500	-6	-20		
1751	8.7550	-6	-21		
1752	8.7600	-6	-22		
1753	8.7650	-5	-23		
1754	8.7700	-4	-24		
1755	8.7750	-4	-24		
1756	8.7800	-4	-25		
1757	8.7850	-4	-26		
1758	8.7900	-3	-26		
1759	8.7950	-3	-27		
1760	8.8000	-2	-28		
1761	8.8050	-2	-28		
1762	8.8100	-2	-29		
1763	8.8150	-2	-30		
1764	8.8200	-1	-30		
1765	8.8250	-1	-30		
1766	8.8300	0	-31		
1767	8.8350	0	-31		
1768	8.8400	0	-32		
1769	8.8450	0	-32		
1770	8.8500	0	-32		
1771	8.8550	0	-32		
1772	8.8600	0	-32		
1773	8.8650	1	-33		
1774	8.8700	1	-33		
1775	8.8750	1	-33		
1776	8.8800	1	-33		
1777	8.8850	1	-33		
1778	8.8900	1	-33		
1779	8.8950	1	-33		
1780	8.9000	1	-33		
1781	8.9050	1	-33		
1782	8.9100	1	-33		
1783	8.9150	1	-33		
1784	8.9200	1	-32		
1785	8.9250	1	-32		
1786	8.9300	1	-32		
1787	8.9350	1	-32		
1788	8.9400	0	-31		
1789	8.9450	0	-31		
1790	8.9500	0	-30		
1791	8.9550	0	-30		
1792	8.9600	0	-30		
1793	8.9650	0	-29		
1794	8.9700	0	-28		
1795	8.9750	-1	-28		
1796	8.9800	-1	-28		
1797	8.9850	-2	-27		
1798	8.9900	-2	-26		
1799	8.9950	-2	-26		
1800	9.0000	-2	-25		
1801	9.0050	-3	-24		
1802	9.0100	-3	-23		
1803	9.0150	-4	-22		
1804	9.0200	-4	-22		
1805	9.0250	-4	-21		
1806	9.0300	-5	-20		
1807	9.0350	-6	-19		
1808	9.0400	-6	-18		
1809	9.0450	-6	-18		
1810	9.0500	-6	-16		
1811	9.0550	-7	-16		
1812	9.0600	-8	-15		
1813	9.0650	-8	-14		
1814	9.0700	-8	-13		
1815	9.0750	-9	-12		
1816	9.0800	-10	-11		
1817	9.0850	-10	-10		
1818	9.0900	-11	-9		
1819	9.0950	-11	-8		
1820	9.1000	-12	-7		
1821	9.1050	-12	-6		
1822	9.1100	-13	-5		
1823	9.1150	-14	-4		
1824	9.1200	-14	-2		
1825	9.1250	-14	-2		
1826	9.1300	-15	0		
1827	9.1350	-16	0		
1828	9.1400	-16	2		
1829	9.1450	-17	2		
1830	9.1500	-18	4		
1831	9.1550	-18	4		
1832	9.1600	-18	6		
1833	9.1650	-19	6		
1834	9.1700	-20	7		
1835	9.1750	-20	8		
1836	9.1800	-20	9		
1837	9.1850	-21	10		
1838	9.1900	-22	11		
1839	9.1950	-22	12		
1840	9.2000	-22	13		
1841	9.2050	-23	14		
1842	9.2100	-24	14		
1843	9.2150	-24	15		
1844	9.2200	-24	16		
1845	9.2250	-25	17		
1846	9.2300	-25	18		
1847	9.2350	-26	18		
1848	9.2400	-26	19		
1849	9.2450	-26	20		
1850	9.2500	-26	20		
1851	9.2550	-27	21		
1852	9.2600	-28	21		
1853	9.2650	-28	22		
1854	9.2700	-28	22		
1855	9.2750	-28	23		
1856	9.2800	-28	23		
1857	9.2850	-29	24		
1858	9.2900	-29	24		
1859	9.2950	-29	24		
1860	9.3000	-30	25		
1861	9.3050	-30	25		
1862	9.3100	-30	25		
1863	9.3150	-30	26		
1864	9.3200	-30	26		
1865	9.3250	-30	26		
1866	9.3300	-30	26		
1867	9.3350	-30	26		
1868	9.3400	-30	26		
1869	9.3450	-30	26		
1870	9.3500	-30	26		
1871	9.3550	-30	26		
1872	9.3600	-30	26		
1873	9.3650	-30	26		
1874	9.3700	-30	26		
1875	9.3750	-30	25		
1876	9.3800	-30	25		
1877	9.3850	-30	25		
1878	9.3900	-30	24		
1879	9.3950	-30	24		
1880	9.4000	-30	24		
1881	9.4050	-30	23		
1882	9.4100	-29	23		
1883	9.4150	-29	22		
1884	9.4200	-29	22		
1885	9.4250	-28	22		
1886	9.4300	-28	21		
1887	9.4350	-28	20		
1888	9.4400	-28	20		
1889	9.4450	-28	19		
1890	9.4500	-27	18		
1891	9.4550	-26	18		
1892	9.4600	-26	17		
1893	9.4650	-26	16		
1894	9.4700	-26	15		
1895	9.4750	-25	14		
1896	9.4800	-25	14		
1897	9.4850	-24	13		
1898	9.4900	-24	12		
1899	9.4950	-24	11		
1900	9.5000	-23	10		
1901	9.5050	-22	9		
1902	9.5100	-22	8		
1903	9.5150	-22	8		
1904	9.5200	-21	6		
1905	9.5250	-20	6		
1906	9.5300	-20	4		
1907	9.5350	-20	4		
1908	9.5400	-19	2		
1909	9.5450	-18	2		
1910	9.5500	-18	0		
1911	9.5550	-18	0		
1912	9.5600	-17	-2		
1913	9.5650	-16	-2		
1914	9.5700	-16	-4		
1915	9.5750	-15	-4		
1916	9.5800	-14	-6		
1917	9.5850	-14	-6		
1918	9.5900	-14	-8		
1919	9.5950	-13	-8		
1920	9.6000	-12	-10		
1921	9.6050	-12	-10		
1922	9.6100	-12	-12		
1923	9.6150	-11	-12		
1924	9.6200	-10	-14		
1925	9.6250	-10	-14		
1926	9.6300	-10	-15		
1927	9.6350	-9	-16		
1928	9.6400	-8	-17		
1929	9.6450	-8	-18		
1930	9.6500	-8	-19		
1931	9.6550	-7	-20		
1932	9.6600	-6	-20		
1933	9.6650	-6	-22		
1934	9.6700	-6	-22		
1935	9.6750	-5	-23		
1936	9.6800	-4	-24		
1937	9.6850	-4	-24		
1938	9.6900	-4	-25		
1939	9.6950	-4	-26		
1940	9.7000	-3	-26		
1941	9.7050	-2	-27		
1942	9.7100	-2	-28		
1943	9.7150	-2	-28		
1944	9.7200	-2	-29		
1945	9.7250	-2	-30		
1946	9.7300	-1	-30		
1947	9.7350	-1	-30		
1948	9.7400	0	-31		
1949	9.7450	0	-31		
1950	9.7500	0	-32		
1951	9.7550	0	-32		
1952	9.7600	0	-32		
1953	9.7650	0	-32		
1954	9.7700	0	-32		
1955	9.7750	1	-32		
1956	9.7800	1	-33		
1957	9.7850	1	-33		
1958	9.7900	1	-33		
1959	9.7950	1	-33		
1960	9.8000	1	-33		
1961	9.8050	1	-33		
1962	9.8100	1	-33		
1963	9.8150	1	-33		
1964	9.8200	1	-32		
1965	9.8250	1	-32		
1966	9.8300	1	-32		
1967	9.8350	1	-32		
1968	9.8400	1	-32		
1969	9.8450	0	-32		
1970	9.8500	0	-31		
1971	9.8550	0	-31		
1972	9.8600	0	-30		
1973	9.8650	0	-30		
1974	9.8700	0	-30		
1975	9.8750	0	-29		
1976	9.8800	-1	-28		
1977	9.8850	-1	-28		
1978	9.8900	-1	-27		
1979	9.8950	-2	-26		
1980	9.9000	-2	-26		
1981	9.9050	-2	-25		
1982	9.9100	-2	-24		
1983	9.9150	-3	-24		
1984	9.9200	-4	-23		
1985	9.9250	-4	-22		
1986	9.9300	-4	-22		
1987	9.9350	-4	-20		
1988	9.9400	-5	-20		
1989	9.9450	-6	-19		
1990	9.9500	-6	-18		
1991	9.9550	-6	-17		
1992	9.9600	-7	-16		
1993	9.9650	-8	-15		
1994	9.9700	-8	-14		
1995	9.9750	-8	-14		
1996	9.9800	-9	-12		
1997	9.9850	-10	-12		
1998	9.9900	-10	-10		
1999	9.9950	-10	-10		
2000	10.0000	-11	-8		
