#	time(s)	count A	count B	count C	count D
1	0.0050	-8	2		
2	0.0100	-8	5		
3	0.0150	-9	8		
4	0.0200	-10	11		
5	0.0250	-10	14		
6	0.0300	-10	16		
7	0.0350	-11	19		
8	0.0400	-12	22		
9	0.0450	-12	24		
10	0.0500	-12	26		
11	0.0550	-13	29		
12	0.0600	-14	32		
13	0.0650	-14	34		
14	0.0700	-14	37		
15	0.0750	-15	39		
16	0.0800	-16	42		
17	0.0850	-16	44		
18	0.0900	-16	46		
19	0.0950	-17	48		
20	0.1000	-18	50		
21	0.1050	-18	52		
22	0.1100	-18	54		
23	0.1150	-19	56		
24	0.1200	-20	58		
25	0.1250	-20	60		
26	0.1300	-20	62		
27	0.1350	-21	64		
28	0.1400	-22	66		
29	0.1450	-22	67		
30	0.1500	-22	68		
31	0.1550	-23	70		
32	0.1600	-24	71		
33	0.1650	-24	72		
34	0.1700	-24	74		
35	0.1750	-24	74		
36	0.1800	-25	76		
37	0.1850	-26	76		
38	0.1900	-26	77		
39	0.1950	-26	78		
40	0.2000	-26	78		
41	0.2050	-27	79		
42	0.2100	-27	80		
43	0.2150	-28	80		
44	0.2200	-28	80		
45	0.2250	-28	80		
46	0.2300	-28	80		
47	0.2350	-28	80		
48	0.2400	-29	80		
49	0.2450	-29	80		
50	0.2500	-29	80		
51	0.2550	-30	80		
52	0.2600	-30	79		
53	0.2650	-30	78		
54	0.2700	-30	78		
55	0.2750	-30	77		
56	0.2800	-30	76		
57	0.2850	-30	76		
58	0.2900	-30	74		
59	0.2950	-30	74		
60	0.3000	-30	72		
61	0.3050	-30	71		
62	0.3100	-30	70		
63	0.3150	-30	68		
64	0.3200	-30	67		
65	0.3250	-30	66		
66	0.3300	-30	64		
67	0.3350	-30	62		
68	0.3400	-30	60		
69	0.3450	-30	58		
70	0.3500	-30	56		
71	0.3550	-30	55		
72	0.3600	-30	53		
73	0.3650	-30	50		
74	0.3700	-29	48		
75	0.3750	-29	46		
76	0.3800	-29	44		
77	0.3850	-28	42		
78	0.3900	-28	40		
79	0.3950	-28	37		
80	0.4000	-28	34		
81	0.4050	-28	32		
82	0.4100	-27	29		
83	0.4150	-27	27		
84	0.4200	-26	24		
85	0.4250	-26	22		
86	0.4300	-26	19		
87	0.4350	-26	16		
88	0.4400	-25	14		
89	0.4450	-24	11		
90	0.4500	-24	8		
91	0.4550	-24	6		
92	0.4600	-24	3		
93	0.4650	-23	0		
94	0.4700	-22	-3		
95	0.4750	-22	-6		
96	0.4800	-22	-8		
97	0.4850	-21	-11		
98	0.4900	-20	-14		
99	0.4950	-20	-16		
100	0.5000	-20	-19		
101	0.5050	-19	-22		
102	0.5100	-18	-25		
103	0.5150	-18	-28		
104	0.5200	-18	-30		
105	0.5250	-17	-33		
106	0.5300	-16	-35		
107	0.5350	-16	-38		
108	0.5400	-16	-40		
109	0.5450	-15	-43		
110	0.5500	-14	-45		
111	0.5550	-14	-48		
112	0.5600	-14	-50		
113	0.5650	-13	-52		
114	0.5700	-12	-54		
115	0.5750	-12	-56		
116	0.5800	-12	-58		
117	0.5850	-11	-60		
118	0.5900	-10	-62		
119	0.5950	-10	-64		
120	0.6000	-10	-66		
121	0.6050	-9	-68		
122	0.6100	-8	-70		
123	0.6150	-8	-72		
124	0.6200	-8	-73		
125	0.6250	-7	-74		
126	0.6300	-6	-76		
127	0.6350	-6	-78		
128	0.6400	-6	-78		
129	0.6450	-6	-80		
130	0.6500	-5	-81		
131	0.6550	-4	-82		
132	0.6600	-4	-83		
133	0.6650	-4	-84		
134	0.6700	-4	-84		
135	0.6750	-3	-85		
136	0.6800	-2	-86		
137	0.6850	-2	-86		
138	0.6900	-2	-86		
139	0.6950	-2	-87		
140	0.7000	-2	-87		
141	0.7050	-1	-87		
142	0.7100	-1	-87		
143	0.7150	0	-87		
144	0.7200	0	-87		
145	0.7250	0	-87		
146	0.7300	0	-86		
147	0.7350	0	-86		
148	0.7400	0	-86		
149	0.7450	0	-85		
150	0.7500	0	-84		
151	0.7550	1	-84		
152	0.7600	1	-82		
153	0.7650	1	-82		
154	0.7700	1	-81		
155	0.7750	1	-80		
156	0.7800	1	-78		
157	0.7850	1	-77		
158	0.7900	1	-76		
159	0.7950	1	-74		
160	0.8000	1	-73		
161	0.8050	1	-71		
162	0.8100	1	-70		
163	0.8150	1	-68		
164	0.8200	1	-66		
165	0.8250	0	-64		
166	0.8300	0	-62		
167	0.8350	0	-60		
168	0.8400	0	-58		
169	0.8450	0	-56		
170	0.8500	0	-54		
171	0.8550	0	-52		
172	0.8600	0	-50		
173	0.8650	-1	-47		
174	0.8700	-1	-45		
175	0.8750	-2	-42		
176	0.8800	-2	-40		
177	0.8850	-2	-38		
178	0.8900	-2	-35		
179	0.8950	-2	-32		
180	0.9000	-3	-30		
181	0.9050	-4	-27		
182	0.9100	-4	-24		
183	0.9150	-4	-22		
184	0.9200	-4	-19		
185	0.9250	-5	-16		
186	0.9300	-6	-14		
187	0.9350	-6	-11		
188	0.9400	-6	-8		
189	0.9450	-6	-6		
190	0.9500	-7	-2		
191	0.9550	-8	0		
192	0.9600	-8	3		
193	0.9650	-8	6		
194	0.9700	-9	8		
195	0.9750	-10	11		
196	0.9800	-10	14		
197	0.9850	-10	16		
198	0.9900	-11	19		
199	0.9950	-12	22		
200	1.0000	-12	24		
201	1.0050	-12	27		
202	1.0100	-13	30		
203	1.0150	-14	32		
204	1.0200	-14	34		
205	1.0250	-14	37		
206	1.0300	-15	39		
207	1.0350	-16	42		
208	1.0400	-16	44		
209	1.0450	-17	46		
210	1.0500	-17	48		
211	1.0550	-18	50		
212	1.0600	-18	52		
213	1.0650	-19	54		
214	1.0700	-19	56		
215	1.0750	-20	58		
216	1.0800	-20	60		
217	1.0850	-21	62		
218	1.0900	-21	63		
219	1.0950	-22	65		
220	1.1000	-22	66		
221	1.1050	-22	68		
222	1.1100	-23	69		
223	1.1150	-24	70		
224	1.1200	-24	72		
225	1.1250	-24	73		
226	1.1300	-25	74		
227	1.1350	-25	75		
228	1.1400	-26	76		
229	1.1450	-26	76		
230	1.1500	-26	77		
231	1.1550	-26	78		
232	1.1600	-27	78		
233	1.1650	-27	79		
234	1.1700	-28	79		
235	1.1750	-28	80		
236	1.1800	-28	80		
237	1.1850	-28	80		
238	1.1900	-28	80		
239	1.1950	-29	80		
240	1.2000	-29	79		
241	1.2050	-29	79		
242	1.2100	-30	78		
243	1.2150	-30	78		
244	1.2200	-30	78		
245	1.2250	-30	77		
246	1.2300	-30	76		
247	1.2350	-30	76		
248	1.2400	-30	74		
249	1.2450	-30	74		
250	1.2500	-30	72		
251	1.2550	-30	71		
252	1.2600	-30	70		
253	1.2650	-30	69		
254	1.2700	-30	68		
255	1.2750	-30	66		
256	1.2800	-30	64		
257	1.2850	-30	63		
258	1.2900	-30	61		
259	1.2950	-30	59		
260	1.3000	-30	58		
261	1.3050	-30	56		
262	1.3100	-30	54		
263	1.3150	-30	52		
264	1.3200	-30	50		
265	1.3250	-29	47		
266	1.3300	-29	45		
267	1.3350	-28	43		
268	1.3400	-28	41		
269	1.3450	-28	38		
270	1.3500	-28	36		
271	1.3550	-28	34		
272	1.3600	-28	31		
273	1.3650	-27	28		
274	1.3700	-26	26		
275	1.3750	-26	24		
276	1.3800	-26	21		
277	1.3850	-26	18		
278	1.3900	-26	16		
279	1.3950	-25	13		
280	1.4000	-24	10		
281	1.4050	-24	7		
282	1.4100	-24	4		
283	1.4150	-23	2		
284	1.4200	-23	-1		
285	1.4250	-22	-4		
286	1.4300	-22	-6		
287	1.4350	-22	-9		
288	1.4400	-21	-12		
289	1.4450	-20	-14		
290	1.4500	-20	-17		
291	1.4550	-20	-20		
292	1.4600	-19	-22		
293	1.4650	-18	-25		
294	1.4700	-18	-28		
295	1.4750	-18	-30		
296	1.4800	-17	-33		
297	1.4850	-16	-36		
298	1.4900	-16	-38		
299	1.4950	-16	-40		
300	1.5000	-15	-43		
301	1.5050	-14	-46		
302	1.5100	-14	-48		
303	1.5150	-14	-50		
304	1.5200	-13	-52		
305	1.5250	-12	-54		
306	1.5300	-12	-56		
307	1.5350	-12	-58		
308	1.5400	-11	-60		
309	1.5450	-10	-62		
310	1.5500	-10	-64		
311	1.5550	-10	-66		
312	1.5600	-9	-68		
313	1.5650	-8	-70		
314	1.5700	-8	-71		
315	1.5750	-8	-73		
316	1.5800	-7	-74		
317	1.5850	-6	-76		
318	1.5900	-6	-77		
319	1.5950	-6	-78		
320	1.6000	-5	-79		
321	1.6050	-5	-80		
322	1.6100	-4	-82		
323	1.6150	-4	-82		
324	1.6200	-4	-83		
325	1.6250	-4	-84		
326	1.6300	-3	-84		
327	1.6350	-2	-85		
328	1.6400	-2	-86		
329	1.6450	-2	-86		
330	1.6500	-2	-86		
331	1.6550	-2	-86		
332	1.6600	-1	-86		
333	1.6650	-1	-86		
334	1.6700	0	-86		
335	1.6750	0	-86		
336	1.6800	0	-86		
337	1.6850	0	-86		
338	1.6900	0	-85		
339	1.6950	0	-85		
340	1.7000	0	-84		
341	1.7050	0	-83		
342	1.7100	1	-82		
343	1.7150	1	-82		
344	1.7200	1	-81		
345	1.7250	1	-80		
346	1.7300	1	-78		
347	1.7350	1	-77		
348	1.7400	1	-76		
349	1.7450	1	-75		
350	1.7500	1	-73		
351	1.7550	1	-72		
352	1.7600	1	-70		
353	1.7650	1	-68		
354	1.7700	1	-67		
355	1.7750	1	-65		
356	1.7800	0	-63		
357	1.7850	0	-61		
358	1.7900	0	-59		
359	1.7950	0	-57		
360	1.8000	0	-55		
361	1.8050	0	-53		
362	1.8100	0	-50		
363	1.8150	-1	-48		
364	1.8200	-1	-46		
365	1.8250	-1	-44		
366	1.8300	-2	-41		
367	1.8350	-2	-39		
368	1.8400	-2	-36		
369	1.8450	-2	-34		
370	1.8500	-3	-32		
371	1.8550	-3	-29		
372	1.8600	-4	-26		
373	1.8650	-4	-24		
374	1.8700	-4	-21		
375	1.8750	-4	-18		
376	1.8800	-5	-16		
377	1.8850	-6	-13		
378	1.8900	-6	-10		
379	1.8950	-6	-8		
380	1.9000	-7	-5		
381	1.9050	-8	-2		
382	1.9100	-8	1		
383	1.9150	-8	4		
384	1.9200	-9	6		
385	1.9250	-9	9		
386	1.9300	-10	12		
387	1.9350	-10	14		
388	1.9400	-10	17		
389	1.9450	-11	20		
390	1.9500	-12	22		
391	1.9550	-12	24		
392	1.9600	-13	27		
393	1.9650	-13	30		
394	1.9700	-14	32		
395	1.9750	-14	34		
396	1.9800	-15	37		
397	1.9850	-16	39		
398	1.9900	-16	42		
399	1.9950	-16	44		
400	2.0000	-17	46		
401	2.0050	-18	48		
402	2.0100	-18	50		
403	2.0150	-18	52		
404	2.0200	-19	54		
405	2.0250	-20	56		
406	2.0300	-20	58		
407	2.0350	-20	60		
408	2.0400	-21	62		
409	2.0450	-22	63		
410	2.0500	-22	65		
411	2.0550	-22	66		
412	2.0600	-23	68		
413	2.0650	-23	69		
414	2.0700	-24	70		
415	2.0750	-24	71		
416	2.0800	-24	72		
417	2.0850	-25	74		
418	2.0900	-25	74		
419	2.0950	-26	75		
420	2.1000	-26	76		
421	2.1050	-26	76		
422	2.1100	-26	77		
423	2.1150	-27	78		
424	2.1200	-28	78		
425	2.1250	-28	78		
426	2.1300	-28	78		
427	2.1350	-28	79		
428	2.1400	-28	79		
429	2.1450	-29	79		
430	2.1500	-29	78		
431	2.1550	-29	78		
432	2.1600	-30	78		
433	2.1650	-30	78		
434	2.1700	-30	77		
435	2.1750	-30	76		
436	2.1800	-30	76		
437	2.1850	-30	75		
438	2.1900	-30	74		
439	2.1950	-30	74		
440	2.2000	-30	72		
441	2.2050	-30	71		
442	2.2100	-30	70		
443	2.2150	-30	69		
444	2.2200	-30	68		
445	2.2250	-30	66		
446	2.2300	-30	65		
447	2.2350	-30	63		
448	2.2400	-30	62		
449	2.2450	-30	60		
450	2.2500	-30	58		
451	2.2550	-30	56		
452	2.2600	-30	54		
453	2.2650	-30	52		
454	2.2700	-30	50		
455	2.2750	-30	48		
456	2.2800	-29	46		
457	2.2850	-29	44		
458	2.2900	-28	42		
459	2.2950	-28	40		
460	2.3000	-28	37		
461	2.3050	-28	35		
462	2.3100	-28	32		
463	2.3150	-27	30		
464	2.3200	-27	27		
465	2.3250	-26	25		
466	2.3300	-26	22		
467	2.3350	-26	20		
468	2.3400	-26	17		
469	2.3450	-25	14		
470	2.3500	-25	12		
471	2.3550	-24	9		
472	2.3600	-24	6		
473	2.3650	-24	4		
474	2.3700	-23	1		
475	2.3750	-22	-2		
476	2.3800	-22	-4		
477	2.3850	-22	-7		
478	2.3900	-22	-10		
479	2.3950	-21	-12		
480	2.4000	-20	-15		
481	2.4050	-20	-18		
482	2.4100	-20	-20		
483	2.4150	-19	-23		
484	2.4200	-18	-26		
485	2.4250	-18	-28		
486	2.4300	-18	-31		
487	2.4350	-17	-34		
488	2.4400	-16	-36		
489	2.4450	-16	-38		
490	2.4500	-15	-41		
491	2.4550	-14	-43		
492	2.4600	-14	-46		
493	2.4650	-14	-48		
494	2.4700	-13	-50		
495	2.4750	-12	-52		
496	2.4800	-12	-54		
497	2.4850	-12	-56		
498	2.4900	-11	-58		
499	2.4950	-10	-60		
500	2.5000	-10	-62		
501	2.5050	-10	-64		
502	2.5100	-9	-66		
503	2.5150	-8	-68		
504	2.5200	-8	-70		
505	2.5250	-8	-71		
506	2.5300	-7	-73		
507	2.5350	-7	-74		
508	2.5400	-6	-76		
509	2.5450	-6	-77		
510	2.5500	-6	-78		
511	2.5550	-5	-79		
512	2.5600	-4	-80		
513	2.5650	-4	-81		
514	2.5700	-4	-82		
515	2.5750	-4	-82		
516	2.5800	-3	-83		
517	2.5850	-3	-84		
518	2.5900	-2	-84		
519	2.5950	-2	-85		
520	2.6000	-2	-85		
521	2.6050	-2	-86		
522	2.6100	-1	-86		
523	2.6150	-1	-86		
524	2.6200	-1	-86		
525	2.6250	0	-86		
526	2.6300	0	-86		
527	2.6350	0	-85		
528	2.6400	0	-85		
529	2.6450	0	-84		
530	2.6500	0	-84		
531	2.6550	0	-83		
532	2.6600	0	-82		
533	2.6650	1	-82		
534	2.6700	1	-81		
535	2.6750	1	-80		
536	2.6800	1	-78		
537	2.6850	1	-78		
538	2.6900	1	-76		
539	2.6950	1	-75		
540	2.7000	1	-74		
541	2.7050	1	-72		
542	2.7100	1	-70		
543	2.7150	1	-69		
544	2.7200	1	-67		
545	2.7250	1	-66		
546	2.7300	0	-64		
547	2.7350	0	-62		
548	2.7400	0	-60		
549	2.7450	0	-58		
550	2.7500	0	-56		
551	2.7550	0	-54		
552	2.7600	0	-52		
553	2.7650	0	-50		
554	2.7700	-1	-47		
555	2.7750	-1	-45		
556	2.7800	-2	-42		
557	2.7850	-2	-40		
558	2.7900	-2	-38		
559	2.7950	-2	-35		
560	2.8000	-2	-33		
561	2.8050	-3	-30		
562	2.8100	-4	-28		
563	2.8150	-4	-25		
564	2.8200	-4	-22		
565	2.8250	-4	-20		
566	2.8300	-5	-17		
567	2.8350	-5	-14		
568	2.8400	-6	-12		
569	2.8450	-6	-9		
570	2.8500	-6	-6		
571	2.8550	-7	-4		
572	2.8600	-8	-1		
573	2.8650	-8	2		
574	2.8700	-8	4		
575	2.8750	-9	7		
576	2.8800	-10	10		
577	2.8850	-10	12		
578	2.8900	-10	15		
579	2.8950	-11	18		
580	2.9000	-12	20		
581	2.9050	-12	23		
582	2.9100	-12	26		
583	2.9150	-13	28		
584	2.9200	-14	30		
585	2.9250	-14	33		
586	2.9300	-14	35		
587	2.9350	-15	38		
588	2.9400	-16	40		
589	2.9450	-16	42		
590	2.9500	-16	44		
591	2.9550	-17	46		
592	2.9600	-18	48		
593	2.9650	-18	50		
594	2.9700	-18	52		
595	2.9750	-19	54		
596	2.9800	-20	56		
597	2.9850	-20	58		
598	2.9900	-20	60		
599	2.9950	-21	62		
600	3.0000	-22	63		
601	3.0050	-22	65		
602	3.0100	-22	66		
603	3.0150	-23	68		
604	3.0200	-24	69		
605	3.0250	-24	70		
606	3.0300	-24	71		
607	3.0350	-24	72		
608	3.0400	-25	73		
609	3.0450	-26	74		
610	3.0500	-26	75		
611	3.0550	-26	76		
612	3.0600	-26	76		
613	3.0650	-27	77		
614	3.0700	-27	77		
615	3.0750	-28	78		
616	3.0800	-28	78		
617	3.0850	-28	78		
618	3.0900	-28	78		
619	3.0950	-28	78		
620	3.1000	-29	78		
621	3.1050	-29	78		
622	3.1100	-29	78		
623	3.1150	-30	77		
624	3.1200	-30	77		
625	3.1250	-30	76		
626	3.1300	-30	76		
627	3.1350	-30	75		
628	3.1400	-30	74		
629	3.1450	-30	74		
630	3.1500	-30	72		
631	3.1550	-30	72		
632	3.1600	-30	70		
633	3.1650	-30	69		
634	3.1700	-30	68		
635	3.1750	-30	66		
636	3.1800	-30	65		
637	3.1850	-30	64		
638	3.1900	-30	62		
639	3.1950	-30	60		
640	3.2000	-30	59		
641	3.2050	-30	57		
642	3.2100	-30	55		
643	3.2150	-30	53		
644	3.2200	-30	51		
645	3.2250	-30	49		
646	3.2300	-29	47		
647	3.2350	-29	45		
648	3.2400	-29	43		
649	3.2450	-28	40		
650	3.2500	-28	38		
651	3.2550	-28	36		
652	3.2600	-28	34		
653	3.2650	-28	31		
654	3.2700	-27	29		
655	3.2750	-27	26		
656	3.2800	-26	24		
657	3.2850	-26	21		
658	3.2900	-26	18		
659	3.2950	-26	16		
660	3.3000	-25	13		
661	3.3050	-24	10		
662	3.3100	-24	8		
663	3.3150	-24	5		
664	3.3200	-24	2		
665	3.3250	-23	0		
666	3.3300	-22	-3		
667	3.3350	-22	-6		
668	3.3400	-22	-8		
669	3.3450	-21	-11		
670	3.3500	-20	-14		
671	3.3550	-20	-16		
672	3.3600	-20	-19		
673	3.3650	-19	-22		
674	3.3700	-18	-24		
675	3.3750	-18	-26		
676	3.3800	-18	-29		
677	3.3850	-17	-32		
678	3.3900	-16	-34		
679	3.3950	-16	-37		
680	3.4000	-16	-39		
681	3.4050	-15	-42		
682	3.4100	-14	-44		
683	3.4150	-14	-46		
684	3.4200	-14	-48		
685	3.4250	-13	-51		
686	3.4300	-12	-53		
687	3.4350	-12	-55		
688	3.4400	-12	-57		
689	3.4450	-11	-59		
690	3.4500	-10	-61		
691	3.4550	-10	-63		
692	3.4600	-10	-64		
693	3.4650	-9	-66		
694	3.4700	-8	-68		
695	3.4750	-8	-70		
696	3.4800	-8	-71		
697	3.4850	-7	-73		
698	3.4900	-6	-74		
699	3.4950	-6	-76		
700	3.5000	-6	-76		
701	3.5050	-6	-78		
702	3.5100	-5	-79		
703	3.5150	-4	-80		
704	3.5200	-4	-81		
705	3.5250	-4	-82		
706	3.5300	-4	-82		
707	3.5350	-3	-83		
708	3.5400	-2	-84		
709	3.5450	-2	-84		
710	3.5500	-2	-84		
711	3.5550	-2	-85		
712	3.5600	-2	-85		
713	3.5650	-1	-85		
714	3.5700	-1	-85		
715	3.5750	0	-85		
716	3.5800	0	-85		
717	3.5850	0	-85		
718	3.5900	0	-84		
719	3.5950	0	-84		
720	3.6000	0	-84		
721	3.6050	0	-83		
722	3.6100	0	-82		
723	3.6150	1	-82		
724	3.6200	1	-81		
725	3.6250	1	-80		
726	3.6300	1	-79		
727	3.6350	1	-78		
728	3.6400	1	-76		
729	3.6450	1	-75		
730	3.6500	1	-74		
731	3.6550	1	-72		
732	3.6600	1	-71		
733	3.6650	1	-70		
734	3.6700	1	-68		
735	3.6750	1	-66		
736	3.6800	1	-64		
737	3.6850	0	-63		
738	3.6900	0	-61		
739	3.6950	0	-59		
740	3.7000	0	-57		
741	3.7050	0	-55		
742	3.7100	0	-52		
743	3.7150	0	-50		
744	3.7200	0	-48		
745	3.7250	-1	-46		
746	3.7300	-1	-44		
747	3.7350	-2	-42		
748	3.7400	-2	-39		
749	3.7450	-2	-36		
750	3.7500	-2	-34		
751	3.7550	-2	-32		
752	3.7600	-3	-29		
753	3.7650	-4	-26		
754	3.7700	-4	-24		
755	3.7750	-4	-22		
756	3.7800	-4	-19		
757	3.7850	-5	-16		
758	3.7900	-6	-14		
759	3.7950	-6	-11		
760	3.8000	-6	-8		
761	3.8050	-7	-5		
762	3.8100	-7	-2		
763	3.8150	-8	0		
764	3.8200	-8	3		
765	3.8250	-8	6		
766	3.8300	-9	8		
767	3.8350	-10	11		
768	3.8400	-10	13		
769	3.8450	-10	16		
770	3.8500	-11	18		
771	3.8550	-12	21		
772	3.8600	-12	24		
773	3.8650	-12	26		
774	3.8700	-13	28		
775	3.8750	-14	31		
776	3.8800	-14	33		
777	3.8850	-14	36		
778	3.8900	-15	38		
779	3.8950	-16	40		
780	3.9000	-16	42		
781	3.9050	-17	45		
782	3.9100	-18	47		
783	3.9150	-18	49		
784	3.9200	-18	51		
785	3.9250	-19	53		
786	3.9300	-19	55		
787	3.9350	-20	57		
788	3.9400	-20	58		
789	3.9450	-21	60		
790	3.9500	-21	62		
791	3.9550	-22	63		
792	3.9600	-22	65		
793	3.9650	-22	66		
794	3.9700	-23	68		
795	3.9750	-24	69		
796	3.9800	-24	70		
797	3.9850	-24	71		
798	3.9900	-25	72		
799	3.9950	-25	73		
800	4.0000	-26	74		
801	4.0050	-26	75		
802	4.0100	-26	75		
803	4.0150	-26	76		
804	4.0200	-27	76		
805	4.0250	-27	77		
806	4.0300	-28	77		
807	4.0350	-28	78		
808	4.0400	-28	78		
809	4.0450	-28	78		
810	4.0500	-28	78		
811	4.0550	-29	78		
812	4.0600	-29	78		
813	4.0650	-29	77		
814	4.0700	-30	77		
815	4.0750	-30	76		
816	4.0800	-30	76		
817	4.0850	-30	75		
818	4.0900	-30	74		
819	4.0950	-30	74		
820	4.1000	-30	73		
821	4.1050	-30	72		
822	4.1100	-30	71		
823	4.1150	-30	70		
824	4.1200	-30	68		
825	4.1250	-30	67		
826	4.1300	-30	66		
827	4.1350	-30	64		
828	4.1400	-30	63		
829	4.1450	-30	61		
830	4.1500	-30	60		
831	4.1550	-30	58		
832	4.1600	-30	56		
833	4.1650	-30	54		
834	4.1700	-30	52		
835	4.1750	-30	50		
836	4.1800	-30	48		
837	4.1850	-29	46		
838	4.1900	-29	44		
839	4.1950	-28	42		
840	4.2000	-28	40		
841	4.2050	-28	37		
842	4.2100	-28	35		
843	4.2150	-28	32		
844	4.2200	-28	30		
845	4.2250	-27	28		
846	4.2300	-26	25		
847	4.2350	-26	23		
848	4.2400	-26	20		
849	4.2450	-26	18		
850	4.2500	-25	15		
851	4.2550	-25	12		
852	4.2600	-24	10		
853	4.2650	-24	7		
854	4.2700	-24	4		
855	4.2750	-23	2		
856	4.2800	-23	-1		
857	4.2850	-22	-4		
858	4.2900	-22	-6		
859	4.2950	-22	-9		
860	4.3000	-21	-12		
861	4.3050	-20	-14		
862	4.3100	-20	-17		
863	4.3150	-20	-20		
864	4.3200	-19	-22		
865	4.3250	-18	-25		
866	4.3300	-18	-27		
867	4.3350	-18	-30		
868	4.3400	-17	-32		
869	4.3450	-16	-35		
870	4.3500	-16	-37		
871	4.3550	-16	-40		
872	4.3600	-15	-42		
873	4.3650	-14	-44		
874	4.3700	-14	-46		
875	4.3750	-14	-49		
876	4.3800	-13	-51		
877	4.3850	-12	-53		
878	4.3900	-12	-55		
879	4.3950	-12	-57		
880	4.4000	-11	-59		
881	4.4050	-10	-61		
882	4.4100	-10	-63		
883	4.4150	-9	-65		
884	4.4200	-9	-66		
885	4.4250	-8	-68		
886	4.4300	-8	-70		
887	4.4350	-8	-71		
888	4.4400	-7	-73		
889	4.4450	-6	-74		
890	4.4500	-6	-75		
891	4.4550	-6	-76		
892	4.4600	-5	-78		
893	4.4650	-5	-78		
894	4.4700	-4	-80		
895	4.4750	-4	-80		
896	4.4800	-4	-81		
897	4.4850	-3	-82		
898	4.4900	-3	-82		
899	4.4950	-2	-83		
900	4.5000	-2	-84		
901	4.5050	-2	-84		
902	4.5100	-2	-84		
903	4.5150	-2	-84		
904	4.5200	-1	-84		
905	4.5250	-1	-84		
906	4.5300	0	-84		
907	4.5350	0	-84		
908	4.5400	0	-84		
909	4.5450	0	-84		
910	4.5500	0	-83		
911	4.5550	0	-83		
912	4.5600	0	-82		
913	4.5650	0	-82		
914	4.5700	1	-81		
915	4.5750	1	-80		
916	4.5800	1	-79		
917	4.5850	1	-78		
918	4.5900	1	-77		
919	4.5950	1	-76		
920	4.6000	1	-74		
921	4.6050	1	-73		
922	4.6100	1	-72		
923	4.6150	1	-70		
924	4.6200	1	-68		
925	4.6250	1	-67		
926	4.6300	1	-65		
927	4.6350	1	-64		
928	4.6400	0	-62		
929	4.6450	0	-60		
930	4.6500	0	-58		
931	4.6550	0	-56		
932	4.6600	0	-54		
933	4.6650	0	-52		
934	4.6700	0	-50		
935	4.6750	-1	-47		
936	4.6800	-1	-45		
937	4.6850	-1	-43		
938	4.6900	-2	-40		
939	4.6950	-2	-38		
940	4.7000	-2	-36		
941	4.7050	-2	-33		
942	4.7100	-3	-30		
943	4.7150	-3	-28		
944	4.7200	-4	-26		
945	4.7250	-4	-23		
946	4.7300	-4	-20		
947	4.7350	-5	-18		
948	4.7400	-5	-15		
949	4.7450	-6	-12		
950	4.7500	-6	-10		
951	4.7550	-6	-7		
952	4.7600	-7	-4		
953	4.7650	-8	-2		
954	4.7700	-8	1		
955	4.7750	-8	4		
956	4.7800	-9	6		
957	4.7850	-9	9		
958	4.7900	-10	12		
959	4.7950	-10	14		
960	4.8000	-11	17		
961	4.8050	-11	20		
962	4.8100	-12	22		
963	4.8150	-12	24		
964	4.8200	-13	27		
965	4.8250	-14	30		
966	4.8300	-14	32		
967	4.8350	-14	34		
968	4.8400	-15	36		
969	4.8450	-16	39		
970	4.8500	-16	41		
971	4.8550	-16	43		
972	4.8600	-17	46		
973	4.8650	-18	48		
974	4.8700	-18	50		
975	4.8750	-18	52		
976	4.8800	-19	54		
977	4.8850	-20	55		
978	4.8900	-20	57		
979	4.8950	-20	59		
980	4.9000	-21	60		
981	4.9050	-22	62		
982	4.9100	-22	64		
983	4.9150	-22	65		
984	4.9200	-23	66		
985	4.9250	-23	68		
986	4.9300	-24	69		
987	4.9350	-24	70		
988	4.9400	-24	71		
989	4.9450	-25	72		
990	4.9500	-26	73		
991	4.9550	-26	74		
992	4.9600	-26	74		
993	4.9650	-26	75		
994	4.9700	-27	76		
995	4.9750	-27	76		
996	4.9800	-28	76		
997	4.9850	-28	77		
998	4.9900	-28	77		
999	4.9950	-28	77		
1000	5.0000	-28	77		
1001	5.0050	-29	77		
1002	5.0100	-29	77		
1003	5.0150	-29	77		
1004	5.0200	-30	76		
1005	5.0250	-30	76		
1006	5.0300	-30	76		
1007	5.0350	-30	75		
1008	5.0400	-30	74		
1009	5.0450	-30	74		
1010	5.0500	-30	73		
1011	5.0550	-30	72		
1012	5.0600	-30	71		
1013	5.0650	-30	70		
1014	5.0700	-30	69		
1015	5.0750	-30	68		
1016	5.0800	-30	66		
1017	5.0850	-30	65		
1018	5.0900	-30	64		
1019	5.0950	-30	62		
1020	5.1000	-30	60		
1021	5.1050	-30	58		
1022	5.1100	-30	57		
1023	5.1150	-30	55		
1024	5.1200	-30	53		
1025	5.1250	-30	51		
1026	5.1300	-30	49		
1027	5.1350	-29	47		
1028	5.1400	-29	45		
1029	5.1450	-29	43		
1030	5.1500	-28	41		
1031	5.1550	-28	38		
1032	5.1600	-28	36		
1033	5.1650	-28	34		
1034	5.1700	-28	32		
1035	5.1750	-27	29		
1036	5.1800	-27	26		
1037	5.1850	-26	24		
1038	5.1900	-26	22		
1039	5.1950	-26	19		
1040	5.2000	-26	16		
1041	5.2050	-25	14		
1042	5.2100	-24	11		
1043	5.2150	-24	8		
1044	5.2200	-24	6		
1045	5.2250	-24	3		
1046	5.2300	-23	1		
1047	5.2350	-22	-2		
1048	5.2400	-22	-4		
1049	5.2450	-22	-7		
1050	5.2500	-21	-10		
1051	5.2550	-21	-12		
1052	5.2600	-20	-15		
1053	5.2650	-20	-18		
1054	5.2700	-20	-20		
1055	5.2750	-19	-23		
1056	5.2800	-18	-26		
1057	5.2850	-18	-28		
1058	5.2900	-17	-30		
1059	5.2950	-17	-33		
1060	5.3000	-16	-36		
1061	5.3050	-16	-38		
1062	5.3100	-15	-40		
1063	5.3150	-14	-43		
1064	5.3200	-14	-45		
1065	5.3250	-14	-47		
1066	5.3300	-13	-50		
1067	5.3350	-12	-52		
1068	5.3400	-12	-54		
1069	5.3450	-12	-56		
1070	5.3500	-11	-58		
1071	5.3550	-10	-60		
1072	5.3600	-10	-62		
1073	5.3650	-10	-64		
1074	5.3700	-9	-65		
1075	5.3750	-8	-67		
1076	5.3800	-8	-68		
1077	5.3850	-8	-70		
1078	5.3900	-7	-72		
1079	5.3950	-7	-73		
1080	5.4000	-6	-74		
1081	5.4050	-6	-76		
1082	5.4100	-6	-76		
1083	5.4150	-5	-78		
1084	5.4200	-4	-79		
1085	5.4250	-4	-80		
1086	5.4300	-4	-80		
1087	5.4350	-4	-81		
1088	5.4400	-3	-82		
1089	5.4450	-3	-82		
1090	5.4500	-2	-83		
1091	5.4550	-2	-84		
1092	5.4600	-2	-84		
1093	5.4650	-2	-84		
1094	5.4700	-1	-84		
1095	5.4750	-1	-84		
1096	5.4800	0	-84		
1097	5.4850	0	-84		
1098	5.4900	0	-84		
1099	5.4950	0	-84		
1100	5.5000	0	-83		
1101	5.5050	0	-83		
1102	5.5100	0	-82		
1103	5.5150	0	-82		
1104	5.5200	0	-81		
1105	5.5250	1	-80		
1106	5.5300	1	-79		
1107	5.5350	1	-78		
1108	5.5400	1	-77		
1109	5.5450	1	-76		
1110	5.5500	1	-75		
1111	5.5550	1	-74		
1112	5.5600	1	-72		
1113	5.5650	1	-71		
1114	5.5700	1	-69		
1115	5.5750	1	-68		
1116	5.5800	1	-66		
1117	5.5850	1	-64		
1118	5.5900	0	-62		
1119	5.5950	0	-61		
1120	5.6000	0	-59		
1121	5.6050	0	-56		
1122	5.6100	0	-54		
1123	5.6150	0	-52		
1124	5.6200	0	-50		
1125	5.6250	0	-48		
1126	5.6300	-1	-46		
1127	5.6350	-1	-44		
1128	5.6400	-2	-42		
1129	5.6450	-2	-39		
1130	5.6500	-2	-37		
1131	5.6550	-2	-34		
1132	5.6600	-2	-32		
1133	5.6650	-3	-30		
1134	5.6700	-4	-27		
1135	5.6750	-4	-24		
1136	5.6800	-4	-22		
1137	5.6850	-4	-19		
1138	5.6900	-5	-16		
1139	5.6950	-5	-14		
1140	5.7000	-6	-12		
1141	5.7050	-6	-8		
1142	5.7100	-6	-6		
1143	5.7150	-7	-3		
1144	5.7200	-8	0		
1145	5.7250	-8	2		
1146	5.7300	-8	5		
1147	5.7350	-9	7		
1148	5.7400	-10	10		
1149	5.7450	-10	12		
1150	5.7500	-10	15		
1151	5.7550	-11	18		
1152	5.7600	-12	20		
1153	5.7650	-12	22		
1154	5.7700	-12	25		
1155	5.7750	-13	28		
1156	5.7800	-14	30		
1157	5.7850	-14	32		
1158	5.7900	-14	35		
1159	5.7950	-15	37		
1160	5.8000	-16	39		
1161	5.8050	-16	42		
1162	5.8100	-16	44		
1163	5.8150	-17	46		
1164	5.8200	-18	48		
1165	5.8250	-18	50		
1166	5.8300	-18	52		
1167	5.8350	-19	54		
1168	5.8400	-20	56		
1169	5.8450	-20	58		
1170	5.8500	-20	59		
1171	5.8550	-21	61		
1172	5.8600	-22	62		
1173	5.8650	-22	64		
1174	5.8700	-22	65		
1175	5.8750	-23	66		
1176	5.8800	-24	68		
1177	5.8850	-24	69		
1178	5.8900	-24	70		
1179	5.8950	-24	71		
1180	5.9000	-25	72		
1181	5.9050	-26	73		
1182	5.9100	-26	74		
1183	5.9150	-26	74		
1184	5.9200	-26	75		
1185	5.9250	-27	76		
1186	5.9300	-27	76		
1187	5.9350	-28	76		
1188	5.9400	-28	76		
1189	5.9450	-28	77		
1190	5.9500	-28	77		
1191	5.9550	-28	77		
1192	5.9600	-29	77		
1193	5.9650	-29	76		
1194	5.9700	-29	76		
1195	5.9750	-30	76		
1196	5.9800	-30	76		
1197	5.9850	-30	75		
1198	5.9900	-30	74		
1199	5.9950	-30	74		
1200	6.0000	-30	73		
1201	6.0050	-30	72		
1202	6.0100	-30	71		
1203	6.0150	-30	70		
1204	6.0200	-30	69		
1205	6.0250	-30	68		
1206	6.0300	-30	66		
1207	6.0350	-30	65		
1208	6.0400	-30	64		
1209	6.0450	-30	62		
1210	6.0500	-30	61		
1211	6.0550	-30	59		
1212	6.0600	-30	58		
1213	6.0650	-30	56		
1214	6.0700	-30	54		
1215	6.0750	-30	52		
1216	6.0800	-30	50		
1217	6.0850	-30	48		
1218	6.0900	-29	46		
1219	6.0950	-29	44		
1220	6.1000	-29	42		
1221	6.1050	-28	40		
1222	6.1100	-28	38		
1223	6.1150	-28	35		
1224	6.1200	-28	33		
1225	6.1250	-28	30		
1226	6.1300	-27	28		
1227	6.1350	-27	26		
1228	6.1400	-26	23		
1229	6.1450	-26	20		
1230	6.1500	-26	18		
1231	6.1550	-26	16		
1232	6.1600	-25	13		
1233	6.1650	-24	10		
1234	6.1700	-24	8		
1235	6.1750	-24	5		
1236	6.1800	-24	2		
1237	6.1850	-23	0		
1238	6.1900	-22	-3		
1239	6.1950	-22	-6		
1240	6.2000	-22	-8		
1241	6.2050	-21	-11		
1242	6.2100	-20	-14		
1243	6.2150	-20	-16		
1244	6.2200	-20	-19		
1245	6.2250	-19	-21		
1246	6.2300	-18	-24		
1247	6.2350	-18	-26		
1248	6.2400	-18	-29		
1249	6.2450	-17	-32		
1250	6.2500	-16	-34		
1251	6.2550	-16	-36		
1252	6.2600	-16	-39		
1253	6.2650	-15	-41		
1254	6.2700	-14	-43		
1255	6.2750	-14	-46		
1256	6.2800	-14	-48		
1257	6.2850	-13	-50		
1258	6.2900	-12	-52		
1259	6.2950	-12	-54		
1260	6.3000	-12	-56		
1261	6.3050	-11	-58		
1262	6.3100	-10	-60		
1263	6.3150	-10	-62		
1264	6.3200	-10	-64		
1265	6.3250	-9	-66		
1266	6.3300	-8	-67		
1267	6.3350	-8	-68		
1268	6.3400	-8	-70		
1269	6.3450	-7	-72		
1270	6.3500	-6	-73		
1271	6.3550	-6	-74		
1272	6.3600	-6	-76		
1273	6.3650	-5	-76		
1274	6.3700	-5	-78		
1275	6.3750	-4	-78		
1276	6.3800	-4	-80		
1277	6.3850	-4	-80		
1278	6.3900	-4	-81		
1279	6.3950	-3	-82		
1280	6.4000	-2	-82		
1281	6.4050	-2	-82		
1282	6.4100	-2	-83		
1283	6.4150	-2	-83		
1284	6.4200	-2	-84		
1285	6.4250	-1	-84		
1286	6.4300	-1	-84		
1287	6.4350	0	-84		
1288	6.4400	0	-84		
1289	6.4450	0	-83		
1290	6.4500	0	-83		
1291	6.4550	0	-82		
1292	6.4600	0	-82		
1293	6.4650	0	-82		
1294	6.4700	0	-81		
1295	6.4750	1	-80		
1296	6.4800	1	-79		
1297	6.4850	1	-78		
1298	6.4900	1	-77		
1299	6.4950	1	-76		
1300	6.5000	1	-75		
1301	6.5050	1	-74		
1302	6.5100	1	-72		
1303	6.5150	1	-71		
1304	6.5200	1	-70		
1305	6.5250	1	-68		
1306	6.5300	1	-66		
1307	6.5350	1	-65		
1308	6.5400	1	-63		
1309	6.5450	0	-62		
1310	6.5500	0	-60		
1311	6.5550	0	-58		
1312	6.5600	0	-56		
1313	6.5650	0	-54		
1314	6.5700	0	-52		
1315	6.5750	0	-50		
1316	6.5800	0	-47		
1317	6.5850	-1	-45		
1318	6.5900	-1	-43		
1319	6.5950	-2	-40		
1320	6.6000	-2	-38		
1321	6.6050	-2	-36		
1322	6.6100	-2	-33		
1323	6.6150	-3	-31		
1324	6.6200	-3	-28		
1325	6.6250	-4	-26		
1326	6.6300	-4	-23		
1327	6.6350	-4	-20		
1328	6.6400	-4	-18		
1329	6.6450	-5	-15		
1330	6.6500	-6	-13		
1331	6.6550	-6	-10		
1332	6.6600	-6	-8		
1333	6.6650	-7	-5		
1334	6.6700	-7	-2		
1335	6.6750	-8	0		
1336	6.6800	-8	3		
1337	6.6850	-8	6		
1338	6.6900	-9	8		
1339	6.6950	-10	11		
1340	6.7000	-10	14		
1341	6.7050	-10	16		
1342	6.7100	-11	19		
1343	6.7150	-12	21		
1344	6.7200	-12	24		
1345	6.7250	-12	26		
1346	6.7300	-13	28		
1347	6.7350	-14	31		
1348	6.7400	-14	33		
1349	6.7450	-15	36		
1350	6.7500	-15	38		
1351	6.7550	-16	40		
1352	6.7600	-16	42		
1353	6.7650	-17	44		
1354	6.7700	-18	46		
1355	6.7750	-18	48		
1356	6.7800	-18	50		
1357	6.7850	-19	52		
1358	6.7900	-20	54		
1359	6.7950	-20	56		
1360	6.8000	-20	58		
1361	6.8050	-21	60		
1362	6.8100	-22	61		
1363	6.8150	-22	62		
1364	6.8200	-22	64		
1365	6.8250	-22	66		
1366	6.8300	-23	67		
1367	6.8350	-24	68		
1368	6.8400	-24	69		
1369	6.8450	-24	70		
1370	6.8500	-25	71		
1371	6.8550	-25	72		
1372	6.8600	-26	73		
1373	6.8650	-26	74		
1374	6.8700	-26	74		
1375	6.8750	-26	75		
1376	6.8800	-27	75		
1377	6.8850	-27	76		
1378	6.8900	-28	76		
1379	6.8950	-28	76		
1380	6.9000	-28	76		
1381	6.9050	-28	76		
1382	6.9100	-28	76		
1383	6.9150	-29	76		
1384	6.9200	-29	76		
1385	6.9250	-29	76		
1386	6.9300	-30	76		
1387	6.9350	-30	75		
1388	6.9400	-30	74		
1389	6.9450	-30	74		
1390	6.9500	-30	73		
1391	6.9550	-30	72		
1392	6.9600	-30	71		
1393	6.9650	-30	70		
1394	6.9700	-30	69		
1395	6.9750	-30	68		
1396	6.9800	-30	67		
1397	6.9850	-30	66		
1398	6.9900	-30	64		
1399	6.9950	-30	63		
1400	7.0000	-30	62		
1401	7.0050	-30	60		
1402	7.0100	-30	58		
1403	7.0150	-30	56		
1404	7.0200	-30	55		
1405	7.0250	-30	53		
1406	7.0300	-30	51		
1407	7.0350	-30	49		
1408	7.0400	-30	47		
1409	7.0450	-29	45		
1410	7.0500	-29	43		
1411	7.0550	-28	41		
1412	7.0600	-28	38		
1413	7.0650	-28	36		
1414	7.0700	-28	34		
1415	7.0750	-28	32		
1416	7.0800	-28	29		
1417	7.0850	-27	27		
1418	7.0900	-26	24		
1419	7.0950	-26	22		
1420	7.1000	-26	19		
1421	7.1050	-26	16		
1422	7.1100	-25	14		
1423	7.1150	-25	12		
1424	7.1200	-24	9		
1425	7.1250	-24	6		
1426	7.1300	-24	4		
1427	7.1350	-23	1		
1428	7.1400	-22	-2		
1429	7.1450	-22	-4		
1430	7.1500	-22	-7		
1431	7.1550	-22	-10		
1432	7.1600	-21	-12		
1433	7.1650	-20	-14		
1434	7.1700	-20	-17		
1435	7.1750	-20	-20		
1436	7.1800	-19	-22		
1437	7.1850	-18	-25		
1438	7.1900	-18	-28		
1439	7.1950	-18	-30		
1440	7.2000	-17	-32		
1441	7.2050	-16	-35		
1442	7.2100	-16	-38		
1443	7.2150	-16	-40		
1444	7.2200	-15	-42		
1445	7.2250	-14	-44		
1446	7.2300	-14	-46		
1447	7.2350	-13	-49		
1448	7.2400	-13	-51		
1449	7.2450	-12	-53		
1450	7.2500	-12	-55		
1451	7.2550	-11	-57		
1452	7.2600	-11	-59		
1453	7.2650	-10	-61		
1454	7.2700	-10	-62		
1455	7.2750	-9	-64		
1456	7.2800	-9	-66		
1457	7.2850	-8	-68		
1458	7.2900	-8	-69		
1459	7.2950	-8	-70		
1460	7.3000	-7	-72		
1461	7.3050	-6	-74		
1462	7.3100	-6	-74		
1463	7.3150	-6	-76		
1464	7.3200	-5	-77		
1465	7.3250	-4	-78		
1466	7.3300	-4	-79		
1467	7.3350	-4	-80		
1468	7.3400	-4	-80		
1469	7.3450	-3	-81		
1470	7.3500	-3	-82		
1471	7.3550	-2	-82		
1472	7.3600	-2	-82		
1473	7.3650	-2	-83		
1474	7.3700	-2	-83		
1475	7.3750	-2	-84		
1476	7.3800	-1	-84		
1477	7.3850	-1	-84		
1478	7.3900	0	-84		
1479	7.3950	0	-83		
1480	7.4000	0	-83		
1481	7.4050	0	-82		
1482	7.4100	0	-82		
1483	7.4150	0	-82		
1484	7.4200	0	-81		
1485	7.4250	0	-80		
1486	7.4300	1	-80		
1487	7.4350	1	-78		
1488	7.4400	1	-78		
1489	7.4450	1	-77		
1490	7.4500	1	-76		
1491	7.4550	1	-74		
1492	7.4600	1	-73		
1493	7.4650	1	-72		
1494	7.4700	1	-70		
1495	7.4750	1	-69		
1496	7.4800	1	-68		
1497	7.4850	1	-66		
1498	7.4900	1	-64		
1499	7.4950	1	-62		
1500	7.5000	0	-60		
1501	7.5050	0	-58		
1502	7.5100	0	-56		
1503	7.5150	0	-54		
1504	7.5200	0	-52		
1505	7.5250	0	-50		
1506	7.5300	0	-48		
1507	7.5350	-1	-46		
1508	7.5400	-1	-44		
1509	7.5450	-1	-42		
1510	7.5500	-2	-39		
1511	7.5550	-2	-37		
1512	7.5600	-2	-34		
1513	7.5650	-2	-32		
1514	7.5700	-3	-30		
1515	7.5750	-3	-27		
1516	7.5800	-4	-24		
1517	7.5850	-4	-22		
1518	7.5900	-4	-20		
1519	7.5950	-5	-17		
1520	7.6000	-5	-14		
1521	7.6050	-6	-12		
1522	7.6100	-6	-9		
1523	7.6150	-6	-6		
1524	7.6200	-7	-4		
1525	7.6250	-8	-1		
1526	7.6300	-8	2		
1527	7.6350	-8	4		
1528	7.6400	-9	7		
1529	7.6450	-9	10		
1530	7.6500	-10	12		
1531	7.6550	-10	14		
1532	7.6600	-11	17		
1533	7.6650	-11	20		
1534	7.6700	-12	22		
1535	7.6750	-12	24		
1536	7.6800	-13	27		
1537	7.6850	-14	30		
1538	7.6900	-14	32		
1539	7.6950	-14	34		
1540	7.7000	-15	36		
1541	7.7050	-16	39		
1542	7.7100	-16	41		
1543	7.7150	-16	43		
1544	7.7200	-17	45		
1545	7.7250	-18	47		
1546	7.7300	-18	49		
1547	7.7350	-18	51		
1548	7.7400	-19	53		
1549	7.7450	-20	55		
1550	7.7500	-20	56		
1551	7.7550	-20	58		
1552	7.7600	-21	60		
1553	7.7650	-22	62		
1554	7.7700	-22	63		
1555	7.7750	-22	64		
1556	7.7800	-23	66		
1557	7.7850	-23	67		
1558	7.7900	-24	68		
1559	7.7950	-24	69		
1560	7.8000	-24	70		
1561	7.8050	-25	71		
1562	7.8100	-26	72		
1563	7.8150	-26	73		
1564	7.8200	-26	74		
1565	7.8250	-26	74		
1566	7.8300	-27	75		
1567	7.8350	-27	75		
1568	7.8400	-28	76		
1569	7.8450	-28	76		
1570	7.8500	-28	76		
1571	7.8550	-28	76		
1572	7.8600	-28	76		
1573	7.8650	-29	76		
1574	7.8700	-29	76		
1575	7.8750	-29	76		
1576	7.8800	-30	76		
1577	7.8850	-30	75		
1578	7.8900	-30	74		
1579	7.8950	-30	74		
1580	7.9000	-30	73		
1581	7.9050	-30	72		
1582	7.9100	-30	72		
1583	7.9150	-30	71		
1584	7.9200	-30	70		
1585	7.9250	-30	68		
1586	7.9300	-30	68		
1587	7.9350	-30	66		
1588	7.9400	-30	65		
1589	7.9450	-30	64		
1590	7.9500	-30	62		
1591	7.9550	-30	60		
1592	7.9600	-30	59		
1593	7.9650	-30	57		
1594	7.9700	-30	56		
1595	7.9750	-30	54		
1596	7.9800	-30	52		
1597	7.9850	-30	50		
1598	7.9900	-30	48		
1599	7.9950	-29	46		
1600	8.0000	-29	44		
1601	8.0050	-29	42		
1602	8.0100	-28	40		
1603	8.0150	-28	37		
1604	8.0200	-28	35		
1605	8.0250	-28	33		
1606	8.0300	-28	30		
1607	8.0350	-27	28		
1608	8.0400	-27	26		
1609	8.0450	-26	23		
1610	8.0500	-26	20		
1611	8.0550	-26	18		
1612	8.0600	-26	16		
1613	8.0650	-25	13		
1614	8.0700	-24	10		
1615	8.0750	-24	8		
1616	8.0800	-24	5		
1617	8.0850	-24	2		
1618	8.0900	-23	0		
1619	8.0950	-22	-2		
1620	8.1000	-22	-5		
1621	8.1050	-22	-8		
1622	8.1100	-21	-10		
1623	8.1150	-20	-13		
1624	8.1200	-20	-16		
1625	8.1250	-20	-18		
1626	8.1300	-19	-21		
1627	8.1350	-19	-24		
1628	8.1400	-18	-26		
1629	8.1450	-18	-28		
1630	8.1500	-17	-31		
1631	8.1550	-16	-34		
1632	8.1600	-16	-36		
1633	8.1650	-16	-38		
1634	8.1700	-15	-40		
1635	8.1750	-14	-43		
1636	8.1800	-14	-45		
1637	8.1850	-14	-47		
1638	8.1900	-13	-50		
1639	8.1950	-12	-52		
1640	8.2000	-12	-54		
1641	8.2050	-12	-56		
1642	8.2100	-11	-58		
1643	8.2150	-10	-60		
1644	8.2200	-10	-62		
1645	8.2250	-10	-63		
1646	8.2300	-9	-65		
1647	8.2350	-8	-66		
1648	8.2400	-8	-68		
1649	8.2450	-8	-70		
1650	8.2500	-7	-71		
1651	8.2550	-6	-72		
1652	8.2600	-6	-74		
1653	8.2650	-6	-75		
1654	8.2700	-6	-76		
1655	8.2750	-5	-77		
1656	8.2800	-4	-78		
1657	8.2850	-4	-79		
1658	8.2900	-4	-80		
1659	8.2950	-4	-80		
1660	8.3000	-3	-81		
1661	8.3050	-3	-82		
1662	8.3100	-2	-82		
1663	8.3150	-2	-82		
1664	8.3200	-2	-83		
1665	8.3250	-2	-83		
1666	8.3300	-1	-83		
1667	8.3350	-1	-83		
1668	8.3400	0	-83		
1669	8.3450	0	-83		
1670	8.3500	0	-83		
1671	8.3550	0	-82		
1672	8.3600	0	-82		
1673	8.3650	0	-82		
1674	8.3700	0	-81		
1675	8.3750	0	-80		
1676	8.3800	0	-80		
1677	8.3850	1	-79		
1678	8.3900	1	-78		
1679	8.3950	1	-77		
1680	8.4000	1	-76		
1681	8.4050	1	-75		
1682	8.4100	1	-74		
1683	8.4150	1	-72		
1684	8.4200	1	-71		
1685	8.4250	1	-70		
1686	8.4300	1	-68		
1687	8.4350	1	-66		
1688	8.4400	1	-65		
1689	8.4450	1	-63		
1690	8.4500	0	-61		
1691	8.4550	0	-60		
1692	8.4600	0	-58		
1693	8.4650	0	-56		
1694	8.4700	0	-54		
1695	8.4750	0	-52		
1696	8.4800	0	-50		
1697	8.4850	0	-47		
1698	8.4900	-1	-45		
1699	8.4950	-1	-43		
1700	8.5000	-2	-40		
1701	8.5050	-2	-38		
1702	8.5100	-2	-36		
1703	8.5150	-2	-33		
1704	8.5200	-2	-31		
1705	8.5250	-3	-28		
1706	8.5300	-4	-26		
1707	8.5350	-4	-23		
1708	8.5400	-4	-21		
1709	8.5450	-4	-18		
1710	8.5500	-5	-16		
1711	8.5550	-5	-13		
1712	8.5600	-6	-10		
1713	8.5650	-6	-8		
1714	8.5700	-6	-5		
1715	8.5750	-7	-2		
1716	8.5800	-8	0		
1717	8.5850	-8	2		
1718	8.5900	-8	5		
1719	8.5950	-9	8		
1720	8.6000	-10	10		
1721	8.6050	-10	13		
1722	8.6100	-10	16		
1723	8.6150	-11	18		
1724	8.6200	-12	21		
1725	8.6250	-12	23		
1726	8.6300	-12	26		
1727	8.6350	-13	28		
1728	8.6400	-14	30		
1729	8.6450	-14	33		
1730	8.6500	-14	35		
1731	8.6550	-15	38		
1732	8.6600	-16	40		
1733	8.6650	-16	42		
1734	8.6700	-16	44		
1735	8.6750	-17	46		
1736	8.6800	-18	48		
1737	8.6850	-18	50		
1738	8.6900	-18	52		
1739	8.6950	-19	54		
1740	8.7000	-20	56		
1741	8.7050	-20	58		
1742	8.7100	-20	59		
1743	8.7150	-21	60		
1744	8.7200	-22	62		
1745	8.7250	-22	64		
1746	8.7300	-22	65		
1747	8.7350	-23	66		
1748	8.7400	-24	68		
1749	8.7450	-24	68		
1750	8.7500	-24	70		
1751	8.7550	-24	70		
1752	8.7600	-25	72		
1753	8.7650	-26	72		
1754	8.7700	-26	73		
1755	8.7750	-26	74		
1756	8.7800	-26	74		
1757	8.7850	-27	75		
1758	8.7900	-27	75		
1759	8.7950	-28	76		
1760	8.8000	-28	76		
1761	8.8050	-28	76		
1762	8.8100	-28	76		
1763	8.8150	-28	76		
1764	8.8200	-29	76		
1765	8.8250	-29	76		
1766	8.8300	-29	76		
1767	8.8350	-30	75		
1768	8.8400	-30	74		
1769	8.8450	-30	74		
1770	8.8500	-30	74		
1771	8.8550	-30	73		
1772	8.8600	-30	72		
1773	8.8650	-30	71		
1774	8.8700	-30	70		
1775	8.8750	-30	69		
1776	8.8800	-30	68		
1777	8.8850	-30	67		
1778	8.8900	-30	66		
1779	8.8950	-30	64		
1780	8.9000	-30	63		
1781	8.9050	-30	61		
1782	8.9100	-30	60		
1783	8.9150	-30	58		
1784	8.9200	-30	56		
1785	8.9250	-30	55		
1786	8.9300	-30	53		
1787	8.9350	-30	51		
1788	8.9400	-30	49		
1789	8.9450	-30	47		
1790	8.9500	-29	45		
1791	8.9550	-29	43		
1792	8.9600	-29	41		
1793	8.9650	-28	38		
1794	8.9700	-28	36		
1795	8.9750	-28	34		
1796	8.9800	-28	32		
1797	8.9850	-28	29		
1798	8.9900	-27	27		
1799	8.9950	-27	24		
1800	9.0000	-26	22		
1801	9.0050	-26	19		
1802	9.0100	-26	17		
1803	9.0150	-26	14		
1804	9.0200	-25	12		
1805	9.0250	-24	9		
1806	9.0300	-24	6		
1807	9.0350	-24	4		
1808	9.0400	-23	2		
1809	9.0450	-23	-1		
1810	9.0500	-22	-4		
1811	9.0550	-22	-6		
1812	9.0600	-22	-9		
1813	9.0650	-21	-12		
1814	9.0700	-20	-14		
1815	9.0750	-20	-17		
1816	9.0800	-20	-20		
1817	9.0850	-19	-22		
1818	9.0900	-18	-24		
1819	9.0950	-18	-27		
1820	9.1000	-18	-30		
1821	9.1050	-17	-32		
1822	9.1100	-16	-34		
1823	9.1150	-16	-37		
1824	9.1200	-16	-39		
1825	9.1250	-15	-42		
1826	9.1300	-14	-44		
1827	9.1350	-14	-46		
1828	9.1400	-14	-48		
1829	9.1450	-13	-50		
1830	9.1500	-12	-52		
1831	9.1550	-12	-54		
1832	9.1600	-12	-56		
1833	9.1650	-11	-58		
1834	9.1700	-10	-60		
1835	9.1750	-10	-62		
1836	9.1800	-10	-64		
1837	9.1850	-9	-66		
1838	9.1900	-8	-67		
1839	9.1950	-8	-68		
1840	9.2000	-8	-70		
1841	9.2050	-7	-72		
1842	9.2100	-6	-73		
1843	9.2150	-6	-74		
1844	9.2200	-6	-75		
1845	9.2250	-5	-76		
1846	9.2300	-5	-78		
1847	9.2350	-4	-78		
1848	9.2400	-4	-79		
1849	9.2450	-4	-80		
1850	9.2500	-4	-80		
1851	9.2550	-3	-81		
1852	9.2600	-2	-82		
1853	9.2650	-2	-82		
1854	9.2700	-2	-82		
1855	9.2750	-2	-83		
1856	9.2800	-2	-83		
1857	9.2850	-1	-83		
1858	9.2900	-1	-83		
1859	9.2950	0	-83		
1860	9.3000	0	-83		
1861	9.3050	0	-82		
1862	9.3100	0	-82		
1863	9.3150	0	-82		
1864	9.3200	0	-81		
1865	9.3250	0	-80		
1866	9.3300	0	-80		
1867	9.3350	1	-79		
1868	9.3400	1	-78		
1869	9.3450	1	-78		
1870	9.3500	1	-76		
1871	9.3550	1	-75		
1872	9.3600	1	-74		
1873	9.3650	1	-73		
1874	9.3700	1	-72		
1875	9.3750	1	-70		
1876	9.3800	1	-69		
1877	9.3850	1	-67		
1878	9.3900	1	-66		
1879	9.3950	1	-64		
1880	9.4000	1	-62		
1881	9.4050	0	-60		
1882	9.4100	0	-58		
1883	9.4150	0	-56		
1884	9.4200	0	-54		
1885	9.4250	0	-52		
1886	9.4300	0	-50		
1887	9.4350	0	-48		
1888	9.4400	0	-46		
1889	9.4450	-1	-44		
1890	9.4500	-1	-42		
1891	9.4550	-2	-40		
1892	9.4600	-2	-37		
1893	9.4650	-2	-35		
1894	9.4700	-2	-32		
1895	9.4750	-3	-30		
1896	9.4800	-3	-28		
1897	9.4850	-4	-25		
1898	9.4900	-4	-22		
1899	9.4950	-4	-20		
1900	9.5000	-4	-17		
1901	9.5050	-5	-14		
1902	9.5100	-6	-12		
1903	9.5150	-6	-9		
1904	9.5200	-6	-6		
1905	9.5250	-7	-4		
1906	9.5300	-7	-1		
1907	9.5350	-8	1		
1908	9.5400	-8	4		
1909	9.5450	-8	6		
1910	9.5500	-9	9		
1911	9.5550	-10	12		
1912	9.5600	-10	14		
1913	9.5650	-10	16		
1914	9.5700	-11	19		
1915	9.5750	-12	22		
1916	9.5800	-12	24		
1917	9.5850	-12	26		
1918	9.5900	-13	29		
1919	9.5950	-14	31		
1920	9.6000	-14	34		
1921	9.6050	-15	36		
1922	9.6100	-15	38		
1923	9.6150	-16	40		
1924	9.6200	-16	43		
1925	9.6250	-17	45		
1926	9.6300	-18	47		
1927	9.6350	-18	49		
1928	9.6400	-18	51		
1929	9.6450	-19	52		
1930	9.6500	-20	54		
1931	9.6550	-20	56		
1932	9.6600	-20	58		
1933	9.6650	-21	60		
1934	9.6700	-22	61		
1935	9.6750	-22	62		
1936	9.6800	-22	64		
1937	9.6850	-22	65		
1938	9.6900	-23	66		
1939	9.6950	-24	68		
1940	9.7000	-24	69		
1941	9.7050	-24	70		
1942	9.7100	-25	71		
1943	9.7150	-25	72		
1944	9.7200	-26	72		
1945	9.7250	-26	73		
1946	9.7300	-26	74		
1947	9.7350	-26	74		
1948	9.7400	-27	75		
1949	9.7450	-27	75		
1950	9.7500	-28	76		
1951	9.7550	-28	76		
1952	9.7600	-28	76		
1953	9.7650	-28	76		
1954	9.7700	-28	76		
1955	9.7750	-29	76		
1956	9.7800	-29	76		
1957	9.7850	-30	75		
1958	9.7900	-30	75		
1959	9.7950	-30	74		
1960	9.8000	-30	74		
1961	9.8050	-30	73		
1962	9.8100	-30	72		
1963	9.8150	-30	71		
1964	9.8200	-30	70		
1965	9.8250	-30	70		
1966	9.8300	-30	68		
1967	9.8350	-30	67		
1968	9.8400	-30	66		
1969	9.8450	-30	65		
1970	9.8500	-30	64		
1971	9.8550	-30	62		
1972	9.8600	-30	60		
1973	9.8650	-30	59		
1974	9.8700	-30	57		
1975	9.8750	-30	56		
1976	9.8800	-30	54		
1977	9.8850	-30	52		
1978	9.8900	-30	50		
1979	9.8950	-30	48		
1980	9.9000	-30	46		
1981	9.9050	-29	44		
1982	9.9100	-29	42		
1983	9.9150	-28	40		
1984	9.9200	-28	38		
1985	9.9250	-28	35		
1986	9.9300	-28	33		
1987	9.9350	-28	30		
1988	9.9400	-27	28		
1989	9.9450	-27	26		
1990	9.9500	-26	23		
1991	9.9550	-26	21		
1992	9.9600	-26	18		
1993	9.9650	-26	16		
1994	9.9700	-25	13		
1995	9.9750	-25	10		
1996	9.9800	-24	8		
1997	9.9850	-24	6		
1998	9.9900	-24	3		
1999	9.9950	-23	0		
2000	10.0000	-22	-2		
