#	time(s)	count A	count B	count C	count D
1	0.0100	-36			
2	0.0200	-41			
3	0.0300	-45			
4	0.0400	-49			
5	0.0500	-53			
6	0.0600	-57			
7	0.0700	-60			
8	0.0800	-63			
9	0.0900	-66			
10	0.1000	-68			
11	0.1100	-70			
12	0.1200	-72			
13	0.1300	-74			
14	0.1400	-74			
15	0.1500	-75			
16	0.1600	-76			
17	0.1700	-76			
18	0.1800	-75			
19	0.1900	-74			
20	0.2000	-73			
21	0.2100	-72			
22	0.2200	-70			
23	0.2300	-68			
24	0.2400	-65			
25	0.2500	-62			
26	0.2600	-59			
27	0.2700	-56			
28	0.2800	-52			
29	0.2900	-48			
30	0.3000	-44			
31	0.3100	-40			
32	0.3200	-35			
33	0.3300	-30			
34	0.3400	-26			
35	0.3500	-21			
36	0.3600	-16			
37	0.3700	-10			
38	0.3800	-5			
39	0.3900	0			
40	0.4000	5			
41	0.4100	10			
42	0.4200	16			
43	0.4300	21			
44	0.4400	26			
45	0.4500	30			
46	0.4600	35			
47	0.4700	40			
48	0.4800	44			
49	0.4900	48			
50	0.5000	52			
51	0.5100	56			
52	0.5200	59			
53	0.5300	62			
54	0.5400	65			
55	0.5500	68			
56	0.5600	70			
57	0.5700	71			
58	0.5800	73			
59	0.5900	74			
60	0.6000	75			
61	0.6100	75			
62	0.6200	75			
63	0.6300	75			
64	0.6400	74			
65	0.6500	73			
66	0.6600	72			
67	0.6700	70			
68	0.6800	68			
69	0.6900	66			
70	0.7000	63			
71	0.7100	60			
72	0.7200	56			
73	0.7300	53			
74	0.7400	49			
75	0.7500	45			
76	0.7600	41			
77	0.7700	36			
78	0.7800	32			
79	0.7900	27			
80	0.8000	22			
81	0.8100	16			
82	0.8200	11			
83	0.8300	6			
84	0.8400	1			
85	0.8500	-4			
86	0.8600	-9			
87	0.8700	-14			
88	0.8800	-20			
89	0.8900	-24			
90	0.9000	-29			
91	0.9100	-34			
92	0.9200	-39			
93	0.9300	-43			
94	0.9400	-47			
95	0.9500	-51			
96	0.9600	-55			
97	0.9700	-58			
98	0.9800	-61			
99	0.9900	-64			
100	1.0000	-67			
101	1.0100	-69			
102	1.0200	-71			
103	1.0300	-72			
104	1.0400	-74			
105	1.0500	-74			
106	1.0600	-75			
107	1.0700	-75			
108	1.0800	-75			
109	1.0900	-74			
110	1.1000	-73			
111	1.1100	-72			
112	1.1200	-70			
113	1.1300	-68			
114	1.1400	-66			
115	1.1500	-63			
116	1.1600	-60			
117	1.1700	-57			
118	1.1800	-53			
119	1.1900	-50			
120	1.2000	-46			
121	1.2100	-41			
122	1.2200	-37			
123	1.2300	-32			
124	1.2400	-27			
125	1.2500	-22			
126	1.2600	-18			
127	1.2700	-12			
128	1.2800	-7			
129	1.2900	-2			
130	1.3000	3			
131	1.3100	8			
132	1.3200	14			
133	1.3300	18			
134	1.3400	24			
135	1.3500	28			
136	1.3600	33			
137	1.3700	38			
138	1.3800	42			
139	1.3900	46			
140	1.4000	50			
141	1.4100	54			
142	1.4200	57			
143	1.4300	60			
144	1.4400	63			
145	1.4500	66			
146	1.4600	68			
147	1.4700	70			
148	1.4800	72			
149	1.4900	73			
150	1.5000	74			
151	1.5100	74			
152	1.5200	75			
153	1.5300	74			
154	1.5400	74			
155	1.5500	73			
156	1.5600	72			
157	1.5700	70			
158	1.5800	68			
159	1.5900	66			
160	1.6000	63			
161	1.6100	60			
162	1.6200	57			
163	1.6300	54			
164	1.6400	50			
165	1.6500	46			
166	1.6600	42			
167	1.6700	38			
168	1.6800	33			
169	1.6900	28			
170	1.7000	24			
171	1.7100	18			
172	1.7200	13			
173	1.7300	8			
174	1.7400	3			
175	1.7500	-2			
176	1.7600	-7			
177	1.7700	-12			
178	1.7800	-17			
179	1.7900	-22			
180	1.8000	-27			
181	1.8100	-32			
182	1.8200	-37			
183	1.8300	-41			
184	1.8400	-45			
185	1.8500	-49			
186	1.8600	-53			
187	1.8700	-56			
188	1.8800	-60			
189	1.8900	-62			
190	1.9000	-65			
191	1.9100	-68			
192	1.9200	-70			
193	1.9300	-71			
194	1.9400	-72			
195	1.9500	-74			
196	1.9600	-74			
197	1.9700	-74			
198	1.9800	-74			
199	1.9900	-74			
200	2.0000	-73			
201	2.0100	-72			
202	2.0200	-70			
203	2.0300	-68			
204	2.0400	-66			
205	2.0500	-64			
206	2.0600	-61			
207	2.0700	-58			
208	2.0800	-54			
209	2.0900	-51			
210	2.1000	-47			
211	2.1100	-42			
212	2.1200	-38			
213	2.1300	-34			
214	2.1400	-29			
215	2.1500	-24			
216	2.1600	-19			
217	2.1700	-14			
218	2.1800	-9			
219	2.1900	-4			
220	2.2000	1			
221	2.2100	6			
222	2.2200	11			
223	2.2300	16			
224	2.2400	21			
225	2.2500	26			
226	2.2600	31			
227	2.2700	36			
228	2.2800	40			
229	2.2900	44			
230	2.3000	48			
231	2.3100	52			
232	2.3200	56			
233	2.3300	59			
234	2.3400	62			
235	2.3500	64			
236	2.3600	67			
237	2.3700	69			
238	2.3800	71			
239	2.3900	72			
240	2.4000	73			
241	2.4100	74			
242	2.4200	74			
243	2.4300	74			
244	2.4400	74			
245	2.4500	73			
246	2.4600	72			
247	2.4700	70			
248	2.4800	68			
249	2.4900	66			
250	2.5000	64			
251	2.5100	61			
252	2.5200	58			
253	2.5300	55			
254	2.5400	51			
255	2.5500	47			
256	2.5600	43			
257	2.5700	39			
258	2.5800	34			
259	2.5900	30			
260	2.6000	25			
261	2.6100	20			
262	2.6200	15			
263	2.6300	10			
264	2.6400	5			
265	2.6500	0			
266	2.6600	-5			
267	2.6700	-10			
268	2.6800	-15			
269	2.6900	-20			
270	2.7000	-25			
271	2.7100	-30			
272	2.7200	-34			
273	2.7300	-39			
274	2.7400	-43			
275	2.7500	-47			
276	2.7600	-51			
277	2.7700	-55			
278	2.7800	-58			
279	2.7900	-61			
280	2.8000	-64			
281	2.8100	-66			
282	2.8200	-68			
283	2.8300	-70			
284	2.8400	-71			
285	2.8500	-72			
286	2.8600	-73			
287	2.8700	-74			
288	2.8800	-74			
289	2.8900	-73			
290	2.9000	-72			
291	2.9100	-72			
292	2.9200	-70			
293	2.9300	-68			
294	2.9400	-66			
295	2.9500	-64			
296	2.9600	-62			
297	2.9700	-58			
298	2.9800	-55			
299	2.9900	-52			
300	3.0000	-48			
301	3.0100	-44			
302	3.0200	-40			
303	3.0300	-35			
304	3.0400	-31			
305	3.0500	-26			
306	3.0600	-21			
307	3.0700	-16			
308	3.0800	-11			
309	3.0900	-6			
310	3.1000	-1			
311	3.1100	4			
312	3.1200	9			
313	3.1300	14			
314	3.1400	19			
315	3.1500	24			
316	3.1600	29			
317	3.1700	34			
318	3.1800	38			
319	3.1900	42			
320	3.2000	46			
321	3.2100	50			
322	3.2200	54			
323	3.2300	57			
324	3.2400	60			
325	3.2500	63			
326	3.2600	66			
327	3.2700	68			
328	3.2800	70			
329	3.2900	71			
330	3.3000	72			
331	3.3100	73			
332	3.3200	73			
333	3.3300	74			
334	3.3400	73			
335	3.3500	72			
336	3.3600	72			
337	3.3700	70			
338	3.3800	69			
339	3.3900	67			
340	3.4000	64			
341	3.4100	62			
342	3.4200	59			
343	3.4300	56			
344	3.4400	52			
345	3.4500	48			
346	3.4600	44			
347	3.4700	40			
348	3.4800	36			
349	3.4900	32			
350	3.5000	27			
351	3.5100	22			
352	3.5200	17			
353	3.5300	12			
354	3.5400	7			
355	3.5500	2			
356	3.5600	-3			
357	3.5700	-8			
358	3.5800	-13			
359	3.5900	-18			
360	3.6000	-23			
361	3.6100	-28			
362	3.6200	-32			
363	3.6300	-37			
364	3.6400	-41			
365	3.6500	-45			
366	3.6600	-49			
367	3.6700	-53			
368	3.6800	-56			
369	3.6900	-59			
370	3.7000	-62			
371	3.7100	-65			
372	3.7200	-67			
373	3.7300	-69			
374	3.7400	-70			
375	3.7500	-72			
376	3.7600	-72			
377	3.7700	-73			
378	3.7800	-73			
379	3.7900	-73			
380	3.8000	-72			
381	3.8100	-72			
382	3.8200	-70			
383	3.8300	-69			
384	3.8400	-67			
385	3.8500	-64			
386	3.8600	-62			
387	3.8700	-59			
388	3.8800	-56			
389	3.8900	-52			
390	3.9000	-49			
391	3.9100	-45			
392	3.9200	-41			
393	3.9300	-37			
394	3.9400	-32			
395	3.9500	-28			
396	3.9600	-23			
397	3.9700	-18			
398	3.9800	-13			
399	3.9900	-8			
400	4.0000	-3			
401	4.0100	2			
402	4.0200	7			
403	4.0300	12			
404	4.0400	17			
405	4.0500	22			
406	4.0600	27			
407	4.0700	32			
408	4.0800	36			
409	4.0900	40			
410	4.1000	44			
411	4.1100	48			
412	4.1200	52			
413	4.1300	56			
414	4.1400	59			
415	4.1500	62			
416	4.1600	64			
417	4.1700	66			
418	4.1800	68			
419	4.1900	70			
420	4.2000	71			
421	4.2100	72			
422	4.2200	73			
423	4.2300	73			
424	4.2400	73			
425	4.2500	72			
426	4.2600	72			
427	4.2700	70			
428	4.2800	69			
429	4.2900	67			
430	4.3000	65			
431	4.3100	62			
432	4.3200	60			
433	4.3300	56			
434	4.3400	53			
435	4.3500	50			
436	4.3600	46			
437	4.3700	42			
438	4.3800	38			
439	4.3900	33			
440	4.4000	28			
441	4.4100	24			
442	4.4200	19			
443	4.4300	14			
444	4.4400	9			
445	4.4500	4			
446	4.4600	-1			
447	4.4700	-6			
448	4.4800	-11			
449	4.4900	-16			
450	4.5000	-21			
451	4.5100	-26			
452	4.5200	-30			
453	4.5300	-35			
454	4.5400	-39			
455	4.5500	-44			
456	4.5600	-47			
457	4.5700	-51			
458	4.5800	-54			
459	4.5900	-58			
460	4.6000	-60			
461	4.6100	-63			
462	4.6200	-66			
463	4.6300	-68			
464	4.6400	-69			
465	4.6500	-70			
466	4.6600	-72			
467	4.6700	-72			
468	4.6800	-72			
469	4.6900	-72			
470	4.7000	-72			
471	4.7100	-71			
472	4.7200	-70			
473	4.7300	-69			
474	4.7400	-67			
475	4.7500	-65			
476	4.7600	-62			
477	4.7700	-60			
478	4.7800	-57			
479	4.7900	-54			
480	4.8000	-50			
481	4.8100	-46			
482	4.8200	-42			
483	4.8300	-38			
484	4.8400	-34			
485	4.8500	-29			
486	4.8600	-24			
487	4.8700	-20			
488	4.8800	-15			
489	4.8900	-10			
490	4.9000	-5			
491	4.9100	0			
492	4.9200	5			
493	4.9300	10			
494	4.9400	15			
495	4.9500	20			
496	4.9600	25			
497	4.9700	30			
498	4.9800	34			
499	4.9900	38			
500	5.0000	42			
501	5.0100	47			
502	5.0200	50			
503	5.0300	54			
504	5.0400	57			
505	5.0500	60			
506	5.0600	62			
507	5.0700	65			
508	5.0800	67			
509	5.0900	69			
510	5.1000	70			
511	5.1100	71			
512	5.1200	72			
513	5.1300	72			
514	5.1400	72			
515	5.1500	72			
516	5.1600	71			
517	5.1700	70			
518	5.1800	69			
519	5.1900	67			
520	5.2000	65			
521	5.2100	63			
522	5.2200	60			
523	5.2300	57			
524	5.2400	54			
525	5.2500	50			
526	5.2600	47			
527	5.2700	43			
528	5.2800	39			
529	5.2900	34			
530	5.3000	30			
531	5.3100	25			
532	5.3200	20			
533	5.3300	16			
534	5.3400	11			
535	5.3500	6			
536	5.3600	1			
537	5.3700	-4			
538	5.3800	-9			
539	5.3900	-14			
540	5.4000	-19			
541	5.4100	-24			
542	5.4200	-28			
543	5.4300	-33			
544	5.4400	-37			
545	5.4500	-42			
546	5.4600	-46			
547	5.4700	-49			
548	5.4800	-53			
549	5.4900	-56			
550	5.5000	-59			
551	5.5100	-62			
552	5.5200	-64			
553	5.5300	-66			
554	5.5400	-68			
555	5.5500	-70			
556	5.5600	-71			
557	5.5700	-72			
558	5.5800	-72			
559	5.5900	-72			
560	5.6000	-72			
561	5.6100	-71			
562	5.6200	-70			
563	5.6300	-69			
564	5.6400	-67			
565	5.6500	-65			
566	5.6600	-63			
567	5.6700	-60			
568	5.6800	-58			
569	5.6900	-54			
570	5.7000	-51			
571	5.7100	-47			
572	5.7200	-44			
573	5.7300	-39			
574	5.7400	-35			
575	5.7500	-31			
576	5.7600	-26			
577	5.7700	-21			
578	5.7800	-16			
579	5.7900	-12			
580	5.8000	-7			
581	5.8100	-2			
582	5.8200	3			
583	5.8300	8			
584	5.8400	13			
585	5.8500	18			
586	5.8600	23			
587	5.8700	28			
588	5.8800	32			
589	5.8900	36			
590	5.9000	41			
591	5.9100	45			
592	5.9200	48			
593	5.9300	52			
594	5.9400	55			
595	5.9500	58			
596	5.9600	61			
597	5.9700	64			
598	5.9800	66			
599	5.9900	68			
600	6.0000	69			
601	6.0100	70			
602	6.0200	71			
603	6.0300	72			
604	6.0400	72			
605	6.0500	72			
606	6.0600	71			
607	6.0700	70			
608	6.0800	69			
609	6.0900	67			
610	6.1000	66			
611	6.1100	63			
612	6.1200	61			
613	6.1300	58			
614	6.1400	55			
615	6.1500	52			
616	6.1600	48			
617	6.1700	44			
618	6.1800	40			
619	6.1900	36			
620	6.2000	32			
621	6.2100	27			
622	6.2200	22			
623	6.2300	18			
624	6.2400	13			
625	6.2500	8			
626	6.2600	3			
627	6.2700	-2			
628	6.2800	-7			
629	6.2900	-12			
630	6.3000	-17			
631	6.3100	-22			
632	6.3200	-26			
633	6.3300	-31			
634	6.3400	-35			
635	6.3500	-40			
636	6.3600	-44			
637	6.3700	-48			
638	6.3800	-51			
639	6.3900	-54			
640	6.4000	-58			
641	6.4100	-60			
642	6.4200	-63			
643	6.4300	-65			
644	6.4400	-67			
645	6.4500	-68			
646	6.4600	-70			
647	6.4700	-71			
648	6.4800	-71			
649	6.4900	-71			
650	6.5000	-71			
651	6.5100	-71			
652	6.5200	-70			
653	6.5300	-69			
654	6.5400	-67			
655	6.5500	-66			
656	6.5600	-63			
657	6.5700	-61			
658	6.5800	-58			
659	6.5900	-55			
660	6.6000	-52			
661	6.6100	-48			
662	6.6200	-45			
663	6.6300	-40			
664	6.6400	-36			
665	6.6500	-32			
666	6.6600	-28			
667	6.6700	-23			
668	6.6800	-18			
669	6.6900	-14			
670	6.7000	-8			
671	6.7100	-4			
672	6.7200	2			
673	6.7300	6			
674	6.7400	11			
675	6.7500	16			
676	6.7600	21			
677	6.7700	26			
678	6.7800	30			
679	6.7900	34			
680	6.8000	39			
681	6.8100	43			
682	6.8200	47			
683	6.8300	50			
684	6.8400	54			
685	6.8500	57			
686	6.8600	60			
687	6.8700	62			
688	6.8800	64			
689	6.8900	66			
690	6.9000	68			
691	6.9100	69			
692	6.9200	70			
693	6.9300	71			
694	6.9400	71			
695	6.9500	71			
696	6.9600	71			
697	6.9700	70			
698	6.9800	69			
699	6.9900	68			
700	7.0000	66			
701	7.0100	64			
702	7.0200	61			
703	7.0300	58			
704	7.0400	56			
705	7.0500	52			
706	7.0600	49			
707	7.0700	45			
708	7.0800	41			
709	7.0900	37			
710	7.1000	33			
711	7.1100	28			
712	7.1200	24			
713	7.1300	19			
714	7.1400	14			
715	7.1500	10			
716	7.1600	4			
717	7.1700	0			
718	7.1800	-5			
719	7.1900	-10			
720	7.2000	-15			
721	7.2100	-20			
722	7.2200	-25			
723	7.2300	-29			
724	7.2400	-34			
725	7.2500	-38			
726	7.2600	-42			
727	7.2700	-46			
728	7.2800	-49			
729	7.2900	-53			
730	7.3000	-56			
731	7.3100	-59			
732	7.3200	-62			
733	7.3300	-64			
734	7.3400	-66			
735	7.3500	-68			
736	7.3600	-69			
737	7.3700	-70			
738	7.3800	-70			
739	7.3900	-71			
740	7.4000	-71			
741	7.4100	-70			
742	7.4200	-70			
743	7.4300	-69			
744	7.4400	-68			
745	7.4500	-66			
746	7.4600	-64			
747	7.4700	-62			
748	7.4800	-59			
749	7.4900	-56			
750	7.5000	-53			
751	7.5100	-49			
752	7.5200	-46			
753	7.5300	-42			
754	7.5400	-38			
755	7.5500	-34			
756	7.5600	-29			
757	7.5700	-24			
758	7.5800	-20			
759	7.5900	-15			
760	7.6000	-10			
761	7.6100	-5			
762	7.6200	0			
763	7.6300	4			
764	7.6400	10			
765	7.6500	14			
766	7.6600	19			
767	7.6700	24			
768	7.6800	28			
769	7.6900	33			
770	7.7000	37			
771	7.7100	41			
772	7.7200	45			
773	7.7300	49			
774	7.7400	52			
775	7.7500	55			
776	7.7600	58			
777	7.7700	61			
778	7.7800	63			
779	7.7900	65			
780	7.8000	67			
781	7.8100	68			
782	7.8200	70			
783	7.8300	70			
784	7.8400	71			
785	7.8500	71			
786	7.8600	70			
787	7.8700	70			
788	7.8800	69			
789	7.8900	68			
790	7.9000	66			
791	7.9100	64			
792	7.9200	62			
793	7.9300	59			
794	7.9400	56			
795	7.9500	53			
796	7.9600	50			
797	7.9700	46			
798	7.9800	43			
799	7.9900	38			
800	8.0000	34			
801	8.0100	30			
802	8.0200	25			
803	8.0300	21			
804	8.0400	16			
805	8.0500	11			
806	8.0600	6			
807	8.0700	2			
808	8.0800	-4			
809	8.0900	-8			
810	8.1000	-13			
811	8.1100	-18			
812	8.1200	-23			
813	8.1300	-27			
814	8.1400	-32			
815	8.1500	-36			
816	8.1600	-40			
817	8.1700	-44			
818	8.1800	-48			
819	8.1900	-51			
820	8.2000	-54			
821	8.2100	-58			
822	8.2200	-60			
823	8.2300	-62			
824	8.2400	-65			
825	8.2500	-66			
826	8.2600	-68			
827	8.2700	-69			
828	8.2800	-70			
829	8.2900	-70			
830	8.3000	-70			
831	8.3100	-70			
832	8.3200	-70			
833	8.3300	-69			
834	8.3400	-68			
835	8.3500	-66			
836	8.3600	-64			
837	8.3700	-62			
838	8.3800	-60			
839	8.3900	-57			
840	8.4000	-54			
841	8.4100	-50			
842	8.4200	-47			
843	8.4300	-43			
844	8.4400	-39			
845	8.4500	-35			
846	8.4600	-31			
847	8.4700	-26			
848	8.4800	-22			
849	8.4900	-17			
850	8.5000	-12			
851	8.5100	-7			
852	8.5200	-2			
853	8.5300	3			
854	8.5400	8			
855	8.5500	12			
856	8.5600	17			
857	8.5700	22			
858	8.5800	26			
859	8.5900	31			
860	8.6000	35			
861	8.6100	39			
862	8.6200	43			
863	8.6300	47			
864	8.6400	50			
865	8.6500	54			
866	8.6600	57			
867	8.6700	60			
868	8.6800	62			
869	8.6900	64			
870	8.7000	66			
871	8.7100	67			
872	8.7200	68			
873	8.7300	69			
874	8.7400	70			
875	8.7500	70			
876	8.7600	70			
877	8.7700	70			
878	8.7800	69			
879	8.7900	68			
880	8.8000	66			
881	8.8100	64			
882	8.8200	62			
883	8.8300	60			
884	8.8400	57			
885	8.8500	54			
886	8.8600	51			
887	8.8700	47			
888	8.8800	44			
889	8.8900	40			
890	8.9000	36			
891	8.9100	31			
892	8.9200	27			
893	8.9300	22			
894	8.9400	18			
895	8.9500	13			
896	8.9600	8			
897	8.9700	3			
898	8.9800	-2			
899	8.9900	-6			
900	9.0000	-11			
901	9.0100	-16			
902	9.0200	-21			
903	9.0300	-25			
904	9.0400	-30			
905	9.0500	-34			
906	9.0600	-38			
907	9.0700	-42			
908	9.0800	-46			
909	9.0900	-50			
910	9.1000	-53			
911	9.1100	-56			
912	9.1200	-59			
913	9.1300	-61			
914	9.1400	-63			
915	9.1500	-65			
916	9.1600	-67			
917	9.1700	-68			
918	9.1800	-69			
919	9.1900	-70			
920	9.2000	-70			
921	9.2100	-70			
922	9.2200	-69			
923	9.2300	-68			
924	9.2400	-68			
925	9.2500	-66			
926	9.2600	-64			
927	9.2700	-62			
928	9.2800	-60			
929	9.2900	-57			
930	9.3000	-54			
931	9.3100	-51			
932	9.3200	-48			
933	9.3300	-44			
934	9.3400	-40			
935	9.3500	-36			
936	9.3600	-32			
937	9.3700	-28			
938	9.3800	-23			
939	9.3900	-18			
940	9.4000	-14			
941	9.4100	-9			
942	9.4200	-4			
943	9.4300	1			
944	9.4400	6			
945	9.4500	10			
946	9.4600	15			
947	9.4700	20			
948	9.4800	24			
949	9.4900	29			
950	9.5000	33			
951	9.5100	37			
952	9.5200	41			
953	9.5300	45			
954	9.5400	49			
955	9.5500	52			
956	9.5600	55			
957	9.5700	58			
958	9.5800	60			
959	9.5900	63			
960	9.6000	64			
961	9.6100	66			
962	9.6200	68			
963	9.6300	68			
964	9.6400	69			
965	9.6500	70			
966	9.6600	70			
967	9.6700	69			
968	9.6800	68			
969	9.6900	67			
970	9.7000	66			
971	9.7100	64			
972	9.7200	62			
973	9.7300	60			
974	9.7400	58			
975	9.7500	55			
976	9.7600	52			
977	9.7700	48			
978	9.7800	45			
979	9.7900	41			
980	9.8000	37			
981	9.8100	33			
982	9.8200	28			
983	9.8300	24			
984	9.8400	19			
985	9.8500	15			
986	9.8600	10			
987	9.8700	5			
988	9.8800	0			
989	9.8900	-4			
990	9.9000	-9			
991	9.9100	-14			
992	9.9200	-19			
993	9.9300	-23			
994	9.9400	-28			
995	9.9500	-32			
996	9.9600	-36			
997	9.9700	-40			
998	9.9800	-44			
999	9.9900	-48			
1000	10.0000	-51			
