#	time(s)	count A	count B	count C	count D
1	0.0100	-116			
2	0.0200	-116			
3	0.0300	-116			
4	0.0400	-116			
5	0.0500	-116			
6	0.0600	-116			
7	0.0700	-116			
8	0.0800	-116			
9	0.0900	-116			
10	0.1000	-116			
11	0.1100	-116			
12	0.1200	-116			
13	0.1300	-116			
14	0.1400	-116			
15	0.1500	-116			
16	0.1600	-116			
17	0.1700	-116			
18	0.1800	-116			
19	0.1900	-116			
20	0.2000	-116			
21	0.2100	-116			
22	0.2200	-116			
23	0.2300	-116			
24	0.2400	-116			
25	0.2500	-116			
26	0.2600	-116			
27	0.2700	-116			
28	0.2800	-115			
29	0.2900	-113			
30	0.3000	-111			
31	0.3100	-109			
32	0.3200	-106			
33	0.3300	-102			
34	0.3400	-98			
35	0.3500	-94			
36	0.3600	-89			
37	0.3700	-84			
38	0.3800	-78			
39	0.3900	-72			
40	0.4000	-66			
41	0.4100	-59			
42	0.4200	-52			
43	0.4300	-45			
44	0.4400	-38			
45	0.4500	-30			
46	0.4600	-23			
47	0.4700	-15			
48	0.4800	-7			
49	0.4900	0			
50	0.5000	8			
51	0.5100	16			
52	0.5200	24			
53	0.5300	31			
54	0.5400	39			
55	0.5500	46			
56	0.5600	53			
57	0.5700	60			
58	0.5800	66			
59	0.5900	72			
60	0.6000	78			
61	0.6100	83			
62	0.6200	88			
63	0.6300	93			
64	0.6400	97			
65	0.6500	100			
66	0.6600	104			
67	0.6700	106			
68	0.6800	109			
69	0.6900	110			
70	0.7000	112			
71	0.7100	112			
72	0.7200	112			
73	0.7300	112			
74	0.7400	111			
75	0.7500	110			
76	0.7600	108			
77	0.7700	105			
78	0.7800	102			
79	0.7900	99			
80	0.8000	95			
81	0.8100	90			
82	0.8200	86			
83	0.8300	81			
84	0.8400	75			
85	0.8500	69			
86	0.8600	63			
87	0.8700	57			
88	0.8800	50			
89	0.8900	43			
90	0.9000	36			
91	0.9100	29			
92	0.9200	21			
93	0.9300	14			
94	0.9400	6			
95	0.9500	-1			
96	0.9600	-9			
97	0.9700	-16			
98	0.9800	-24			
99	0.9900	-31			
100	1.0000	-38			
101	1.0100	-45			
102	1.0200	-52			
103	1.0300	-58			
104	1.0400	-64			
105	1.0500	-70			
106	1.0600	-76			
107	1.0700	-81			
108	1.0800	-86			
109	1.0900	-90			
110	1.1000	-94			
111	1.1100	-98			
112	1.1200	-101			
113	1.1300	-103			
114	1.1400	-106			
115	1.1500	-107			
116	1.1600	-108			
117	1.1700	-109			
118	1.1800	-109			
119	1.1900	-108			
120	1.2000	-107			
121	1.2100	-106			
122	1.2200	-104			
123	1.2300	-102			
124	1.2400	-99			
125	1.2500	-95			
126	1.2600	-92			
127	1.2700	-87			
128	1.2800	-83			
129	1.2900	-78			
130	1.3000	-72			
131	1.3100	-66			
132	1.3200	-60			
133	1.3300	-54			
134	1.3400	-48			
135	1.3500	-41			
136	1.3600	-34			
137	1.3700	-27			
138	1.3800	-20			
139	1.3900	-13			
140	1.4000	-6			
141	1.4100	2			
142	1.4200	9			
143	1.4300	16			
144	1.4400	24			
145	1.4500	31			
146	1.4600	38			
147	1.4700	44			
148	1.4800	51			
149	1.4900	57			
150	1.5000	63			
151	1.5100	69			
152	1.5200	74			
153	1.5300	79			
154	1.5400	84			
155	1.5500	88			
156	1.5600	92			
157	1.5700	95			
158	1.5800	98			
159	1.5900	100			
160	1.6000	102			
161	1.6100	104			
162	1.6200	105			
163	1.6300	105			
164	1.6400	105			
165	1.6500	105			
166	1.6600	104			
167	1.6700	102			
168	1.6800	100			
169	1.6900	98			
170	1.7000	95			
171	1.7100	92			
172	1.7200	88			
173	1.7300	84			
174	1.7400	80			
175	1.7500	75			
176	1.7600	70			
177	1.7700	64			
178	1.7800	58			
179	1.7900	52			
180	1.8000	46			
181	1.8100	39			
182	1.8200	33			
183	1.8300	26			
184	1.8400	19			
185	1.8500	12			
186	1.8600	5			
187	1.8700	-2			
188	1.8800	-9			
189	1.8900	-16			
190	1.9000	-23			
191	1.9100	-30			
192	1.9200	-37			
193	1.9300	-43			
194	1.9400	-50			
195	1.9500	-56			
196	1.9600	-61			
197	1.9700	-67			
198	1.9800	-72			
199	1.9900	-77			
200	2.0000	-81			
201	2.0100	-85			
202	2.0200	-89			
203	2.0300	-92			
204	2.0400	-95			
205	2.0500	-97			
206	2.0600	-99			
207	2.0700	-100			
208	2.0800	-101			
209	2.0900	-102			
210	2.1000	-102			
211	2.1100	-101			
212	2.1200	-100			
213	2.1300	-99			
214	2.1400	-97			
215	2.1500	-95			
216	2.1600	-92			
217	2.1700	-89			
218	2.1800	-85			
219	2.1900	-81			
220	2.2000	-77			
221	2.2100	-72			
222	2.2200	-67			
223	2.2300	-62			
224	2.2400	-56			
225	2.2500	-50			
226	2.2600	-44			
227	2.2700	-38			
228	2.2800	-31			
229	2.2900	-24			
230	2.3000	-18			
231	2.3100	-11			
232	2.3200	-4			
233	2.3300	3			
234	2.3400	10			
235	2.3500	16			
236	2.3600	23			
237	2.3700	30			
238	2.3800	36			
239	2.3900	42			
240	2.4000	48			
241	2.4100	54			
242	2.4200	60			
243	2.4300	65			
244	2.4400	70			
245	2.4500	75			
246	2.4600	79			
247	2.4700	83			
248	2.4800	86			
249	2.4900	89			
250	2.5000	92			
251	2.5100	94			
252	2.5200	96			
253	2.5300	97			
254	2.5400	98			
255	2.5500	99			
256	2.5600	99			
257	2.5700	98			
258	2.5800	97			
259	2.5900	96			
260	2.6000	94			
261	2.6100	92			
262	2.6200	89			
263	2.6300	86			
264	2.6400	82			
265	2.6500	78			
266	2.6600	74			
267	2.6700	69			
268	2.6800	64			
269	2.6900	59			
270	2.7000	54			
271	2.7100	48			
272	2.7200	42			
273	2.7300	36			
274	2.7400	30			
275	2.7500	23			
276	2.7600	17			
277	2.7700	10			
278	2.7800	4			
279	2.7900	-3			
280	2.8000	-10			
281	2.8100	-16			
282	2.8200	-23			
283	2.8300	-29			
284	2.8400	-35			
285	2.8500	-42			
286	2.8600	-47			
287	2.8700	-53			
288	2.8800	-58			
289	2.8900	-63			
290	2.9000	-68			
291	2.9100	-72			
292	2.9200	-76			
293	2.9300	-80			
294	2.9400	-84			
295	2.9500	-86			
296	2.9600	-89			
297	2.9700	-91			
298	2.9800	-93			
299	2.9900	-94			
300	3.0000	-95			
301	3.0100	-95			
302	3.0200	-95			
303	3.0300	-95			
304	3.0400	-94			
305	3.0500	-92			
306	3.0600	-90			
307	3.0700	-88			
308	3.0800	-86			
309	3.0900	-82			
310	3.1000	-79			
311	3.1100	-75			
312	3.1200	-71			
313	3.1300	-67			
314	3.1400	-62			
315	3.1500	-57			
316	3.1600	-52			
317	3.1700	-46			
318	3.1800	-40			
319	3.1900	-34			
320	3.2000	-28			
321	3.2100	-22			
322	3.2200	-16			
323	3.2300	-9			
324	3.2400	-3			
325	3.2500	4			
326	3.2600	10			
327	3.2700	16			
328	3.2800	23			
329	3.2900	29			
330	3.3000	35			
331	3.3100	41			
332	3.3200	46			
333	3.3300	52			
334	3.3400	57			
335	3.3500	62			
336	3.3600	66			
337	3.3700	70			
338	3.3800	74			
339	3.3900	78			
340	3.4000	81			
341	3.4100	84			
342	3.4200	87			
343	3.4300	89			
344	3.4400	90			
345	3.4500	92			
346	3.4600	92			
347	3.4700	92			
348	3.4800	92			
349	3.4900	92			
350	3.5000	91			
351	3.5100	90			
352	3.5200	88			
353	3.5300	86			
354	3.5400	83			
355	3.5500	80			
356	3.5600	76			
357	3.5700	73			
358	3.5800	69			
359	3.5900	64			
360	3.6000	60			
361	3.6100	55			
362	3.6200	50			
363	3.6300	44			
364	3.6400	38			
365	3.6500	33			
366	3.6600	27			
367	3.6700	21			
368	3.6800	15			
369	3.6900	8			
370	3.7000	2			
371	3.7100	-4			
372	3.7200	-10			
373	3.7300	-16			
374	3.7400	-22			
375	3.7500	-28			
376	3.7600	-34			
377	3.7700	-40			
378	3.7800	-45			
379	3.7900	-50			
380	3.8000	-55			
381	3.8100	-60			
382	3.8200	-64			
383	3.8300	-69			
384	3.8400	-72			
385	3.8500	-76			
386	3.8600	-79			
387	3.8700	-82			
388	3.8800	-84			
389	3.8900	-86			
390	3.9000	-88			
391	3.9100	-88			
392	3.9200	-89			
393	3.9300	-90			
394	3.9400	-89			
395	3.9500	-89			
396	3.9600	-88			
397	3.9700	-86			
398	3.9800	-85			
399	3.9900	-82			
400	4.0000	-80			
401	4.0100	-77			
402	4.0200	-74			
403	4.0300	-70			
404	4.0400	-66			
405	4.0500	-62			
406	4.0600	-57			
407	4.0700	-52			
408	4.0800	-48			
409	4.0900	-42			
410	4.1000	-37			
411	4.1100	-31			
412	4.1200	-25			
413	4.1300	-20			
414	4.1400	-14			
415	4.1500	-8			
416	4.1600	-2			
417	4.1700	4			
418	4.1800	10			
419	4.1900	16			
420	4.2000	22			
421	4.2100	28			
422	4.2200	34			
423	4.2300	39			
424	4.2400	44			
425	4.2500	49			
426	4.2600	54			
427	4.2700	59			
428	4.2800	63			
429	4.2900	67			
430	4.3000	70			
431	4.3100	74			
432	4.3200	77			
433	4.3300	79			
434	4.3400	82			
435	4.3500	84			
436	4.3600	85			
437	4.3700	86			
438	4.3800	86			
439	4.3900	87			
440	4.4000	87			
441	4.4100	86			
442	4.4200	85			
443	4.4300	84			
444	4.4400	82			
445	4.4500	80			
446	4.4600	77			
447	4.4700	74			
448	4.4800	71			
449	4.4900	68			
450	4.5000	64			
451	4.5100	60			
452	4.5200	55			
453	4.5300	51			
454	4.5400	46			
455	4.5500	41			
456	4.5600	35			
457	4.5700	30			
458	4.5800	24			
459	4.5900	19			
460	4.6000	13			
461	4.6100	7			
462	4.6200	1			
463	4.6300	-5			
464	4.6400	-10			
465	4.6500	-16			
466	4.6600	-22			
467	4.6700	-27			
468	4.6800	-33			
469	4.6900	-38			
470	4.7000	-43			
471	4.7100	-48			
472	4.7200	-53			
473	4.7300	-57			
474	4.7400	-61			
475	4.7500	-65			
476	4.7600	-68			
477	4.7700	-72			
478	4.7800	-74			
479	4.7900	-77			
480	4.8000	-79			
481	4.8100	-81			
482	4.8200	-82			
483	4.8300	-83			
484	4.8400	-84			
485	4.8500	-84			
486	4.8600	-84			
487	4.8700	-83			
488	4.8800	-82			
489	4.8900	-81			
490	4.9000	-79			
491	4.9100	-77			
492	4.9200	-74			
493	4.9300	-72			
494	4.9400	-69			
495	4.9500	-65			
496	4.9600	-62			
497	4.9700	-58			
498	4.9800	-53			
499	4.9900	-49			
500	5.0000	-44			
501	5.0100	-39			
502	5.0200	-34			
503	5.0300	-28			
504	5.0400	-23			
505	5.0500	-18			
506	5.0600	-12			
507	5.0700	-6			
508	5.0800	-1			
509	5.0900	5			
510	5.1000	11			
511	5.1100	16			
512	5.1200	22			
513	5.1300	27			
514	5.1400	32			
515	5.1500	37			
516	5.1600	42			
517	5.1700	47			
518	5.1800	52			
519	5.1900	56			
520	5.2000	60			
521	5.2100	63			
522	5.2200	67			
523	5.2300	70			
524	5.2400	72			
525	5.2500	75			
526	5.2600	77			
527	5.2700	78			
528	5.2800	80			
529	5.2900	81			
530	5.3000	81			
531	5.3100	82			
532	5.3200	81			
533	5.3300	81			
534	5.3400	80			
535	5.3500	78			
536	5.3600	77			
537	5.3700	74			
538	5.3800	72			
539	5.3900	69			
540	5.4000	66			
541	5.4100	63			
542	5.4200	59			
543	5.4300	55			
544	5.4400	51			
545	5.4500	47			
546	5.4600	42			
547	5.4700	37			
548	5.4800	32			
549	5.4900	27			
550	5.5000	22			
551	5.5100	16			
552	5.5200	11			
553	5.5300	6			
554	5.5400	0			
555	5.5500	-5			
556	5.5600	-11			
557	5.5700	-16			
558	5.5800	-21			
559	5.5900	-26			
560	5.6000	-32			
561	5.6100	-36			
562	5.6200	-41			
563	5.6300	-46			
564	5.6400	-50			
565	5.6500	-54			
566	5.6600	-58			
567	5.6700	-62			
568	5.6800	-65			
569	5.6900	-68			
570	5.7000	-70			
571	5.7100	-72			
572	5.7200	-74			
573	5.7300	-76			
574	5.7400	-77			
575	5.7500	-78			
576	5.7600	-79			
577	5.7700	-79			
578	5.7800	-79			
579	5.7900	-78			
580	5.8000	-77			
581	5.8100	-76			
582	5.8200	-74			
583	5.8300	-72			
584	5.8400	-70			
585	5.8500	-67			
586	5.8600	-64			
587	5.8700	-61			
588	5.8800	-57			
589	5.8900	-53			
590	5.9000	-49			
591	5.9100	-45			
592	5.9200	-40			
593	5.9300	-36			
594	5.9400	-31			
595	5.9500	-26			
596	5.9600	-21			
597	5.9700	-16			
598	5.9800	-10			
599	5.9900	-5			
600	6.0000	0			
601	6.0100	6			
602	6.0200	11			
603	6.0300	16			
604	6.0400	21			
605	6.0500	26			
606	6.0600	31			
607	6.0700	36			
608	6.0800	40			
609	6.0900	45			
610	6.1000	49			
611	6.1100	53			
612	6.1200	56			
613	6.1300	60			
614	6.1400	63			
615	6.1500	66			
616	6.1600	68			
617	6.1700	70			
618	6.1800	72			
619	6.1900	74			
620	6.2000	75			
621	6.2100	76			
622	6.2200	76			
623	6.2300	76			
624	6.2400	76			
625	6.2500	76			
626	6.2600	74			
627	6.2700	73			
628	6.2800	72			
629	6.2900	70			
630	6.3000	67			
631	6.3100	65			
632	6.3200	62			
633	6.3300	58			
634	6.3400	55			
635	6.3500	51			
636	6.3600	47			
637	6.3700	43			
638	6.3800	39			
639	6.3900	34			
640	6.4000	30			
641	6.4100	25			
642	6.4200	20			
643	6.4300	15			
644	6.4400	10			
645	6.4500	5			
646	6.4600	0			
647	6.4700	-6			
648	6.4800	-11			
649	6.4900	-16			
650	6.5000	-21			
651	6.5100	-26			
652	6.5200	-30			
653	6.5300	-35			
654	6.5400	-39			
655	6.5500	-44			
656	6.5600	-48			
657	6.5700	-52			
658	6.5800	-55			
659	6.5900	-58			
660	6.6000	-61			
661	6.6100	-64			
662	6.6200	-66			
663	6.6300	-68			
664	6.6400	-70			
665	6.6500	-72			
666	6.6600	-73			
667	6.6700	-74			
668	6.6800	-74			
669	6.6900	-74			
670	6.7000	-74			
671	6.7100	-73			
672	6.7200	-72			
673	6.7300	-71			
674	6.7400	-69			
675	6.7500	-67			
676	6.7600	-65			
677	6.7700	-62			
678	6.7800	-60			
679	6.7900	-56			
680	6.8000	-53			
681	6.8100	-49			
682	6.8200	-46			
683	6.8300	-41			
684	6.8400	-37			
685	6.8500	-33			
686	6.8600	-28			
687	6.8700	-24			
688	6.8800	-19			
689	6.8900	-14			
690	6.9000	-9			
691	6.9100	-4			
692	6.9200	1			
693	6.9300	6			
694	6.9400	11			
695	6.9500	16			
696	6.9600	21			
697	6.9700	25			
698	6.9800	30			
699	6.9900	34			
700	7.0000	38			
701	7.0100	43			
702	7.0200	46			
703	7.0300	50			
704	7.0400	54			
705	7.0500	57			
706	7.0600	60			
707	7.0700	62			
708	7.0800	64			
709	7.0900	66			
710	7.1000	68			
711	7.1100	70			
712	7.1200	70			
713	7.1300	71			
714	7.1400	72			
715	7.1500	72			
716	7.1600	71			
717	7.1700	71			
718	7.1800	70			
719	7.1900	68			
720	7.2000	67			
721	7.2100	65			
722	7.2200	63			
723	7.2300	60			
724	7.2400	57			
725	7.2500	54			
726	7.2600	51			
727	7.2700	48			
728	7.2800	44			
729	7.2900	40			
730	7.3000	36			
731	7.3100	31			
732	7.3200	27			
733	7.3300	22			
734	7.3400	18			
735	7.3500	13			
736	7.3600	8			
737	7.3700	3			
738	7.3800	-2			
739	7.3900	-6			
740	7.4000	-11			
741	7.4100	-16			
742	7.4200	-20			
743	7.4300	-25			
744	7.4400	-29			
745	7.4500	-34			
746	7.4600	-38			
747	7.4700	-42			
748	7.4800	-45			
749	7.4900	-49			
750	7.5000	-52			
751	7.5100	-55			
752	7.5200	-58			
753	7.5300	-60			
754	7.5400	-63			
755	7.5500	-64			
756	7.5600	-66			
757	7.5700	-67			
758	7.5800	-68			
759	7.5900	-69			
760	7.6000	-69			
761	7.6100	-69			
762	7.6200	-69			
763	7.6300	-68			
764	7.6400	-67			
765	7.6500	-66			
766	7.6600	-64			
767	7.6700	-63			
768	7.6800	-60			
769	7.6900	-58			
770	7.7000	-55			
771	7.7100	-52			
772	7.7200	-49			
773	7.7300	-46			
774	7.7400	-42			
775	7.7500	-38			
776	7.7600	-34			
777	7.7700	-30			
778	7.7800	-26			
779	7.7900	-21			
780	7.8000	-17			
781	7.8100	-12			
782	7.8200	-7			
783	7.8300	-3			
784	7.8400	2			
785	7.8500	7			
786	7.8600	11			
787	7.8700	16			
788	7.8800	20			
789	7.8900	25			
790	7.9000	29			
791	7.9100	33			
792	7.9200	37			
793	7.9300	41			
794	7.9400	44			
795	7.9500	48			
796	7.9600	51			
797	7.9700	54			
798	7.9800	56			
799	7.9900	59			
800	8.0000	61			
801	8.0100	63			
802	8.0200	64			
803	8.0300	66			
804	8.0400	66			
805	8.0500	67			
806	8.0600	67			
807	8.0700	67			
808	8.0800	67			
809	8.0900	66			
810	8.1000	65			
811	8.1100	64			
812	8.1200	62			
813	8.1300	60			
814	8.1400	58			
815	8.1500	56			
816	8.1600	53			
817	8.1700	50			
818	8.1800	47			
819	8.1900	44			
820	8.2000	40			
821	8.2100	36			
822	8.2200	33			
823	8.2300	28			
824	8.2400	24			
825	8.2500	20			
826	8.2600	16			
827	8.2700	11			
828	8.2800	7			
829	8.2900	2			
830	8.3000	-2			
831	8.3100	-7			
832	8.3200	-11			
833	8.3300	-16			
834	8.3400	-20			
835	8.3500	-24			
836	8.3600	-28			
837	8.3700	-32			
838	8.3800	-36			
839	8.3900	-40			
840	8.4000	-43			
841	8.4100	-46			
842	8.4200	-50			
843	8.4300	-52			
844	8.4400	-55			
845	8.4500	-57			
846	8.4600	-59			
847	8.4700	-61			
848	8.4800	-62			
849	8.4900	-64			
850	8.5000	-64			
851	8.5100	-65			
852	8.5200	-65			
853	8.5300	-65			
854	8.5400	-65			
855	8.5500	-64			
856	8.5600	-63			
857	8.5700	-62			
858	8.5800	-60			
859	8.5900	-58			
860	8.6000	-56			
861	8.6100	-54			
862	8.6200	-51			
863	8.6300	-48			
864	8.6400	-45			
865	8.6500	-42			
866	8.6600	-39			
867	8.6700	-35			
868	8.6800	-31			
869	8.6900	-27			
870	8.7000	-23			
871	8.7100	-19			
872	8.7200	-15			
873	8.7300	-10			
874	8.7400	-6			
875	8.7500	-2			
876	8.7600	3			
877	8.7700	7			
878	8.7800	11			
879	8.7900	16			
880	8.8000	20			
881	8.8100	24			
882	8.8200	28			
883	8.8300	32			
884	8.8400	35			
885	8.8500	39			
886	8.8600	42			
887	8.8700	45			
888	8.8800	48			
889	8.8900	51			
890	8.9000	53			
891	8.9100	56			
892	8.9200	58			
893	8.9300	59			
894	8.9400	60			
895	8.9500	62			
896	8.9600	62			
897	8.9700	63			
898	8.9800	63			
899	8.9900	63			
900	9.0000	62			
901	9.0100	62			
902	9.0200	61			
903	9.0300	60			
904	9.0400	58			
905	9.0500	56			
906	9.0600	54			
907	9.0700	52			
908	9.0800	50			
909	9.0900	47			
910	9.1000	44			
911	9.1100	40			
912	9.1200	37			
913	9.1300	34			
914	9.1400	30			
915	9.1500	26			
916	9.1600	22			
917	9.1700	18			
918	9.1800	14			
919	9.1900	10			
920	9.2000	6			
921	9.2100	1			
922	9.2200	-3			
923	9.2300	-7			
924	9.2400	-11			
925	9.2500	-16			
926	9.2600	-20			
927	9.2700	-24			
928	9.2800	-27			
929	9.2900	-31			
930	9.3000	-34			
931	9.3100	-38			
932	9.3200	-41			
933	9.3300	-44			
934	9.3400	-47			
935	9.3500	-50			
936	9.3600	-52			
937	9.3700	-54			
938	9.3800	-56			
939	9.3900	-57			
940	9.4000	-59			
941	9.4100	-60			
942	9.4200	-60			
943	9.4300	-61			
944	9.4400	-61			
945	9.4500	-61			
946	9.4600	-60			
947	9.4700	-60			
948	9.4800	-59			
949	9.4900	-58			
950	9.5000	-56			
951	9.5100	-54			
952	9.5200	-52			
953	9.5300	-50			
954	9.5400	-48			
955	9.5500	-45			
956	9.5600	-42			
957	9.5700	-39			
958	9.5800	-36			
959	9.5900	-32			
960	9.6000	-29			
961	9.6100	-25			
962	9.6200	-21			
963	9.6300	-17			
964	9.6400	-13			
965	9.6500	-9			
966	9.6600	-5			
967	9.6700	-1			
968	9.6800	3			
969	9.6900	7			
970	9.7000	12			
971	9.7100	16			
972	9.7200	19			
973	9.7300	23			
974	9.7400	27			
975	9.7500	30			
976	9.7600	34			
977	9.7700	37			
978	9.7800	40			
979	9.7900	43			
980	9.8000	46			
981	9.8100	48			
982	9.8200	50			
983	9.8300	52			
984	9.8400	54			
985	9.8500	56			
986	9.8600	57			
987	9.8700	58			
988	9.8800	59			
989	9.8900	59			
990	9.9000	59			
991	9.9100	59			
992	9.9200	59			
993	9.9300	58			
994	9.9400	57			
995	9.9500	56			
996	9.9600	54			
997	9.9700	53			
998	9.9800	51			
999	9.9900	48			
1000	10.0000	46			
1001	10.0100	43			
1002	10.0200	40			
1003	10.0300	38			
1004	10.0400	34			
1005	10.0500	31			
1006	10.0600	28			
1007	10.0700	24			
1008	10.0800	20			
1009	10.0900	16			
1010	10.1000	12			
1011	10.1100	8			
1012	10.1200	4			
1013	10.1300	0			
1014	10.1400	-4			
1015	10.1500	-7			
1016	10.1600	-11			
1017	10.1700	-15			
1018	10.1800	-19			
1019	10.1900	-22			
1020	10.2000	-26			
1021	10.2100	-30			
1022	10.2200	-33			
1023	10.2300	-36			
1024	10.2400	-39			
1025	10.2500	-42			
1026	10.2600	-44			
1027	10.2700	-47			
1028	10.2800	-49			
1029	10.2900	-51			
1030	10.3000	-52			
1031	10.3100	-54			
1032	10.3200	-55			
1033	10.3300	-56			
1034	10.3400	-57			
1035	10.3500	-57			
1036	10.3600	-57			
1037	10.3700	-57			
1038	10.3800	-57			
1039	10.3900	-56			
1040	10.4000	-55			
1041	10.4100	-54			
1042	10.4200	-52			
1043	10.4300	-51			
1044	10.4400	-49			
1045	10.4500	-47			
1046	10.4600	-44			
1047	10.4700	-42			
1048	10.4800	-39			
1049	10.4900	-36			
1050	10.5000	-33			
1051	10.5100	-30			
1052	10.5200	-26			
1053	10.5300	-23			
1054	10.5400	-19			
1055	10.5500	-15			
1056	10.5600	-12			
1057	10.5700	-8			
1058	10.5800	-4			
1059	10.5900	0			
1060	10.6000	4			
1061	10.6100	8			
1062	10.6200	11			
1063	10.6300	15			
1064	10.6400	19			
1065	10.6500	22			
1066	10.6600	26			
1067	10.6700	29			
1068	10.6800	32			
1069	10.6900	35			
1070	10.7000	38			
1071	10.7100	41			
1072	10.7200	43			
1073	10.7300	46			
1074	10.7400	48			
1075	10.7500	50			
1076	10.7600	51			
1077	10.7700	52			
1078	10.7800	54			
1079	10.7900	54			
1080	10.8000	55			
1081	10.8100	56			
1082	10.8200	56			
1083	10.8300	55			
1084	10.8400	55			
1085	10.8500	54			
1086	10.8600	53			
1087	10.8700	52			
1088	10.8800	51			
1089	10.8900	49			
1090	10.9000	47			
1091	10.9100	45			
1092	10.9200	43			
1093	10.9300	40			
1094	10.9400	38			
1095	10.9500	35			
1096	10.9600	32			
1097	10.9700	28			
1098	10.9800	25			
1099	10.9900	22			
1100	11.0000	18			
1101	11.0100	15			
1102	11.0200	11			
1103	11.0300	7			
1104	11.0400	4			
1105	11.0500	0			
1106	11.0600	-4			
1107	11.0700	-8			
1108	11.0800	-11			
1109	11.0900	-15			
1110	11.1000	-18			
1111	11.1100	-22			
1112	11.1200	-25			
1113	11.1300	-28			
1114	11.1400	-31			
1115	11.1500	-34			
1116	11.1600	-37			
1117	11.1700	-40			
1118	11.1800	-42			
1119	11.1900	-44			
1120	11.2000	-46			
1121	11.2100	-48			
1122	11.2200	-50			
1123	11.2300	-51			
1124	11.2400	-52			
1125	11.2500	-53			
1126	11.2600	-53			
1127	11.2700	-54			
1128	11.2800	-54			
1129	11.2900	-54			
1130	11.3000	-53			
1131	11.3100	-52			
1132	11.3200	-52			
1133	11.3300	-50			
1134	11.3400	-49			
1135	11.3500	-47			
1136	11.3600	-46			
1137	11.3700	-43			
1138	11.3800	-41			
1139	11.3900	-39			
1140	11.4000	-36			
1141	11.4100	-33			
1142	11.4200	-30			
1143	11.4300	-27			
1144	11.4400	-24			
1145	11.4500	-21			
1146	11.4600	-17			
1147	11.4700	-14			
1148	11.4800	-10			
1149	11.4900	-7			
1150	11.5000	-3			
1151	11.5100	0			
1152	11.5200	4			
1153	11.5300	8			
1154	11.5400	11			
1155	11.5500	15			
1156	11.5600	18			
1157	11.5700	22			
1158	11.5800	25			
1159	11.5900	28			
1160	11.6000	31			
1161	11.6100	34			
1162	11.6200	36			
1163	11.6300	39			
1164	11.6400	41			
1165	11.6500	43			
1166	11.6600	45			
1167	11.6700	47			
1168	11.6800	48			
1169	11.6900	50			
1170	11.7000	50			
1171	11.7100	51			
1172	11.7200	52			
1173	11.7300	52			
1174	11.7400	52			
1175	11.7500	52			
1176	11.7600	52			
1177	11.7700	51			
1178	11.7800	50			
1179	11.7900	49			
1180	11.8000	47			
1181	11.8100	46			
1182	11.8200	44			
1183	11.8300	42			
1184	11.8400	40			
1185	11.8500	37			
1186	11.8600	35			
1187	11.8700	32			
1188	11.8800	29			
1189	11.8900	26			
1190	11.9000	23			
1191	11.9100	20			
1192	11.9200	17			
1193	11.9300	13			
1194	11.9400	10			
1195	11.9500	6			
1196	11.9600	3			
1197	11.9700	-1			
1198	11.9800	-4			
1199	11.9900	-8			
1200	12.0000	-11			
1201	12.0100	-14			
1202	12.0200	-18			
1203	12.0300	-21			
1204	12.0400	-24			
1205	12.0500	-27			
1206	12.0600	-30			
1207	12.0700	-32			
1208	12.0800	-35			
1209	12.0900	-38			
1210	12.1000	-40			
1211	12.1100	-42			
1212	12.1200	-44			
1213	12.1300	-45			
1214	12.1400	-47			
1215	12.1500	-48			
1216	12.1600	-49			
1217	12.1700	-50			
1218	12.1800	-50			
1219	12.1900	-50			
1220	12.2000	-50			
1221	12.2100	-50			
1222	12.2200	-50			
1223	12.2300	-49			
1224	12.2400	-48			
1225	12.2500	-47			
1226	12.2600	-46			
1227	12.2700	-44			
1228	12.2800	-42			
1229	12.2900	-40			
1230	12.3000	-38			
1231	12.3100	-36			
1232	12.3200	-33			
1233	12.3300	-31			
1234	12.3400	-28			
1235	12.3500	-25			
1236	12.3600	-22			
1237	12.3700	-19			
1238	12.3800	-16			
1239	12.3900	-12			
1240	12.4000	-9			
1241	12.4100	-6			
1242	12.4200	-2			
1243	12.4300	1			
1244	12.4400	4			
1245	12.4500	8			
1246	12.4600	11			
1247	12.4700	14			
1248	12.4800	18			
1249	12.4900	21			
1250	12.5000	24			
1251	12.5100	26			
1252	12.5200	29			
1253	12.5300	32			
1254	12.5400	34			
1255	12.5500	37			
1256	12.5600	39			
1257	12.5700	41			
1258	12.5800	42			
1259	12.5900	44			
1260	12.6000	46			
1261	12.6100	46			
1262	12.6200	48			
1263	12.6300	48			
1264	12.6400	49			
1265	12.6500	49			
1266	12.6600	49			
1267	12.6700	49			
1268	12.6800	48			
1269	12.6900	48			
1270	12.7000	47			
1271	12.7100	46			
1272	12.7200	44			
1273	12.7300	43			
1274	12.7400	41			
1275	12.7500	39			
1276	12.7600	37			
1277	12.7700	35			
1278	12.7800	32			
1279	12.7900	30			
1280	12.8000	27			
1281	12.8100	24			
1282	12.8200	21			
1283	12.8300	18			
1284	12.8400	15			
1285	12.8500	12			
1286	12.8600	9			
1287	12.8700	6			
1288	12.8800	2			
1289	12.8900	-1			
1290	12.9000	-4			
1291	12.9100	-8			
1292	12.9200	-11			
1293	12.9300	-14			
1294	12.9400	-17			
1295	12.9500	-20			
1296	12.9600	-23			
1297	12.9700	-26			
1298	12.9800	-28			
1299	12.9900	-31			
1300	13.0000	-33			
1301	13.0100	-36			
1302	13.0200	-38			
1303	13.0300	-40			
1304	13.0400	-41			
1305	13.0500	-43			
1306	13.0600	-44			
1307	13.0700	-45			
1308	13.0800	-46			
1309	13.0900	-47			
1310	13.1000	-47			
1311	13.1100	-47			
1312	13.1200	-47			
1313	13.1300	-47			
1314	13.1400	-46			
1315	13.1500	-46			
1316	13.1600	-45			
1317	13.1700	-44			
1318	13.1800	-43			
1319	13.1900	-41			
1320	13.2000	-40			
1321	13.2100	-38			
1322	13.2200	-36			
1323	13.2300	-33			
1324	13.2400	-31			
1325	13.2500	-28			
1326	13.2600	-26			
1327	13.2700	-23			
1328	13.2800	-20			
1329	13.2900	-17			
1330	13.3000	-14			
1331	13.3100	-11			
1332	13.3200	-8			
1333	13.3300	-5			
1334	13.3400	-2			
1335	13.3500	2			
1336	13.3600	5			
1337	13.3700	8			
1338	13.3800	11			
1339	13.3900	14			
1340	13.4000	17			
1341	13.4100	20			
1342	13.4200	23			
1343	13.4300	25			
1344	13.4400	28			
1345	13.4500	30			
1346	13.4600	33			
1347	13.4700	35			
1348	13.4800	37			
1349	13.4900	38			
1350	13.5000	40			
1351	13.5100	42			
1352	13.5200	43			
1353	13.5300	44			
1354	13.5400	45			
1355	13.5500	45			
1356	13.5600	46			
1357	13.5700	46			
1358	13.5800	46			
1359	13.5900	46			
1360	13.6000	45			
1361	13.6100	44			
1362	13.6200	44			
1363	13.6300	42			
1364	13.6400	41			
1365	13.6500	40			
1366	13.6600	38			
1367	13.6700	36			
1368	13.6800	34			
1369	13.6900	32			
1370	13.7000	30			
1371	13.7100	28			
1372	13.7200	25			
1373	13.7300	22			
1374	13.7400	20			
1375	13.7500	17			
1376	13.7600	14			
1377	13.7700	11			
1378	13.7800	8			
1379	13.7900	5			
1380	13.8000	2			
1381	13.8100	-2			
1382	13.8200	-5			
1383	13.8300	-8			
1384	13.8400	-11			
1385	13.8500	-14			
1386	13.8600	-16			
1387	13.8700	-19			
1388	13.8800	-22			
1389	13.8900	-25			
1390	13.9000	-27			
1391	13.9100	-30			
1392	13.9200	-32			
1393	13.9300	-34			
1394	13.9400	-36			
1395	13.9500	-37			
1396	13.9600	-39			
1397	13.9700	-40			
1398	13.9800	-42			
1399	13.9900	-42			
1400	14.0000	-43			
1401	14.0100	-44			
1402	14.0200	-44			
1403	14.0300	-44			
1404	14.0400	-44			
1405	14.0500	-44			
1406	14.0600	-44			
1407	14.0700	-43			
1408	14.0800	-42			
1409	14.0900	-41			
1410	14.1000	-40			
1411	14.1100	-38			
1412	14.1200	-37			
1413	14.1300	-35			
1414	14.1400	-33			
1415	14.1500	-31			
1416	14.1600	-29			
1417	14.1700	-26			
1418	14.1800	-24			
1419	14.1900	-21			
1420	14.2000	-18			
1421	14.2100	-16			
1422	14.2200	-13			
1423	14.2300	-10			
1424	14.2400	-7			
1425	14.2500	-4			
1426	14.2600	-1			
1427	14.2700	2			
1428	14.2800	5			
1429	14.2900	8			
1430	14.3000	11			
1431	14.3100	14			
1432	14.3200	16			
1433	14.3300	19			
1434	14.3400	22			
1435	14.3500	24			
1436	14.3600	26			
1437	14.3700	29			
1438	14.3800	31			
1439	14.3900	33			
1440	14.4000	35			
1441	14.4100	36			
1442	14.4200	38			
1443	14.4300	39			
1444	14.4400	40			
1445	14.4500	41			
1446	14.4600	42			
1447	14.4700	42			
1448	14.4800	43			
1449	14.4900	43			
1450	14.5000	43			
1451	14.5100	43			
1452	14.5200	42			
1453	14.5300	42			
1454	14.5400	41			
1455	14.5500	40			
1456	14.5600	38			
1457	14.5700	37			
1458	14.5800	36			
1459	14.5900	34			
1460	14.6000	32			
1461	14.6100	30			
1462	14.6200	28			
1463	14.6300	25			
1464	14.6400	23			
1465	14.6500	20			
1466	14.6600	18			
1467	14.6700	15			
1468	14.6800	12			
1469	14.6900	10			
1470	14.7000	7			
1471	14.7100	4			
1472	14.7200	1			
1473	14.7300	-2			
1474	14.7400	-5			
1475	14.7500	-8			
1476	14.7600	-10			
1477	14.7700	-13			
1478	14.7800	-16			
1479	14.7900	-19			
1480	14.8000	-21			
1481	14.8100	-24			
1482	14.8200	-26			
1483	14.8300	-28			
1484	14.8400	-30			
1485	14.8500	-32			
1486	14.8600	-34			
1487	14.8700	-35			
1488	14.8800	-37			
1489	14.8900	-38			
1490	14.9000	-39			
1491	14.9100	-40			
1492	14.9200	-41			
1493	14.9300	-41			
1494	14.9400	-42			
1495	14.9500	-42			
1496	14.9600	-42			
1497	14.9700	-41			
1498	14.9800	-41			
1499	14.9900	-40			
1500	15.0000	-39			
1501	15.0100	-38			
1502	15.0200	-37			
1503	15.0300	-36			
1504	15.0400	-34			
1505	15.0500	-32			
1506	15.0600	-30			
1507	15.0700	-28			
1508	15.0800	-26			
1509	15.0900	-24			
1510	15.1000	-22			
1511	15.1100	-19			
1512	15.1200	-17			
1513	15.1300	-14			
1514	15.1400	-12			
1515	15.1500	-9			
1516	15.1600	-6			
1517	15.1700	-3			
1518	15.1800	0			
1519	15.1900	2			
1520	15.2000	5			
1521	15.2100	8			
1522	15.2200	11			
1523	15.2300	13			
1524	15.2400	16			
1525	15.2500	18			
1526	15.2600	21			
1527	15.2700	23			
1528	15.2800	25			
1529	15.2900	28			
1530	15.3000	30			
1531	15.3100	31			
1532	15.3200	33			
1533	15.3300	34			
1534	15.3400	36			
1535	15.3500	37			
1536	15.3600	38			
1537	15.3700	39			
1538	15.3800	40			
1539	15.3900	40			
1540	15.4000	40			
1541	15.4100	40			
1542	15.4200	40			
1543	15.4300	40			
1544	15.4400	40			
1545	15.4500	39			
1546	15.4600	38			
1547	15.4700	37			
1548	15.4800	36			
1549	15.4900	34			
1550	15.5000	33			
1551	15.5100	31			
1552	15.5200	30			
1553	15.5300	28			
1554	15.5400	26			
1555	15.5500	23			
1556	15.5600	21			
1557	15.5700	19			
1558	15.5800	16			
1559	15.5900	14			
1560	15.6000	11			
1561	15.6100	8			
1562	15.6200	6			
1563	15.6300	3			
1564	15.6400	0			
1565	15.6500	-2			
1566	15.6600	-5			
1567	15.6700	-8			
1568	15.6800	-10			
1569	15.6900	-13			
1570	15.7000	-16			
1571	15.7100	-18			
1572	15.7200	-20			
1573	15.7300	-22			
1574	15.7400	-25			
1575	15.7500	-27			
1576	15.7600	-28			
1577	15.7700	-30			
1578	15.7800	-32			
1579	15.7900	-34			
1580	15.8000	-35			
1581	15.8100	-36			
1582	15.8200	-37			
1583	15.8300	-38			
1584	15.8400	-38			
1585	15.8500	-39			
1586	15.8600	-39			
1587	15.8700	-39			
1588	15.8800	-39			
1589	15.8900	-39			
1590	15.9000	-38			
1591	15.9100	-38			
1592	15.9200	-37			
1593	15.9300	-36			
1594	15.9400	-34			
1595	15.9500	-33			
1596	15.9600	-32			
1597	15.9700	-30			
1598	15.9800	-28			
1599	15.9900	-26			
1600	16.0000	-24			
1601	16.0100	-22			
1602	16.0200	-20			
1603	16.0300	-18			
1604	16.0400	-15			
1605	16.0500	-13			
1606	16.0600	-10			
1607	16.0700	-8			
1608	16.0800	-5			
1609	16.0900	-2			
1610	16.1000	0			
1611	16.1100	3			
1612	16.1200	5			
1613	16.1300	8			
1614	16.1400	10			
1615	16.1500	13			
1616	16.1600	15			
1617	16.1700	18			
1618	16.1800	20			
1619	16.1900	22			
1620	16.2000	24			
1621	16.2100	26			
1622	16.2200	28			
1623	16.2300	30			
1624	16.2400	31			
1625	16.2500	33			
1626	16.2600	34			
1627	16.2700	35			
1628	16.2800	36			
1629	16.2900	37			
1630	16.3000	37			
1631	16.3100	38			
1632	16.3200	38			
1633	16.3300	38			
1634	16.3400	38			
1635	16.3500	38			
1636	16.3600	37			
1637	16.3700	36			
1638	16.3800	36			
1639	16.3900	34			
1640	16.4000	34			
1641	16.4100	32			
1642	16.4200	31			
1643	16.4300	29			
1644	16.4400	27			
1645	16.4500	26			
1646	16.4600	24			
1647	16.4700	22			
1648	16.4800	19			
1649	16.4900	17			
1650	16.5000	15			
1651	16.5100	12			
1652	16.5200	10			
1653	16.5300	8			
1654	16.5400	5			
1655	16.5500	2			
1656	16.5600	0			
1657	16.5700	-3			
1658	16.5800	-5			
1659	16.5900	-8			
1660	16.6000	-10			
1661	16.6100	-13			
1662	16.6200	-15			
1663	16.6300	-17			
1664	16.6400	-20			
1665	16.6500	-22			
1666	16.6600	-24			
1667	16.6700	-26			
1668	16.6800	-27			
1669	16.6900	-29			
1670	16.7000	-30			
1671	16.7100	-32			
1672	16.7200	-33			
1673	16.7300	-34			
1674	16.7400	-35			
1675	16.7500	-36			
1676	16.7600	-36			
1677	16.7700	-36			
1678	16.7800	-36			
1679	16.7900	-37			
1680	16.8000	-36			
1681	16.8100	-36			
1682	16.8200	-36			
1683	16.8300	-35			
1684	16.8400	-34			
1685	16.8500	-33			
1686	16.8600	-32			
1687	16.8700	-31			
1688	16.8800	-29			
1689	16.8900	-28			
1690	16.9000	-26			
1691	16.9100	-24			
1692	16.9200	-22			
1693	16.9300	-20			
1694	16.9400	-18			
1695	16.9500	-16			
1696	16.9600	-14			
1697	16.9700	-12			
1698	16.9800	-9			
1699	16.9900	-7			
1700	17.0000	-4			
1701	17.0100	-2			
1702	17.0200	1			
1703	17.0300	3			
1704	17.0400	6			
1705	17.0500	8			
1706	17.0600	10			
1707	17.0700	13			
1708	17.0800	15			
1709	17.0900	17			
1710	17.1000	19			
1711	17.1100	21			
1712	17.1200	23			
1713	17.1300	25			
1714	17.1400	27			
1715	17.1500	28			
1716	17.1600	30			
1717	17.1700	31			
1718	17.1800	32			
1719	17.1900	33			
1720	17.2000	34			
1721	17.2100	34			
1722	17.2200	35			
1723	17.2300	35			
1724	17.2400	36			
1725	17.2500	36			
1726	17.2600	35			
1727	17.2700	35			
1728	17.2800	35			
1729	17.2900	34			
1730	17.3000	33			
1731	17.3100	32			
1732	17.3200	31			
1733	17.3300	30			
1734	17.3400	28			
1735	17.3500	27			
1736	17.3600	25			
1737	17.3700	24			
1738	17.3800	22			
1739	17.3900	20			
1740	17.4000	18			
1741	17.4100	16			
1742	17.4200	13			
1743	17.4300	11			
1744	17.4400	9			
1745	17.4500	6			
1746	17.4600	4			
1747	17.4700	2			
1748	17.4800	-1			
1749	17.4900	-3			
1750	17.5000	-6			
1751	17.5100	-8			
1752	17.5200	-10			
1753	17.5300	-12			
1754	17.5400	-15			
1755	17.5500	-17			
1756	17.5600	-19			
1757	17.5700	-21			
1758	17.5800	-22			
1759	17.5900	-24			
1760	17.6000	-26			
1761	17.6100	-27			
1762	17.6200	-29			
1763	17.6300	-30			
1764	17.6400	-31			
1765	17.6500	-32			
1766	17.6600	-33			
1767	17.6700	-33			
1768	17.6800	-34			
1769	17.6900	-34			
1770	17.7000	-34			
1771	17.7100	-34			
1772	17.7200	-34			
1773	17.7300	-34			
1774	17.7400	-33			
1775	17.7500	-33			
1776	17.7600	-32			
1777	17.7700	-31			
1778	17.7800	-30			
1779	17.7900	-29			
1780	17.8000	-27			
1781	17.8100	-26			
1782	17.8200	-24			
1783	17.8300	-22			
1784	17.8400	-21			
1785	17.8500	-19			
1786	17.8600	-17			
1787	17.8700	-15			
1788	17.8800	-12			
1789	17.8900	-10			
1790	17.9000	-8			
1791	17.9100	-6			
1792	17.9200	-4			
1793	17.9300	-1			
1794	17.9400	1			
1795	17.9500	4			
1796	17.9600	6			
1797	17.9700	8			
1798	17.9800	10			
1799	17.9900	12			
1800	18.0000	14			
1801	18.0100	17			
1802	18.0200	19			
1803	18.0300	20			
1804	18.0400	22			
1805	18.0500	24			
1806	18.0600	25			
1807	18.0700	27			
1808	18.0800	28			
1809	18.0900	29			
1810	18.1000	30			
1811	18.1100	31			
1812	18.1200	32			
1813	18.1300	32			
1814	18.1400	33			
1815	18.1500	33			
1816	18.1600	33			
1817	18.1700	33			
1818	18.1800	33			
1819	18.1900	33			
1820	18.2000	32			
1821	18.2100	32			
1822	18.2200	31			
1823	18.2300	30			
1824	18.2400	29			
1825	18.2500	28			
1826	18.2600	26			
1827	18.2700	25			
1828	18.2800	23			
1829	18.2900	22			
1830	18.3000	20			
1831	18.3100	18			
1832	18.3200	16			
1833	18.3300	14			
1834	18.3400	12			
1835	18.3500	10			
1836	18.3600	8			
1837	18.3700	6			
1838	18.3800	3			
1839	18.3900	1			
1840	18.4000	-1			
1841	18.4100	-4			
1842	18.4200	-6			
1843	18.4300	-8			
1844	18.4400	-10			
1845	18.4500	-12			
1846	18.4600	-14			
1847	18.4700	-16			
1848	18.4800	-18			
1849	18.4900	-20			
1850	18.5000	-22			
1851	18.5100	-23			
1852	18.5200	-25			
1853	18.5300	-26			
1854	18.5400	-27			
1855	18.5500	-28			
1856	18.5600	-29			
1857	18.5700	-30			
1858	18.5800	-31			
1859	18.5900	-32			
1860	18.6000	-32			
1861	18.6100	-32			
1862	18.6200	-32			
1863	18.6300	-32			
1864	18.6400	-32			
1865	18.6500	-32			
1866	18.6600	-31			
1867	18.6700	-30			
1868	18.6800	-30			
1869	18.6900	-29			
1870	18.7000	-28			
1871	18.7100	-26			
1872	18.7200	-25			
1873	18.7300	-24			
1874	18.7400	-22			
1875	18.7500	-21			
1876	18.7600	-19			
1877	18.7700	-17			
1878	18.7800	-15			
1879	18.7900	-13			
1880	18.8000	-11			
1881	18.8100	-9			
1882	18.8200	-7			
1883	18.8300	-5			
1884	18.8400	-3			
1885	18.8500	0			
1886	18.8600	2			
1887	18.8700	4			
1888	18.8800	6			
1889	18.8900	8			
1890	18.9000	10			
1891	18.9100	12			
1892	18.9200	14			
1893	18.9300	16			
1894	18.9400	18			
1895	18.9500	20			
1896	18.9600	21			
1897	18.9700	23			
1898	18.9800	24			
1899	18.9900	26			
1900	19.0000	27			
1901	19.0100	28			
1902	19.0200	29			
1903	19.0300	30			
1904	19.0400	30			
1905	19.0500	31			
1906	19.0600	31			
1907	19.0700	31			
1908	19.0800	32			
1909	19.0900	31			
1910	19.1000	31			
1911	19.1100	31			
1912	19.1200	30			
1913	19.1300	30			
1914	19.1400	29			
1915	19.1500	28			
1916	19.1600	27			
1917	19.1700	26			
1918	19.1800	24			
1919	19.1900	23			
1920	19.2000	22			
1921	19.2100	20			
1922	19.2200	18			
1923	19.2300	16			
1924	19.2400	15			
1925	19.2500	13			
1926	19.2600	11			
1927	19.2700	9			
1928	19.2800	7			
1929	19.2900	4			
1930	19.3000	2			
1931	19.3100	0			
1932	19.3200	-2			
1933	19.3300	-4			
1934	19.3400	-6			
1935	19.3500	-8			
1936	19.3600	-10			
1937	19.3700	-12			
1938	19.3800	-14			
1939	19.3900	-16			
1940	19.4000	-18			
1941	19.4100	-19			
1942	19.4200	-21			
1943	19.4300	-22			
1944	19.4400	-24			
1945	19.4500	-25			
1946	19.4600	-26			
1947	19.4700	-27			
1948	19.4800	-28			
1949	19.4900	-28			
1950	19.5000	-29			
1951	19.5100	-30			
1952	19.5200	-30			
1953	19.5300	-30			
1954	19.5400	-30			
1955	19.5500	-30			
1956	19.5600	-30			
1957	19.5700	-30			
1958	19.5800	-29			
1959	19.5900	-28			
1960	19.6000	-28			
1961	19.6100	-27			
1962	19.6200	-26			
1963	19.6300	-25			
1964	19.6400	-23			
1965	19.6500	-22			
1966	19.6600	-20			
1967	19.6700	-19			
1968	19.6800	-17			
1969	19.6900	-16			
1970	19.7000	-14			
1971	19.7100	-12			
1972	19.7200	-10			
1973	19.7300	-8			
1974	19.7400	-6			
1975	19.7500	-4			
1976	19.7600	-2			
1977	19.7700	0			
1978	19.7800	2			
1979	19.7900	4			
1980	19.8000	6			
1981	19.8100	8			
1982	19.8200	10			
1983	19.8300	12			
1984	19.8400	14			
1985	19.8500	16			
1986	19.8600	17			
1987	19.8700	19			
1988	19.8800	20			
1989	19.8900	22			
1990	19.9000	23			
1991	19.9100	24			
1992	19.9200	25			
1993	19.9300	26			
1994	19.9400	27			
1995	19.9500	28			
1996	19.9600	28			
1997	19.9700	29			
1998	19.9800	29			
1999	19.9900	30			
2000	20.0000	30			
