#	time(s)	count A	count B	count C	count D
1	0.0050	8	9		
2	0.0100	8	9		
3	0.0150	9	9		
4	0.0200	9	10		
5	0.0250	9	10		
6	0.0300	9	10		
7	0.0350	10	10		
8	0.0400	10	11		
9	0.0450	10	11		
10	0.0500	10	12		
11	0.0550	10	12		
12	0.0600	10	12		
13	0.0650	10	12		
14	0.0700	10	13		
15	0.0750	11	13		
16	0.0800	11	13		
17	0.0850	11	14		
18	0.0900	11	14		
19	0.0950	11	14		
20	0.1000	12	14		
21	0.1050	12	14		
22	0.1100	12	14		
23	0.1150	12	15		
24	0.1200	12	15		
25	0.1250	12	15		
26	0.1300	12	16		
27	0.1350	12	16		
28	0.1400	12	16		
29	0.1450	12	16		
30	0.1500	13	16		
31	0.1550	13	16		
32	0.1600	13	16		
33	0.1650	13	17		
34	0.1700	13	17		
35	0.1750	13	17		
36	0.1800	13	17		
37	0.1850	14	17		
38	0.1900	14	18		
39	0.1950	14	18		
40	0.2000	14	18		
41	0.2050	14	18		
42	0.2100	14	18		
43	0.2150	14	18		
44	0.2200	14	18		
45	0.2250	14	18		
46	0.2300	14	18		
47	0.2350	14	18		
48	0.2400	14	18		
49	0.2450	14	18		
50	0.2500	14	18		
51	0.2550	14	18		
52	0.2600	14	18		
53	0.2650	14	18		
54	0.2700	14	18		
55	0.2750	14	18		
56	0.2800	14	18		
57	0.2850	14	18		
58	0.2900	14	18		
59	0.2950	14	18		
60	0.3000	14	18		
61	0.3050	14	18		
62	0.3100	14	18		
63	0.3150	14	18		
64	0.3200	14	18		
65	0.3250	14	18		
66	0.3300	14	18		
67	0.3350	14	18		
68	0.3400	14	18		
69	0.3450	14	18		
70	0.3500	14	18		
71	0.3550	14	17		
72	0.3600	14	17		
73	0.3650	14	17		
74	0.3700	14	17		
75	0.3750	14	17		
76	0.3800	14	17		
77	0.3850	14	16		
78	0.3900	14	16		
79	0.3950	14	16		
80	0.4000	14	16		
81	0.4050	14	16		
82	0.4100	14	16		
83	0.4150	14	15		
84	0.4200	14	15		
85	0.4250	14	15		
86	0.4300	14	15		
87	0.4350	14	14		
88	0.4400	14	14		
89	0.4450	13	14		
90	0.4500	13	14		
91	0.4550	13	14		
92	0.4600	13	13		
93	0.4650	13	13		
94	0.4700	13	13		
95	0.4750	12	12		
96	0.4800	12	12		
97	0.4850	12	12		
98	0.4900	12	12		
99	0.4950	12	11		
100	0.5000	12	11		
101	0.5050	12	11		
102	0.5100	12	10		
103	0.5150	12	10		
104	0.5200	11	10		
105	0.5250	11	10		
106	0.5300	11	9		
107	0.5350	11	9		
108	0.5400	10	8		
109	0.5450	10	8		
110	0.5500	10	8		
111	0.5550	10	8		
112	0.5600	10	7		
113	0.5650	10	7		
114	0.5700	10	6		
115	0.5750	9	6		
116	0.5800	9	6		
117	0.5850	9	6		
118	0.5900	9	5		
119	0.5950	8	5		
120	0.6000	8	4		
121	0.6050	8	4		
122	0.6100	8	4		
123	0.6150	8	3		
124	0.6200	8	3		
125	0.6250	7	2		
126	0.6300	7	2		
127	0.6350	7	2		
128	0.6400	6	1		
129	0.6450	6	1		
130	0.6500	6	0		
131	0.6550	6	0		
132	0.6600	6	0		
133	0.6650	5	0		
134	0.6700	5	-1		
135	0.6750	5	-1		
136	0.6800	4	-2		
137	0.6850	4	-2		
138	0.6900	4	-2		
139	0.6950	4	-3		
140	0.7000	4	-3		
141	0.7050	3	-4		
142	0.7100	3	-4		
143	0.7150	3	-4		
144	0.7200	2	-5		
145	0.7250	2	-5		
146	0.7300	2	-6		
147	0.7350	2	-6		
148	0.7400	2	-6		
149	0.7450	1	-6		
150	0.7500	1	-7		
151	0.7550	1	-7		
152	0.7600	0	-8		
153	0.7650	0	-8		
154	0.7700	0	-8		
155	0.7750	0	-8		
156	0.7800	0	-9		
157	0.7850	-1	-9		
158	0.7900	-1	-10		
159	0.7950	-1	-10		
160	0.8000	-2	-10		
161	0.8050	-2	-10		
162	0.8100	-2	-11		
163	0.8150	-2	-11		
164	0.8200	-2	-12		
165	0.8250	-3	-12		
166	0.8300	-3	-12		
167	0.8350	-3	-12		
168	0.8400	-4	-12		
169	0.8450	-4	-13		
170	0.8500	-4	-13		
171	0.8550	-4	-14		
172	0.8600	-4	-14		
173	0.8650	-4	-14		
174	0.8700	-5	-14		
175	0.8750	-5	-14		
176	0.8800	-5	-15		
177	0.8850	-6	-15		
178	0.8900	-6	-15		
179	0.8950	-6	-16		
180	0.9000	-6	-16		
181	0.9050	-6	-16		
182	0.9100	-6	-16		
183	0.9150	-6	-16		
184	0.9200	-7	-16		
185	0.9250	-7	-17		
186	0.9300	-7	-17		
187	0.9350	-7	-17		
188	0.9400	-8	-17		
189	0.9450	-8	-18		
190	0.9500	-8	-18		
191	0.9550	-8	-18		
192	0.9600	-8	-18		
193	0.9650	-8	-18		
194	0.9700	-8	-18		
195	0.9750	-8	-18		
196	0.9800	-8	-18		
197	0.9850	-9	-18		
198	0.9900	-9	-19		
199	0.9950	-9	-19		
200	1.0000	-9	-19		
201	1.0050	-9	-19		
202	1.0100	-9	-19		
203	1.0150	-9	-19		
204	1.0200	-10	-19		
205	1.0250	-10	-19		
206	1.0300	-10	-19		
207	1.0350	-10	-19		
208	1.0400	-10	-19		
209	1.0450	-10	-19		
210	1.0500	-10	-19		
211	1.0550	-10	-19		
212	1.0600	-10	-19		
213	1.0650	-10	-19		
214	1.0700	-10	-19		
215	1.0750	-10	-19		
216	1.0800	-10	-19		
217	1.0850	-10	-19		
218	1.0900	-10	-19		
219	1.0950	-10	-19		
220	1.1000	-10	-19		
221	1.1050	-10	-19		
222	1.1100	-10	-19		
223	1.1150	-10	-19		
224	1.1200	-10	-19		
225	1.1250	-10	-19		
226	1.1300	-10	-19		
227	1.1350	-10	-18		
228	1.1400	-10	-18		
229	1.1450	-10	-18		
230	1.1500	-10	-18		
231	1.1550	-9	-18		
232	1.1600	-9	-18		
233	1.1650	-9	-18		
234	1.1700	-9	-18		
235	1.1750	-9	-18		
236	1.1800	-9	-17		
237	1.1850	-9	-17		
238	1.1900	-8	-17		
239	1.1950	-8	-17		
240	1.2000	-8	-16		
241	1.2050	-8	-16		
242	1.2100	-8	-16		
243	1.2150	-8	-16		
244	1.2200	-8	-16		
245	1.2250	-8	-16		
246	1.2300	-8	-15		
247	1.2350	-7	-15		
248	1.2400	-7	-15		
249	1.2450	-7	-14		
250	1.2500	-7	-14		
251	1.2550	-6	-14		
252	1.2600	-6	-14		
253	1.2650	-6	-13		
254	1.2700	-6	-13		
255	1.2750	-6	-13		
256	1.2800	-6	-12		
257	1.2850	-6	-12		
258	1.2900	-5	-12		
259	1.2950	-5	-12		
260	1.3000	-5	-11		
261	1.3050	-4	-11		
262	1.3100	-4	-11		
263	1.3150	-4	-10		
264	1.3200	-4	-10		
265	1.3250	-4	-10		
266	1.3300	-3	-9		
267	1.3350	-3	-9		
268	1.3400	-3	-9		
269	1.3450	-2	-8		
270	1.3500	-2	-8		
271	1.3550	-2	-8		
272	1.3600	-2	-7		
273	1.3650	-2	-7		
274	1.3700	-1	-6		
275	1.3750	-1	-6		
276	1.3800	-1	-6		
277	1.3850	0	-6		
278	1.3900	0	-5		
279	1.3950	0	-5		
280	1.4000	0	-4		
281	1.4050	0	-4		
282	1.4100	1	-4		
283	1.4150	1	-3		
284	1.4200	2	-3		
285	1.4250	2	-2		
286	1.4300	2	-2		
287	1.4350	2	-2		
288	1.4400	2	-1		
289	1.4450	3	-1		
290	1.4500	3	0		
291	1.4550	3	0		
292	1.4600	4	0		
293	1.4650	4	0		
294	1.4700	4	1		
295	1.4750	4	1		
296	1.4800	4	2		
297	1.4850	5	2		
298	1.4900	5	2		
299	1.4950	6	3		
300	1.5000	6	3		
301	1.5050	6	4		
302	1.5100	6	4		
303	1.5150	6	4		
304	1.5200	7	5		
305	1.5250	7	5		
306	1.5300	7	6		
307	1.5350	8	6		
308	1.5400	8	6		
309	1.5450	8	6		
310	1.5500	8	7		
311	1.5550	8	7		
312	1.5600	8	8		
313	1.5650	9	8		
314	1.5700	9	8		
315	1.5750	9	8		
316	1.5800	10	9		
317	1.5850	10	9		
318	1.5900	10	10		
319	1.5950	10	10		
320	1.6000	10	10		
321	1.6050	10	10		
322	1.6100	11	11		
323	1.6150	11	11		
324	1.6200	11	12		
325	1.6250	12	12		
326	1.6300	12	12		
327	1.6350	12	12		
328	1.6400	12	12		
329	1.6450	12	13		
330	1.6500	12	13		
331	1.6550	12	13		
332	1.6600	12	14		
333	1.6650	13	14		
334	1.6700	13	14		
335	1.6750	13	14		
336	1.6800	13	14		
337	1.6850	14	15		
338	1.6900	14	15		
339	1.6950	14	15		
340	1.7000	14	16		
341	1.7050	14	16		
342	1.7100	14	16		
343	1.7150	14	16		
344	1.7200	14	16		
345	1.7250	14	16		
346	1.7300	14	16		
347	1.7350	14	17		
348	1.7400	14	17		
349	1.7450	15	17		
350	1.7500	15	17		
351	1.7550	15	17		
352	1.7600	15	17		
353	1.7650	15	18		
354	1.7700	15	18		
355	1.7750	15	18		
356	1.7800	15	18		
357	1.7850	15	18		
358	1.7900	15	18		
359	1.7950	15	18		
360	1.8000	16	18		
361	1.8050	16	18		
362	1.8100	16	18		
363	1.8150	16	18		
364	1.8200	16	18		
365	1.8250	16	18		
366	1.8300	16	18		
367	1.8350	16	18		
368	1.8400	16	18		
369	1.8450	16	18		
370	1.8500	16	18		
371	1.8550	16	18		
372	1.8600	16	18		
373	1.8650	15	18		
374	1.8700	15	18		
375	1.8750	15	18		
376	1.8800	15	18		
377	1.8850	15	18		
378	1.8900	15	18		
379	1.8950	15	18		
380	1.9000	15	18		
381	1.9050	15	18		
382	1.9100	15	18		
383	1.9150	15	18		
384	1.9200	15	18		
385	1.9250	14	17		
386	1.9300	14	17		
387	1.9350	14	17		
388	1.9400	14	17		
389	1.9450	14	17		
390	1.9500	14	17		
391	1.9550	14	16		
392	1.9600	14	16		
393	1.9650	14	16		
394	1.9700	14	16		
395	1.9750	14	16		
396	1.9800	14	16		
397	1.9850	13	16		
398	1.9900	13	15		
399	1.9950	13	15		
400	2.0000	13	15		
401	2.0050	13	14		
402	2.0100	12	14		
403	2.0150	12	14		
404	2.0200	12	14		
405	2.0250	12	14		
406	2.0300	12	13		
407	2.0350	12	13		
408	2.0400	12	13		
409	2.0450	12	12		
410	2.0500	11	12		
411	2.0550	11	12		
412	2.0600	11	12		
413	2.0650	11	12		
414	2.0700	10	11		
415	2.0750	10	11		
416	2.0800	10	10		
417	2.0850	10	10		
418	2.0900	10	10		
419	2.0950	10	10		
420	2.1000	10	9		
421	2.1050	9	9		
422	2.1100	9	9		
423	2.1150	9	8		
424	2.1200	9	8		
425	2.1250	8	8		
426	2.1300	8	7		
427	2.1350	8	7		
428	2.1400	8	6		
429	2.1450	8	6		
430	2.1500	8	6		
431	2.1550	7	6		
432	2.1600	7	5		
433	2.1650	7	5		
434	2.1700	7	4		
435	2.1750	6	4		
436	2.1800	6	4		
437	2.1850	6	4		
438	2.1900	6	3		
439	2.1950	6	3		
440	2.2000	6	2		
441	2.2050	5	2		
442	2.2100	5	2		
443	2.2150	5	1		
444	2.2200	4	1		
445	2.2250	4	0		
446	2.2300	4	0		
447	2.2350	4	0		
448	2.2400	4	-1		
449	2.2450	4	-1		
450	2.2500	3	-2		
451	2.2550	3	-2		
452	2.2600	3	-2		
453	2.2650	2	-2		
454	2.2700	2	-3		
455	2.2750	2	-4		
456	2.2800	2	-4		
457	2.2850	2	-4		
458	2.2900	2	-4		
459	2.2950	1	-5		
460	2.3000	1	-5		
461	2.3050	1	-6		
462	2.3100	1	-6		
463	2.3150	0	-6		
464	2.3200	0	-7		
465	2.3250	0	-7		
466	2.3300	0	-7		
467	2.3350	0	-8		
468	2.3400	0	-8		
469	2.3450	-1	-8		
470	2.3500	-1	-9		
471	2.3550	-1	-9		
472	2.3600	-2	-10		
473	2.3650	-2	-10		
474	2.3700	-2	-10		
475	2.3750	-2	-10		
476	2.3800	-2	-11		
477	2.3850	-2	-11		
478	2.3900	-2	-11		
479	2.3950	-3	-12		
480	2.4000	-3	-12		
481	2.4050	-3	-12		
482	2.4100	-3	-12		
483	2.4150	-4	-13		
484	2.4200	-4	-13		
485	2.4250	-4	-13		
486	2.4300	-4	-14		
487	2.4350	-4	-14		
488	2.4400	-4	-14		
489	2.4450	-4	-14		
490	2.4500	-4	-15		
491	2.4550	-5	-15		
492	2.4600	-5	-15		
493	2.4650	-5	-16		
494	2.4700	-5	-16		
495	2.4750	-5	-16		
496	2.4800	-6	-16		
497	2.4850	-6	-16		
498	2.4900	-6	-16		
499	2.4950	-6	-16		
500	2.5000	-6	-17		
501	2.5050	-6	-17		
502	2.5100	-6	-17		
503	2.5150	-6	-17		
504	2.5200	-6	-18		
505	2.5250	-6	-18		
506	2.5300	-7	-18		
507	2.5350	-7	-18		
508	2.5400	-7	-18		
509	2.5450	-7	-18		
510	2.5500	-7	-18		
511	2.5550	-7	-18		
512	2.5600	-7	-18		
513	2.5650	-8	-19		
514	2.5700	-8	-19		
515	2.5750	-8	-19		
516	2.5800	-8	-19		
517	2.5850	-8	-19		
518	2.5900	-8	-19		
519	2.5950	-8	-19		
520	2.6000	-8	-19		
521	2.6050	-8	-19		
522	2.6100	-8	-19		
523	2.6150	-8	-19		
524	2.6200	-8	-19		
525	2.6250	-8	-19		
526	2.6300	-8	-19		
527	2.6350	-8	-19		
528	2.6400	-8	-19		
529	2.6450	-8	-19		
530	2.6500	-8	-19		
531	2.6550	-8	-19		
532	2.6600	-8	-19		
533	2.6650	-8	-19		
534	2.6700	-8	-19		
535	2.6750	-8	-19		
536	2.6800	-8	-19		
537	2.6850	-8	-19		
538	2.6900	-8	-19		
539	2.6950	-8	-19		
540	2.7000	-8	-19		
541	2.7050	-8	-18		
542	2.7100	-8	-18		
543	2.7150	-8	-18		
544	2.7200	-8	-18		
545	2.7250	-8	-18		
546	2.7300	-8	-18		
547	2.7350	-8	-18		
548	2.7400	-8	-18		
549	2.7450	-8	-18		
550	2.7500	-8	-17		
551	2.7550	-8	-17		
552	2.7600	-8	-17		
553	2.7650	-8	-17		
554	2.7700	-8	-16		
555	2.7750	-7	-16		
556	2.7800	-7	-16		
557	2.7850	-7	-16		
558	2.7900	-7	-16		
559	2.7950	-7	-16		
560	2.8000	-7	-15		
561	2.8050	-6	-15		
562	2.8100	-6	-15		
563	2.8150	-6	-14		
564	2.8200	-6	-14		
565	2.8250	-6	-14		
566	2.8300	-6	-14		
567	2.8350	-6	-14		
568	2.8400	-6	-13		
569	2.8450	-6	-13		
570	2.8500	-6	-12		
571	2.8550	-5	-12		
572	2.8600	-5	-12		
573	2.8650	-5	-12		
574	2.8700	-5	-12		
575	2.8750	-4	-11		
576	2.8800	-4	-11		
577	2.8850	-4	-10		
578	2.8900	-4	-10		
579	2.8950	-4	-10		
580	2.9000	-4	-10		
581	2.9050	-4	-9		
582	2.9100	-3	-9		
583	2.9150	-3	-8		
584	2.9200	-3	-8		
585	2.9250	-3	-8		
586	2.9300	-2	-8		
587	2.9350	-2	-7		
588	2.9400	-2	-7		
589	2.9450	-2	-6		
590	2.9500	-2	-6		
591	2.9550	-2	-6		
592	2.9600	-1	-5		
593	2.9650	-1	-5		
594	2.9700	-1	-4		
595	2.9750	0	-4		
596	2.9800	0	-4		
597	2.9850	0	-3		
598	2.9900	0	-3		
599	2.9950	0	-2		
600	3.0000	0	-2		
601	3.0050	1	-2		
602	3.0100	1	-2		
603	3.0150	2	-1		
604	3.0200	2	-1		
605	3.0250	2	0		
606	3.0300	2	0		
607	3.0350	2	0		
608	3.0400	2	1		
609	3.0450	3	1		
610	3.0500	3	2		
611	3.0550	3	2		
612	3.0600	4	2		
613	3.0650	4	3		
614	3.0700	4	3		
615	3.0750	4	4		
616	3.0800	4	4		
617	3.0850	5	4		
618	3.0900	5	4		
619	3.0950	6	5		
620	3.1000	6	5		
621	3.1050	6	6		
622	3.1100	6	6		
623	3.1150	6	6		
624	3.1200	6	7		
625	3.1250	7	7		
626	3.1300	7	8		
627	3.1350	8	8		
628	3.1400	8	8		
629	3.1450	8	8		
630	3.1500	8	9		
631	3.1550	8	9		
632	3.1600	8	10		
633	3.1650	9	10		
634	3.1700	9	10		
635	3.1750	9	10		
636	3.1800	10	11		
637	3.1850	10	11		
638	3.1900	10	11		
639	3.1950	10	12		
640	3.2000	10	12		
641	3.2050	10	12		
642	3.2100	11	12		
643	3.2150	11	13		
644	3.2200	11	13		
645	3.2250	12	13		
646	3.2300	12	14		
647	3.2350	12	14		
648	3.2400	12	14		
649	3.2450	12	14		
650	3.2500	12	14		
651	3.2550	12	15		
652	3.2600	13	15		
653	3.2650	13	15		
654	3.2700	13	15		
655	3.2750	14	16		
656	3.2800	14	16		
657	3.2850	14	16		
658	3.2900	14	16		
659	3.2950	14	16		
660	3.3000	14	16		
661	3.3050	14	16		
662	3.3100	14	17		
663	3.3150	14	17		
664	3.3200	15	17		
665	3.3250	15	17		
666	3.3300	15	17		
667	3.3350	15	18		
668	3.3400	15	18		
669	3.3450	15	18		
670	3.3500	16	18		
671	3.3550	16	18		
672	3.3600	16	18		
673	3.3650	16	18		
674	3.3700	16	18		
675	3.3750	16	18		
676	3.3800	16	18		
677	3.3850	16	18		
678	3.3900	16	18		
679	3.3950	16	18		
680	3.4000	16	18		
681	3.4050	16	18		
682	3.4100	16	18		
683	3.4150	16	18		
684	3.4200	16	18		
685	3.4250	16	18		
686	3.4300	16	18		
687	3.4350	16	18		
688	3.4400	16	18		
689	3.4450	16	18		
690	3.4500	16	18		
691	3.4550	16	18		
692	3.4600	16	18		
693	3.4650	16	18		
694	3.4700	16	18		
695	3.4750	16	18		
696	3.4800	16	18		
697	3.4850	16	18		
698	3.4900	16	18		
699	3.4950	16	18		
700	3.5000	16	17		
701	3.5050	16	17		
702	3.5100	16	17		
703	3.5150	16	17		
704	3.5200	16	17		
705	3.5250	16	16		
706	3.5300	16	16		
707	3.5350	15	16		
708	3.5400	15	16		
709	3.5450	15	16		
710	3.5500	15	16		
711	3.5550	15	16		
712	3.5600	15	15		
713	3.5650	14	15		
714	3.5700	14	15		
715	3.5750	14	14		
716	3.5800	14	14		
717	3.5850	14	14		
718	3.5900	14	14		
719	3.5950	14	14		
720	3.6000	14	14		
721	3.6050	13	13		
722	3.6100	13	13		
723	3.6150	13	13		
724	3.6200	13	12		
725	3.6250	12	12		
726	3.6300	12	12		
727	3.6350	12	12		
728	3.6400	12	11		
729	3.6450	12	11		
730	3.6500	12	11		
731	3.6550	11	10		
732	3.6600	11	10		
733	3.6650	11	10		
734	3.6700	10	10		
735	3.6750	10	9		
736	3.6800	10	9		
737	3.6850	10	8		
738	3.6900	10	8		
739	3.6950	10	8		
740	3.7000	9	8		
741	3.7050	9	7		
742	3.7100	9	7		
743	3.7150	8	6		
744	3.7200	8	6		
745	3.7250	8	6		
746	3.7300	8	5		
747	3.7350	8	5		
748	3.7400	7	4		
749	3.7450	7	4		
750	3.7500	7	4		
751	3.7550	6	4		
752	3.7600	6	3		
753	3.7650	6	3		
754	3.7700	6	2		
755	3.7750	6	2		
756	3.7800	5	2		
757	3.7850	5	1		
758	3.7900	4	1		
759	3.7950	4	0		
760	3.8000	4	0		
761	3.8050	4	0		
762	3.8100	4	0		
763	3.8150	3	-1		
764	3.8200	3	-1		
765	3.8250	3	-2		
766	3.8300	2	-2		
767	3.8350	2	-2		
768	3.8400	2	-3		
769	3.8450	2	-3		
770	3.8500	2	-4		
771	3.8550	1	-4		
772	3.8600	1	-4		
773	3.8650	1	-5		
774	3.8700	0	-5		
775	3.8750	0	-6		
776	3.8800	0	-6		
777	3.8850	0	-6		
778	3.8900	0	-6		
779	3.8950	-1	-7		
780	3.9000	-1	-7		
781	3.9050	-1	-8		
782	3.9100	-2	-8		
783	3.9150	-2	-8		
784	3.9200	-2	-9		
785	3.9250	-2	-9		
786	3.9300	-2	-9		
787	3.9350	-2	-10		
788	3.9400	-3	-10		
789	3.9450	-3	-10		
790	3.9500	-3	-10		
791	3.9550	-4	-11		
792	3.9600	-4	-11		
793	3.9650	-4	-12		
794	3.9700	-4	-12		
795	3.9750	-4	-12		
796	3.9800	-4	-12		
797	3.9850	-5	-12		
798	3.9900	-5	-13		
799	3.9950	-5	-13		
800	4.0000	-5	-14		
801	4.0050	-6	-14		
802	4.0100	-6	-14		
803	4.0150	-6	-14		
804	4.0200	-6	-14		
805	4.0250	-6	-15		
806	4.0300	-6	-15		
807	4.0350	-6	-15		
808	4.0400	-6	-16		
809	4.0450	-6	-16		
810	4.0500	-7	-16		
811	4.0550	-7	-16		
812	4.0600	-7	-16		
813	4.0650	-7	-16		
814	4.0700	-7	-17		
815	4.0750	-8	-17		
816	4.0800	-8	-17		
817	4.0850	-8	-17		
818	4.0900	-8	-18		
819	4.0950	-8	-18		
820	4.1000	-8	-18		
821	4.1050	-8	-18		
822	4.1100	-8	-18		
823	4.1150	-8	-18		
824	4.1200	-8	-18		
825	4.1250	-8	-18		
826	4.1300	-8	-18		
827	4.1350	-8	-19		
828	4.1400	-8	-19		
829	4.1450	-8	-19		
830	4.1500	-8	-19		
831	4.1550	-8	-19		
832	4.1600	-8	-19		
833	4.1650	-8	-19		
834	4.1700	-8	-19		
835	4.1750	-8	-19		
836	4.1800	-8	-19		
837	4.1850	-8	-19		
838	4.1900	-8	-19		
839	4.1950	-8	-19		
840	4.2000	-8	-19		
841	4.2050	-8	-19		
842	4.2100	-8	-19		
843	4.2150	-8	-19		
844	4.2200	-8	-19		
845	4.2250	-8	-19		
846	4.2300	-8	-19		
847	4.2350	-8	-19		
848	4.2400	-8	-19		
849	4.2450	-8	-19		
850	4.2500	-8	-19		
851	4.2550	-8	-19		
852	4.2600	-8	-19		
853	4.2650	-8	-19		
854	4.2700	-8	-19		
855	4.2750	-8	-18		
856	4.2800	-8	-18		
857	4.2850	-8	-18		
858	4.2900	-8	-18		
859	4.2950	-8	-18		
860	4.3000	-8	-18		
861	4.3050	-8	-18		
862	4.3100	-7	-18		
863	4.3150	-7	-18		
864	4.3200	-7	-17		
865	4.3250	-7	-17		
866	4.3300	-7	-17		
867	4.3350	-7	-17		
868	4.3400	-6	-16		
869	4.3450	-6	-16		
870	4.3500	-6	-16		
871	4.3550	-6	-16		
872	4.3600	-6	-16		
873	4.3650	-6	-16		
874	4.3700	-6	-15		
875	4.3750	-6	-15		
876	4.3800	-6	-15		
877	4.3850	-6	-14		
878	4.3900	-5	-14		
879	4.3950	-5	-14		
880	4.4000	-5	-14		
881	4.4050	-5	-14		
882	4.4100	-4	-13		
883	4.4150	-4	-13		
884	4.4200	-4	-13		
885	4.4250	-4	-12		
886	4.4300	-4	-12		
887	4.4350	-4	-12		
888	4.4400	-4	-12		
889	4.4450	-4	-11		
890	4.4500	-3	-11		
891	4.4550	-3	-10		
892	4.4600	-3	-10		
893	4.4650	-2	-10		
894	4.4700	-2	-10		
895	4.4750	-2	-9		
896	4.4800	-2	-9		
897	4.4850	-2	-8		
898	4.4900	-2	-8		
899	4.4950	-2	-8		
900	4.5000	-1	-8		
901	4.5050	-1	-7		
902	4.5100	-1	-7		
903	4.5150	0	-6		
904	4.5200	0	-6		
905	4.5250	0	-6		
906	4.5300	0	-5		
907	4.5350	0	-5		
908	4.5400	0	-4		
909	4.5450	0	-4		
910	4.5500	1	-4		
911	4.5550	1	-4		
912	4.5600	1	-3		
913	4.5650	2	-3		
914	4.5700	2	-2		
915	4.5750	2	-2		
916	4.5800	2	-2		
917	4.5850	2	-1		
918	4.5900	2	-1		
919	4.5950	3	0		
920	4.6000	3	0		
921	4.6050	3	0		
922	4.6100	4	1		
923	4.6150	4	1		
924	4.6200	4	2		
925	4.6250	4	2		
926	4.6300	4	2		
927	4.6350	4	2		
928	4.6400	4	3		
929	4.6450	5	3		
930	4.6500	5	4		
931	4.6550	5	4		
932	4.6600	6	4		
933	4.6650	6	5		
934	4.6700	6	5		
935	4.6750	6	6		
936	4.6800	6	6		
937	4.6850	6	6		
938	4.6900	7	6		
939	4.6950	7	7		
940	4.7000	7	7		
941	4.7050	8	8		
942	4.7100	8	8		
943	4.7150	8	8		
944	4.7200	8	9		
945	4.7250	8	9		
946	4.7300	8	9		
947	4.7350	8	10		
948	4.7400	9	10		
949	4.7450	9	10		
950	4.7500	9	10		
951	4.7550	9	11		
952	4.7600	10	11		
953	4.7650	10	12		
954	4.7700	10	12		
955	4.7750	10	12		
956	4.7800	10	12		
957	4.7850	10	12		
958	4.7900	10	13		
959	4.7950	11	13		
960	4.8000	11	14		
961	4.8050	11	14		
962	4.8100	11	14		
963	4.8150	12	14		
964	4.8200	12	14		
965	4.8250	12	14		
966	4.8300	12	15		
967	4.8350	12	15		
968	4.8400	12	15		
969	4.8450	12	16		
970	4.8500	12	16		
971	4.8550	12	16		
972	4.8600	13	16		
973	4.8650	13	16		
974	4.8700	13	16		
975	4.8750	13	16		
976	4.8800	13	17		
977	4.8850	14	17		
978	4.8900	14	17		
979	4.8950	14	17		
980	4.9000	14	17		
981	4.9050	14	18		
982	4.9100	14	18		
983	4.9150	14	18		
984	4.9200	14	18		
985	4.9250	14	18		
986	4.9300	14	18		
987	4.9350	14	18		
988	4.9400	14	18		
989	4.9450	14	18		
990	4.9500	14	18		
991	4.9550	14	18		
992	4.9600	15	18		
993	4.9650	15	18		
994	4.9700	15	18		
995	4.9750	15	18		
996	4.9800	15	18		
997	4.9850	15	18		
998	4.9900	15	18		
999	4.9950	15	18		
1000	5.0000	15	18		
1001	5.0050	15	18		
1002	5.0100	15	18		
1003	5.0150	15	18		
1004	5.0200	15	18		
1005	5.0250	15	18		
1006	5.0300	15	18		
1007	5.0350	15	18		
1008	5.0400	15	18		
1009	5.0450	15	18		
1010	5.0500	15	18		
1011	5.0550	15	18		
1012	5.0600	15	18		
1013	5.0650	15	18		
1014	5.0700	15	17		
1015	5.0750	15	17		
1016	5.0800	15	17		
1017	5.0850	15	17		
1018	5.0900	15	17		
1019	5.0950	15	17		
1020	5.1000	15	16		
1021	5.1050	15	16		
1022	5.1100	14	16		
1023	5.1150	14	16		
1024	5.1200	14	16		
1025	5.1250	14	16		
1026	5.1300	14	15		
1027	5.1350	14	15		
1028	5.1400	14	15		
1029	5.1450	14	15		
1030	5.1500	14	14		
1031	5.1550	14	14		
1032	5.1600	14	14		
1033	5.1650	14	14		
1034	5.1700	14	14		
1035	5.1750	13	13		
1036	5.1800	13	13		
1037	5.1850	13	13		
1038	5.1900	13	12		
1039	5.1950	13	12		
1040	5.2000	12	12		
1041	5.2050	12	12		
1042	5.2100	12	11		
1043	5.2150	12	11		
1044	5.2200	12	11		
1045	5.2250	12	10		
1046	5.2300	12	10		
1047	5.2350	12	10		
1048	5.2400	11	10		
1049	5.2450	11	9		
1050	5.2500	11	9		
1051	5.2550	10	8		
1052	5.2600	10	8		
1053	5.2650	10	8		
1054	5.2700	10	8		
1055	5.2750	10	7		
1056	5.2800	10	7		
1057	5.2850	10	6		
1058	5.2900	9	6		
1059	5.2950	9	6		
1060	5.3000	9	6		
1061	5.3050	8	5		
1062	5.3100	8	5		
1063	5.3150	8	4		
1064	5.3200	8	4		
1065	5.3250	8	4		
1066	5.3300	8	3		
1067	5.3350	7	3		
1068	5.3400	7	2		
1069	5.3450	6	2		
1070	5.3500	6	2		
1071	5.3550	6	2		
1072	5.3600	6	1		
1073	5.3650	6	1		
1074	5.3700	6	0		
1075	5.3750	5	0		
1076	5.3800	5	0		
1077	5.3850	4	-1		
1078	5.3900	4	-1		
1079	5.3950	4	-2		
1080	5.4000	4	-2		
1081	5.4050	4	-2		
1082	5.4100	3	-3		
1083	5.4150	3	-3		
1084	5.4200	3	-4		
1085	5.4250	2	-4		
1086	5.4300	2	-4		
1087	5.4350	2	-4		
1088	5.4400	2	-5		
1089	5.4450	2	-5		
1090	5.4500	1	-6		
1091	5.4550	1	-6		
1092	5.4600	1	-6		
1093	5.4650	0	-7		
1094	5.4700	0	-7		
1095	5.4750	0	-8		
1096	5.4800	0	-8		
1097	5.4850	0	-8		
1098	5.4900	-1	-8		
1099	5.4950	-1	-9		
1100	5.5000	-2	-9		
1101	5.5050	-2	-10		
1102	5.5100	-2	-10		
1103	5.5150	-2	-10		
1104	5.5200	-2	-10		
1105	5.5250	-2	-11		
1106	5.5300	-3	-11		
1107	5.5350	-3	-11		
1108	5.5400	-3	-12		
1109	5.5450	-4	-12		
1110	5.5500	-4	-12		
1111	5.5550	-4	-12		
1112	5.5600	-4	-13		
1113	5.5650	-4	-13		
1114	5.5700	-4	-14		
1115	5.5750	-5	-14		
1116	5.5800	-5	-14		
1117	5.5850	-5	-14		
1118	5.5900	-6	-14		
1119	5.5950	-6	-15		
1120	5.6000	-6	-15		
1121	5.6050	-6	-15		
1122	5.6100	-6	-16		
1123	5.6150	-6	-16		
1124	5.6200	-6	-16		
1125	5.6250	-7	-16		
1126	5.6300	-7	-16		
1127	5.6350	-7	-16		
1128	5.6400	-7	-17		
1129	5.6450	-8	-17		
1130	5.6500	-8	-17		
1131	5.6550	-8	-17		
1132	5.6600	-8	-18		
1133	5.6650	-8	-18		
1134	5.6700	-8	-18		
1135	5.6750	-8	-18		
1136	5.6800	-8	-18		
1137	5.6850	-8	-18		
1138	5.6900	-8	-18		
1139	5.6950	-8	-18		
1140	5.7000	-9	-18		
1141	5.7050	-9	-19		
1142	5.7100	-9	-19		
1143	5.7150	-9	-19		
1144	5.7200	-9	-19		
1145	5.7250	-9	-19		
1146	5.7300	-9	-19		
1147	5.7350	-9	-19		
1148	5.7400	-9	-19		
1149	5.7450	-10	-19		
1150	5.7500	-10	-19		
1151	5.7550	-10	-19		
1152	5.7600	-10	-19		
1153	5.7650	-10	-19		
1154	5.7700	-10	-19		
1155	5.7750	-10	-19		
1156	5.7800	-10	-19		
1157	5.7850	-10	-19		
1158	5.7900	-10	-19		
1159	5.7950	-10	-19		
1160	5.8000	-10	-19		
1161	5.8050	-10	-19		
1162	5.8100	-10	-19		
1163	5.8150	-10	-19		
1164	5.8200	-10	-19		
1165	5.8250	-10	-19		
1166	5.8300	-9	-19		
1167	5.8350	-9	-19		
1168	5.8400	-9	-19		
1169	5.8450	-9	-19		
1170	5.8500	-9	-18		
1171	5.8550	-9	-18		
1172	5.8600	-9	-18		
1173	5.8650	-9	-18		
1174	5.8700	-9	-18		
1175	5.8750	-8	-18		
1176	5.8800	-8	-18		
1177	5.8850	-8	-18		
1178	5.8900	-8	-18		
1179	5.8950	-8	-17		
1180	5.9000	-8	-17		
1181	5.9050	-8	-17		
1182	5.9100	-8	-17		
1183	5.9150	-8	-16		
1184	5.9200	-8	-16		
1185	5.9250	-8	-16		
1186	5.9300	-7	-16		
1187	5.9350	-7	-16		
1188	5.9400	-7	-16		
1189	5.9450	-7	-15		
1190	5.9500	-6	-15		
1191	5.9550	-6	-15		
1192	5.9600	-6	-14		
1193	5.9650	-6	-14		
1194	5.9700	-6	-14		
1195	5.9750	-6	-14		
1196	5.9800	-6	-13		
1197	5.9850	-5	-13		
1198	5.9900	-5	-13		
1199	5.9950	-5	-12		
1200	6.0000	-5	-12		
1201	6.0050	-4	-12		
1202	6.0100	-4	-12		
1203	6.0150	-4	-11		
1204	6.0200	-4	-11		
1205	6.0250	-4	-11		
1206	6.0300	-4	-10		
1207	6.0350	-3	-10		
1208	6.0400	-3	-10		
1209	6.0450	-3	-9		
1210	6.0500	-2	-9		
1211	6.0550	-2	-9		
1212	6.0600	-2	-8		
1213	6.0650	-2	-8		
1214	6.0700	-2	-8		
1215	6.0750	-1	-7		
1216	6.0800	-1	-7		
1217	6.0850	-1	-6		
1218	6.0900	0	-6		
1219	6.0950	0	-6		
1220	6.1000	0	-6		
1221	6.1050	0	-5		
1222	6.1100	0	-5		
1223	6.1150	1	-4		
1224	6.1200	1	-4		
1225	6.1250	1	-4		
1226	6.1300	2	-3		
1227	6.1350	2	-3		
1228	6.1400	2	-2		
1229	6.1450	2	-2		
1230	6.1500	2	-2		
1231	6.1550	3	-1		
1232	6.1600	3	-1		
1233	6.1650	3	0		
1234	6.1700	4	0		
1235	6.1750	4	0		
1236	6.1800	4	0		
1237	6.1850	4	1		
1238	6.1900	4	1		
1239	6.1950	5	2		
1240	6.2000	5	2		
1241	6.2050	5	2		
1242	6.2100	6	3		
1243	6.2150	6	3		
1244	6.2200	6	4		
1245	6.2250	6	4		
1246	6.2300	6	4		
1247	6.2350	6	5		
1248	6.2400	7	5		
1249	6.2450	7	6		
1250	6.2500	7	6		
1251	6.2550	8	6		
1252	6.2600	8	6		
1253	6.2650	8	7		
1254	6.2700	8	7		
1255	6.2750	8	8		
1256	6.2800	8	8		
1257	6.2850	9	8		
1258	6.2900	9	8		
1259	6.2950	9	9		
1260	6.3000	10	9		
1261	6.3050	10	10		
1262	6.3100	10	10		
1263	6.3150	10	10		
1264	6.3200	10	10		
1265	6.3250	10	11		
1266	6.3300	10	11		
1267	6.3350	11	12		
1268	6.3400	11	12		
1269	6.3450	11	12		
1270	6.3500	11	12		
1271	6.3550	12	12		
1272	6.3600	12	13		
1273	6.3650	12	13		
1274	6.3700	12	13		
1275	6.3750	12	14		
1276	6.3800	12	14		
1277	6.3850	12	14		
1278	6.3900	12	14		
1279	6.3950	13	14		
1280	6.4000	13	15		
1281	6.4050	13	15		
1282	6.4100	13	15		
1283	6.4150	13	15		
1284	6.4200	14	16		
1285	6.4250	14	16		
1286	6.4300	14	16		
1287	6.4350	14	16		
1288	6.4400	14	16		
1289	6.4450	14	16		
1290	6.4500	14	17		
1291	6.4550	14	17		
1292	6.4600	14	17		
1293	6.4650	14	17		
1294	6.4700	14	17		
1295	6.4750	14	17		
1296	6.4800	14	18		
1297	6.4850	14	18		
1298	6.4900	14	18		
1299	6.4950	15	18		
1300	6.5000	15	18		
1301	6.5050	15	18		
1302	6.5100	15	18		
1303	6.5150	15	18		
1304	6.5200	15	18		
1305	6.5250	15	18		
1306	6.5300	15	18		
1307	6.5350	15	18		
1308	6.5400	15	18		
1309	6.5450	15	18		
1310	6.5500	15	18		
1311	6.5550	15	18		
1312	6.5600	15	18		
1313	6.5650	15	18		
1314	6.5700	15	18		
1315	6.5750	15	18		
1316	6.5800	15	18		
1317	6.5850	15	18		
1318	6.5900	15	18		
1319	6.5950	15	18		
1320	6.6000	15	18		
1321	6.6050	15	18		
1322	6.6100	15	18		
1323	6.6150	15	18		
1324	6.6200	15	18		
1325	6.6250	15	18		
1326	6.6300	14	18		
1327	6.6350	14	18		
1328	6.6400	14	18		
1329	6.6450	14	17		
1330	6.6500	14	17		
1331	6.6550	14	17		
1332	6.6600	14	17		
1333	6.6650	14	17		
1334	6.6700	14	16		
1335	6.6750	14	16		
1336	6.6800	14	16		
1337	6.6850	14	16		
1338	6.6900	14	16		
1339	6.6950	14	16		
1340	6.7000	14	16		
1341	6.7050	13	15		
1342	6.7100	13	15		
1343	6.7150	13	15		
1344	6.7200	13	14		
1345	6.7250	13	14		
1346	6.7300	13	14		
1347	6.7350	12	14		
1348	6.7400	12	14		
1349	6.7450	12	14		
1350	6.7500	12	13		
1351	6.7550	12	13		
1352	6.7600	12	12		
1353	6.7650	12	12		
1354	6.7700	12	12		
1355	6.7750	12	12		
1356	6.7800	11	12		
1357	6.7850	11	11		
1358	6.7900	11	11		
1359	6.7950	11	10		
1360	6.8000	10	10		
1361	6.8050	10	10		
1362	6.8100	10	10		
1363	6.8150	10	9		
1364	6.8200	10	9		
1365	6.8250	10	8		
1366	6.8300	10	8		
1367	6.8350	9	8		
1368	6.8400	9	8		
1369	6.8450	9	7		
1370	6.8500	8	7		
1371	6.8550	8	6		
1372	6.8600	8	6		
1373	6.8650	8	6		
1374	6.8700	8	6		
1375	6.8750	8	5		
1376	6.8800	8	5		
1377	6.8850	7	4		
1378	6.8900	7	4		
1379	6.8950	7	4		
1380	6.9000	6	3		
1381	6.9050	6	3		
1382	6.9100	6	2		
1383	6.9150	6	2		
1384	6.9200	6	2		
1385	6.9250	6	2		
1386	6.9300	5	1		
1387	6.9350	5	1		
1388	6.9400	5	0		
1389	6.9450	4	0		
1390	6.9500	4	0		
1391	6.9550	4	-1		
1392	6.9600	4	-1		
1393	6.9650	4	-2		
1394	6.9700	4	-2		
1395	6.9750	3	-2		
1396	6.9800	3	-2		
1397	6.9850	3	-3		
1398	6.9900	2	-3		
1399	6.9950	2	-4		
1400	7.0000	2	-4		
1401	7.0050	2	-4		
1402	7.0100	2	-5		
1403	7.0150	2	-5		
1404	7.0200	1	-6		
1405	7.0250	1	-6		
1406	7.0300	1	-6		
1407	7.0350	0	-7		
1408	7.0400	0	-7		
1409	7.0450	0	-7		
1410	7.0500	0	-8		
1411	7.0550	0	-8		
1412	7.0600	0	-8		
1413	7.0650	-1	-9		
1414	7.0700	-1	-9		
1415	7.0750	-1	-10		
1416	7.0800	-2	-10		
1417	7.0850	-2	-10		
1418	7.0900	-2	-10		
1419	7.0950	-2	-11		
1420	7.1000	-2	-11		
1421	7.1050	-2	-11		
1422	7.1100	-3	-12		
1423	7.1150	-3	-12		
1424	7.1200	-3	-12		
1425	7.1250	-3	-12		
1426	7.1300	-4	-13		
1427	7.1350	-4	-13		
1428	7.1400	-4	-13		
1429	7.1450	-4	-14		
1430	7.1500	-4	-14		
1431	7.1550	-4	-14		
1432	7.1600	-4	-14		
1433	7.1650	-5	-14		
1434	7.1700	-5	-15		
1435	7.1750	-5	-15		
1436	7.1800	-5	-15		
1437	7.1850	-6	-16		
1438	7.1900	-6	-16		
1439	7.1950	-6	-16		
1440	7.2000	-6	-16		
1441	7.2050	-6	-16		
1442	7.2100	-6	-17		
1443	7.2150	-6	-17		
1444	7.2200	-6	-17		
1445	7.2250	-7	-17		
1446	7.2300	-7	-17		
1447	7.2350	-7	-18		
1448	7.2400	-7	-18		
1449	7.2450	-7	-18		
1450	7.2500	-7	-18		
1451	7.2550	-8	-18		
1452	7.2600	-8	-18		
1453	7.2650	-8	-18		
1454	7.2700	-8	-18		
1455	7.2750	-8	-18		
1456	7.2800	-8	-19		
1457	7.2850	-8	-19		
1458	7.2900	-8	-19		
1459	7.2950	-8	-19		
1460	7.3000	-8	-19		
1461	7.3050	-8	-19		
1462	7.3100	-8	-19		
1463	7.3150	-8	-19		
1464	7.3200	-8	-19		
1465	7.3250	-8	-19		
1466	7.3300	-8	-19		
1467	7.3350	-8	-19		
1468	7.3400	-9	-19		
1469	7.3450	-9	-19		
1470	7.3500	-9	-19		
1471	7.3550	-9	-19		
1472	7.3600	-9	-19		
1473	7.3650	-9	-19		
1474	7.3700	-9	-19		
1475	7.3750	-9	-19		
1476	7.3800	-9	-19		
1477	7.3850	-9	-19		
1478	7.3900	-9	-19		
1479	7.3950	-9	-19		
1480	7.4000	-9	-19		
1481	7.4050	-9	-19		
1482	7.4100	-9	-19		
1483	7.4150	-9	-19		
1484	7.4200	-9	-18		
1485	7.4250	-8	-18		
1486	7.4300	-8	-18		
1487	7.4350	-8	-18		
1488	7.4400	-8	-18		
1489	7.4450	-8	-18		
1490	7.4500	-8	-18		
1491	7.4550	-8	-18		
1492	7.4600	-8	-18		
1493	7.4650	-8	-17		
1494	7.4700	-8	-17		
1495	7.4750	-8	-17		
1496	7.4800	-8	-17		
1497	7.4850	-8	-16		
1498	7.4900	-8	-16		
1499	7.4950	-8	-16		
1500	7.5000	-8	-16		
1501	7.5050	-7	-16		
1502	7.5100	-7	-16		
1503	7.5150	-7	-15		
1504	7.5200	-7	-15		
1505	7.5250	-7	-15		
1506	7.5300	-6	-14		
1507	7.5350	-6	-14		
1508	7.5400	-6	-14		
1509	7.5450	-6	-14		
1510	7.5500	-6	-14		
1511	7.5550	-6	-13		
1512	7.5600	-6	-13		
1513	7.5650	-6	-12		
1514	7.5700	-5	-12		
1515	7.5750	-5	-12		
1516	7.5800	-5	-12		
1517	7.5850	-5	-11		
1518	7.5900	-4	-11		
1519	7.5950	-4	-11		
1520	7.6000	-4	-10		
1521	7.6050	-4	-10		
1522	7.6100	-4	-10		
1523	7.6150	-4	-10		
1524	7.6200	-4	-9		
1525	7.6250	-3	-9		
1526	7.6300	-3	-8		
1527	7.6350	-3	-8		
1528	7.6400	-2	-8		
1529	7.6450	-2	-8		
1530	7.6500	-2	-7		
1531	7.6550	-2	-7		
1532	7.6600	-2	-6		
1533	7.6650	-2	-6		
1534	7.6700	-1	-6		
1535	7.6750	-1	-5		
1536	7.6800	-1	-5		
1537	7.6850	0	-4		
1538	7.6900	0	-4		
1539	7.6950	0	-4		
1540	7.7000	0	-3		
1541	7.7050	0	-3		
1542	7.7100	1	-2		
1543	7.7150	1	-2		
1544	7.7200	1	-2		
1545	7.7250	2	-2		
1546	7.7300	2	-1		
1547	7.7350	2	-1		
1548	7.7400	2	0		
1549	7.7450	2	0		
1550	7.7500	3	0		
1551	7.7550	3	1		
1552	7.7600	3	1		
1553	7.7650	4	2		
1554	7.7700	4	2		
1555	7.7750	4	2		
1556	7.7800	4	3		
1557	7.7850	4	3		
1558	7.7900	5	4		
1559	7.7950	5	4		
1560	7.8000	6	4		
1561	7.8050	6	4		
1562	7.8100	6	5		
1563	7.8150	6	5		
1564	7.8200	6	6		
1565	7.8250	6	6		
1566	7.8300	7	6		
1567	7.8350	7	7		
1568	7.8400	8	7		
1569	7.8450	8	8		
1570	7.8500	8	8		
1571	7.8550	8	8		
1572	7.8600	8	8		
1573	7.8650	8	9		
1574	7.8700	9	9		
1575	7.8750	9	10		
1576	7.8800	9	10		
1577	7.8850	10	10		
1578	7.8900	10	10		
1579	7.8950	10	11		
1580	7.9000	10	11		
1581	7.9050	10	11		
1582	7.9100	10	12		
1583	7.9150	11	12		
1584	7.9200	11	12		
1585	7.9250	11	12		
1586	7.9300	12	13		
1587	7.9350	12	13		
1588	7.9400	12	13		
1589	7.9450	12	14		
1590	7.9500	12	14		
1591	7.9550	12	14		
1592	7.9600	12	14		
1593	7.9650	13	14		
1594	7.9700	13	15		
1595	7.9750	13	15		
1596	7.9800	13	15		
1597	7.9850	14	15		
1598	7.9900	14	16		
1599	7.9950	14	16		
1600	8.0000	14	16		
1601	8.0050	14	16		
1602	8.0100	14	16		
1603	8.0150	14	16		
1604	8.0200	14	16		
1605	8.0250	14	17		
1606	8.0300	14	17		
1607	8.0350	15	17		
1608	8.0400	15	17		
1609	8.0450	15	17		
1610	8.0500	15	18		
1611	8.0550	15	18		
1612	8.0600	15	18		
1613	8.0650	15	18		
1614	8.0700	16	18		
1615	8.0750	16	18		
1616	8.0800	16	18		
1617	8.0850	16	18		
1618	8.0900	16	18		
1619	8.0950	16	18		
1620	8.1000	16	18		
1621	8.1050	16	18		
1622	8.1100	16	18		
1623	8.1150	16	18		
1624	8.1200	16	18		
1625	8.1250	16	18		
1626	8.1300	16	18		
1627	8.1350	16	18		
1628	8.1400	16	18		
1629	8.1450	16	18		
1630	8.1500	16	18		
1631	8.1550	16	18		
1632	8.1600	16	18		
1633	8.1650	16	18		
1634	8.1700	16	18		
1635	8.1750	16	18		
1636	8.1800	16	18		
1637	8.1850	16	18		
1638	8.1900	16	18		
1639	8.1950	16	18		
1640	8.2000	16	18		
1641	8.2050	16	18		
1642	8.2100	16	18		
1643	8.2150	16	17		
1644	8.2200	15	17		
1645	8.2250	15	17		
1646	8.2300	15	17		
1647	8.2350	15	17		
1648	8.2400	15	16		
1649	8.2450	15	16		
1650	8.2500	15	16		
1651	8.2550	14	16		
1652	8.2600	14	16		
1653	8.2650	14	16		
1654	8.2700	14	16		
1655	8.2750	14	15		
1656	8.2800	14	15		
1657	8.2850	14	15		
1658	8.2900	14	15		
1659	8.2950	14	14		
1660	8.3000	14	14		
1661	8.3050	13	14		
1662	8.3100	13	14		
1663	8.3150	13	14		
1664	8.3200	13	13		
1665	8.3250	12	13		
1666	8.3300	12	13		
1667	8.3350	12	12		
1668	8.3400	12	12		
1669	8.3450	12	12		
1670	8.3500	12	12		
1671	8.3550	12	11		
1672	8.3600	11	11		
1673	8.3650	11	11		
1674	8.3700	11	10		
1675	8.3750	10	10		
1676	8.3800	10	10		
1677	8.3850	10	10		
1678	8.3900	10	9		
1679	8.3950	10	9		
1680	8.4000	10	8		
1681	8.4050	9	8		
1682	8.4100	9	8		
1683	8.4150	9	8		
1684	8.4200	8	7		
1685	8.4250	8	7		
1686	8.4300	8	6		
1687	8.4350	8	6		
1688	8.4400	8	6		
1689	8.4450	8	5		
1690	8.4500	7	5		
1691	8.4550	7	4		
1692	8.4600	7	4		
1693	8.4650	6	4		
1694	8.4700	6	4		
1695	8.4750	6	3		
1696	8.4800	6	3		
1697	8.4850	6	2		
1698	8.4900	5	2		
1699	8.4950	5	2		
1700	8.5000	5	1		
1701	8.5050	4	1		
1702	8.5100	4	0		
1703	8.5150	4	0		
1704	8.5200	4	0		
1705	8.5250	4	0		
1706	8.5300	3	-1		
1707	8.5350	3	-1		
1708	8.5400	3	-2		
1709	8.5450	2	-2		
1710	8.5500	2	-2		
1711	8.5550	2	-3		
1712	8.5600	2	-3		
1713	8.5650	2	-4		
1714	8.5700	2	-4		
1715	8.5750	1	-4		
1716	8.5800	1	-5		
1717	8.5850	0	-5		
1718	8.5900	0	-6		
1719	8.5950	0	-6		
1720	8.6000	0	-6		
1721	8.6050	0	-6		
1722	8.6100	0	-7		
1723	8.6150	-1	-7		
1724	8.6200	-1	-8		
1725	8.6250	-1	-8		
1726	8.6300	-2	-8		
1727	8.6350	-2	-9		
1728	8.6400	-2	-9		
1729	8.6450	-2	-9		
1730	8.6500	-2	-10		
1731	8.6550	-2	-10		
1732	8.6600	-3	-10		
1733	8.6650	-3	-11		
1734	8.6700	-3	-11		
1735	8.6750	-3	-11		
1736	8.6800	-4	-12		
1737	8.6850	-4	-12		
1738	8.6900	-4	-12		
1739	8.6950	-4	-12		
1740	8.7000	-4	-13		
1741	8.7050	-4	-13		
1742	8.7100	-4	-13		
1743	8.7150	-5	-14		
1744	8.7200	-5	-14		
1745	8.7250	-5	-14		
1746	8.7300	-5	-14		
1747	8.7350	-6	-14		
1748	8.7400	-6	-15		
1749	8.7450	-6	-15		
1750	8.7500	-6	-15		
1751	8.7550	-6	-16		
1752	8.7600	-6	-16		
1753	8.7650	-6	-16		
1754	8.7700	-6	-16		
1755	8.7750	-6	-16		
1756	8.7800	-7	-16		
1757	8.7850	-7	-17		
1758	8.7900	-7	-17		
1759	8.7950	-7	-17		
1760	8.8000	-7	-17		
1761	8.8050	-7	-18		
1762	8.8100	-8	-18		
1763	8.8150	-8	-18		
1764	8.8200	-8	-18		
1765	8.8250	-8	-18		
1766	8.8300	-8	-18		
1767	8.8350	-8	-18		
1768	8.8400	-8	-18		
1769	8.8450	-8	-18		
1770	8.8500	-8	-19		
1771	8.8550	-8	-19		
1772	8.8600	-8	-19		
1773	8.8650	-8	-19		
1774	8.8700	-8	-19		
1775	8.8750	-8	-19		
1776	8.8800	-8	-19		
1777	8.8850	-8	-19		
1778	8.8900	-8	-19		
1779	8.8950	-8	-19		
1780	8.9000	-8	-19		
1781	8.9050	-8	-19		
1782	8.9100	-8	-19		
1783	8.9150	-8	-19		
1784	8.9200	-8	-19		
1785	8.9250	-8	-19		
1786	8.9300	-8	-19		
1787	8.9350	-8	-19		
1788	8.9400	-8	-19		
1789	8.9450	-8	-19		
1790	8.9500	-8	-19		
1791	8.9550	-8	-19		
1792	8.9600	-8	-19		
1793	8.9650	-8	-19		
1794	8.9700	-8	-19		
1795	8.9750	-8	-19		
1796	8.9800	-8	-19		
1797	8.9850	-8	-19		
1798	8.9900	-8	-18		
1799	8.9950	-8	-18		
1800	9.0000	-8	-18		
1801	9.0050	-8	-18		
1802	9.0100	-8	-18		
1803	9.0150	-8	-18		
1804	9.0200	-8	-18		
1805	9.0250	-8	-18		
1806	9.0300	-8	-18		
1807	9.0350	-7	-17		
1808	9.0400	-7	-17		
1809	9.0450	-7	-17		
1810	9.0500	-7	-17		
1811	9.0550	-7	-17		
1812	9.0600	-7	-16		
1813	9.0650	-6	-16		
1814	9.0700	-6	-16		
1815	9.0750	-6	-16		
1816	9.0800	-6	-16		
1817	9.0850	-6	-15		
1818	9.0900	-6	-15		
1819	9.0950	-6	-15		
1820	9.1000	-6	-14		
1821	9.1050	-6	-14		
1822	9.1100	-6	-14		
1823	9.1150	-5	-14		
1824	9.1200	-5	-14		
1825	9.1250	-5	-13		
1826	9.1300	-5	-13		
1827	9.1350	-5	-13		
1828	9.1400	-4	-12		
1829	9.1450	-4	-12		
1830	9.1500	-4	-12		
1831	9.1550	-4	-12		
1832	9.1600	-4	-11		
1833	9.1650	-4	-11		
1834	9.1700	-4	-10		
1835	9.1750	-3	-10		
1836	9.1800	-3	-10		
1837	9.1850	-3	-10		
1838	9.1900	-3	-9		
1839	9.1950	-2	-9		
1840	9.2000	-2	-8		
1841	9.2050	-2	-8		
1842	9.2100	-2	-8		
1843	9.2150	-2	-8		
1844	9.2200	-2	-7		
1845	9.2250	-1	-7		
1846	9.2300	-1	-6		
1847	9.2350	-1	-6		
1848	9.2400	-1	-6		
1849	9.2450	0	-5		
1850	9.2500	0	-5		
1851	9.2550	0	-4		
1852	9.2600	0	-4		
1853	9.2650	0	-4		
1854	9.2700	0	-4		
1855	9.2750	1	-3		
1856	9.2800	1	-3		
1857	9.2850	1	-2		
1858	9.2900	2	-2		
1859	9.2950	2	-2		
1860	9.3000	2	-1		
1861	9.3050	2	-1		
1862	9.3100	2	0		
1863	9.3150	2	0		
1864	9.3200	3	0		
1865	9.3250	3	1		
1866	9.3300	3	1		
1867	9.3350	4	2		
1868	9.3400	4	2		
1869	9.3450	4	2		
1870	9.3500	4	3		
1871	9.3550	4	3		
1872	9.3600	4	4		
1873	9.3650	5	4		
1874	9.3700	5	4		
1875	9.3750	5	4		
1876	9.3800	6	5		
1877	9.3850	6	5		
1878	9.3900	6	6		
1879	9.3950	6	6		
1880	9.4000	6	6		
1881	9.4050	6	7		
1882	9.4100	7	7		
1883	9.4150	7	7		
1884	9.4200	7	8		
1885	9.4250	8	8		
1886	9.4300	8	8		
1887	9.4350	8	9		
1888	9.4400	8	9		
1889	9.4450	8	9		
1890	9.4500	8	10		
1891	9.4550	9	10		
1892	9.4600	9	10		
1893	9.4650	9	10		
1894	9.4700	10	11		
1895	9.4750	10	11		
1896	9.4800	10	12		
1897	9.4850	10	12		
1898	9.4900	10	12		
1899	9.4950	10	12		
1900	9.5000	10	13		
1901	9.5050	11	13		
1902	9.5100	11	13		
1903	9.5150	11	14		
1904	9.5200	11	14		
1905	9.5250	12	14		
1906	9.5300	12	14		
1907	9.5350	12	14		
1908	9.5400	12	14		
1909	9.5450	12	15		
1910	9.5500	12	15		
1911	9.5550	12	15		
1912	9.5600	12	16		
1913	9.5650	13	16		
1914	9.5700	13	16		
1915	9.5750	13	16		
1916	9.5800	13	16		
1917	9.5850	13	16		
1918	9.5900	14	16		
1919	9.5950	14	17		
1920	9.6000	14	17		
1921	9.6050	14	17		
1922	9.6100	14	17		
1923	9.6150	14	17		
1924	9.6200	14	17		
1925	9.6250	14	18		
1926	9.6300	14	18		
1927	9.6350	14	18		
1928	9.6400	14	18		
1929	9.6450	15	18		
1930	9.6500	15	18		
1931	9.6550	15	18		
1932	9.6600	15	18		
1933	9.6650	15	18		
1934	9.6700	15	18		
1935	9.6750	15	18		
1936	9.6800	15	18		
1937	9.6850	15	18		
1938	9.6900	15	18		
1939	9.6950	16	18		
1940	9.7000	16	18		
1941	9.7050	16	18		
1942	9.7100	16	18		
1943	9.7150	16	18		
1944	9.7200	16	18		
1945	9.7250	16	18		
1946	9.7300	16	18		
1947	9.7350	16	18		
1948	9.7400	16	18		
1949	9.7450	16	18		
1950	9.7500	16	18		
1951	9.7550	16	18		
1952	9.7600	16	18		
1953	9.7650	16	18		
1954	9.7700	16	18		
1955	9.7750	16	18		
1956	9.7800	16	18		
1957	9.7850	16	17		
1958	9.7900	15	17		
1959	9.7950	15	17		
1960	9.8000	15	17		
1961	9.8050	15	17		
1962	9.8100	15	17		
1963	9.8150	15	16		
1964	9.8200	15	16		
1965	9.8250	15	16		
1966	9.8300	15	16		
1967	9.8350	15	16		
1968	9.8400	14	16		
1969	9.8450	14	15		
1970	9.8500	14	15		
1971	9.8550	14	15		
1972	9.8600	14	15		
1973	9.8650	14	14		
1974	9.8700	14	14		
1975	9.8750	14	14		
1976	9.8800	14	14		
1977	9.8850	14	14		
1978	9.8900	14	13		
1979	9.8950	13	13		
1980	9.9000	13	13		
1981	9.9050	13	12		
1982	9.9100	13	12		
1983	9.9150	12	12		
1984	9.9200	12	12		
1985	9.9250	12	12		
1986	9.9300	12	11		
1987	9.9350	12	11		
1988	9.9400	12	10		
1989	9.9450	12	10		
1990	9.9500	11	10		
1991	9.9550	11	10		
1992	9.9600	11	9		
1993	9.9650	10	9		
1994	9.9700	10	8		
1995	9.9750	10	8		
1996	9.9800	10	8		
1997	9.9850	10	8		
1998	9.9900	10	7		
1999	9.9950	10	7		
2000	10.0000	9	6		
