#	time(s)	count A	count B	count C	count D
1	0.0050	-1	18		
2	0.0100	-2	18		
3	0.0150	-2	18		
4	0.0200	-2	18		
5	0.0250	-2	18		
6	0.0300	-2	18		
7	0.0350	-2	18		
8	0.0400	-2	18		
9	0.0450	-2	18		
10	0.0500	-2	18		
11	0.0550	-2	18		
12	0.0600	-2	18		
13	0.0650	-1	17		
14	0.0700	-1	16		
15	0.0750	-1	16		
16	0.0800	-1	16		
17	0.0850	-1	15		
18	0.0900	-1	14		
19	0.0950	0	13		
20	0.1000	0	12		
21	0.1050	0	12		
22	0.1100	0	11		
23	0.1150	0	10		
24	0.1200	0	9		
25	0.1250	1	8		
26	0.1300	1	7		
27	0.1350	1	6		
28	0.1400	2	5		
29	0.1450	2	4		
30	0.1500	2	2		
31	0.1550	2	2		
32	0.1600	2	0		
33	0.1650	3	-1		
34	0.1700	3	-2		
35	0.1750	4	-3		
36	0.1800	4	-4		
37	0.1850	4	-5		
38	0.1900	4	-6		
39	0.1950	4	-8		
40	0.2000	5	-8		
41	0.2050	5	-10		
42	0.2100	5	-10		
43	0.2150	6	-12		
44	0.2200	6	-12		
45	0.2250	6	-13		
46	0.2300	6	-14		
47	0.2350	6	-15		
48	0.2400	7	-16		
49	0.2450	7	-16		
50	0.2500	7	-17		
51	0.2550	7	-18		
52	0.2600	8	-18		
53	0.2650	8	-18		
54	0.2700	8	-19		
55	0.2750	8	-19		
56	0.2800	8	-20		
57	0.2850	8	-20		
58	0.2900	8	-20		
59	0.2950	8	-20		
60	0.3000	8	-20		
61	0.3050	8	-20		
62	0.3100	8	-20		
63	0.3150	8	-20		
64	0.3200	8	-19		
65	0.3250	8	-19		
66	0.3300	8	-18		
67	0.3350	8	-18		
68	0.3400	8	-18		
69	0.3450	8	-17		
70	0.3500	8	-16		
71	0.3550	8	-16		
72	0.3600	8	-15		
73	0.3650	7	-14		
74	0.3700	7	-14		
75	0.3750	7	-12		
76	0.3800	7	-12		
77	0.3850	6	-11		
78	0.3900	6	-10		
79	0.3950	6	-9		
80	0.4000	6	-8		
81	0.4050	6	-6		
82	0.4100	5	-6		
83	0.4150	5	-4		
84	0.4200	5	-3		
85	0.4250	4	-2		
86	0.4300	4	-1		
87	0.4350	4	0		
88	0.4400	4	1		
89	0.4450	4	2		
90	0.4500	3	4		
91	0.4550	3	5		
92	0.4600	3	6		
93	0.4650	2	7		
94	0.4700	2	8		
95	0.4750	2	9		
96	0.4800	2	10		
97	0.4850	2	11		
98	0.4900	1	12		
99	0.4950	1	12		
100	0.5000	1	13		
101	0.5050	0	14		
102	0.5100	0	15		
103	0.5150	0	16		
104	0.5200	0	16		
105	0.5250	0	16		
106	0.5300	0	17		
107	0.5350	0	18		
108	0.5400	-1	18		
109	0.5450	-1	18		
110	0.5500	-1	18		
111	0.5550	-1	18		
112	0.5600	-1	18		
113	0.5650	-1	18		
114	0.5700	-1	18		
115	0.5750	-1	18		
116	0.5800	-1	18		
117	0.5850	-1	18		
118	0.5900	-1	18		
119	0.5950	-1	17		
120	0.6000	-1	17		
121	0.6050	-1	16		
122	0.6100	-1	16		
123	0.6150	-1	15		
124	0.6200	-1	14		
125	0.6250	0	14		
126	0.6300	0	13		
127	0.6350	0	12		
128	0.6400	0	12		
129	0.6450	0	10		
130	0.6500	0	10		
131	0.6550	0	9		
132	0.6600	0	8		
133	0.6650	1	6		
134	0.6700	1	6		
135	0.6750	1	4		
136	0.6800	2	4		
137	0.6850	2	2		
138	0.6900	2	1		
139	0.6950	2	0		
140	0.7000	2	-1		
141	0.7050	2	-2		
142	0.7100	3	-4		
143	0.7150	3	-4		
144	0.7200	4	-6		
145	0.7250	4	-7		
146	0.7300	4	-8		
147	0.7350	4	-9		
148	0.7400	4	-10		
149	0.7450	4	-11		
150	0.7500	5	-12		
151	0.7550	5	-12		
152	0.7600	5	-13		
153	0.7650	6	-14		
154	0.7700	6	-15		
155	0.7750	6	-16		
156	0.7800	6	-16		
157	0.7850	6	-17		
158	0.7900	6	-18		
159	0.7950	6	-18		
160	0.8000	6	-18		
161	0.8050	7	-19		
162	0.8100	7	-19		
163	0.8150	7	-20		
164	0.8200	7	-20		
165	0.8250	7	-20		
166	0.8300	7	-20		
167	0.8350	7	-20		
168	0.8400	7	-20		
169	0.8450	7	-20		
170	0.8500	7	-20		
171	0.8550	7	-19		
172	0.8600	7	-19		
173	0.8650	7	-18		
174	0.8700	7	-18		
175	0.8750	7	-18		
176	0.8800	7	-17		
177	0.8850	6	-16		
178	0.8900	6	-16		
179	0.8950	6	-15		
180	0.9000	6	-14		
181	0.9050	6	-13		
182	0.9100	6	-12		
183	0.9150	6	-12		
184	0.9200	6	-10		
185	0.9250	5	-10		
186	0.9300	5	-8		
187	0.9350	5	-8		
188	0.9400	4	-6		
189	0.9450	4	-5		
190	0.9500	4	-4		
191	0.9550	4	-3		
192	0.9600	4	-2		
193	0.9650	4	-1		
194	0.9700	3	0		
195	0.9750	3	2		
196	0.9800	3	3		
197	0.9850	2	4		
198	0.9900	2	5		
199	0.9950	2	6		
200	1.0000	2	7		
201	1.0050	2	8		
202	1.0100	1	9		
203	1.0150	1	10		
204	1.0200	1	11		
205	1.0250	1	12		
206	1.0300	0	13		
207	1.0350	0	14		
208	1.0400	0	14		
209	1.0450	0	15		
210	1.0500	0	16		
211	1.0550	0	16		
212	1.0600	0	17		
213	1.0650	0	17		
214	1.0700	-1	18		
215	1.0750	-1	18		
216	1.0800	-1	18		
217	1.0850	-1	18		
218	1.0900	-1	18		
219	1.0950	-1	18		
220	1.1000	-1	18		
221	1.1050	-1	18		
222	1.1100	-1	18		
223	1.1150	-1	18		
224	1.1200	-1	18		
225	1.1250	-1	18		
226	1.1300	-1	17		
227	1.1350	-1	17		
228	1.1400	0	16		
229	1.1450	0	16		
230	1.1500	0	15		
231	1.1550	0	14		
232	1.1600	0	14		
233	1.1650	0	13		
234	1.1700	0	12		
235	1.1750	0	11		
236	1.1800	0	10		
237	1.1850	1	9		
238	1.1900	1	8		
239	1.1950	1	7		
240	1.2000	2	6		
241	1.2050	2	5		
242	1.2100	2	4		
243	1.2150	2	3		
244	1.2200	2	2		
245	1.2250	3	1		
246	1.2300	3	0		
247	1.2350	3	-2		
248	1.2400	4	-2		
249	1.2450	4	-4		
250	1.2500	4	-5		
251	1.2550	4	-6		
252	1.2600	4	-7		
253	1.2650	5	-8		
254	1.2700	5	-9		
255	1.2750	6	-10		
256	1.2800	6	-11		
257	1.2850	6	-12		
258	1.2900	6	-13		
259	1.2950	6	-14		
260	1.3000	6	-14		
261	1.3050	7	-15		
262	1.3100	7	-16		
263	1.3150	7	-16		
264	1.3200	7	-17		
265	1.3250	8	-18		
266	1.3300	8	-18		
267	1.3350	8	-18		
268	1.3400	8	-19		
269	1.3450	8	-19		
270	1.3500	8	-20		
271	1.3550	8	-20		
272	1.3600	8	-20		
273	1.3650	8	-20		
274	1.3700	8	-20		
275	1.3750	8	-20		
276	1.3800	8	-20		
277	1.3850	8	-20		
278	1.3900	8	-19		
279	1.3950	8	-19		
280	1.4000	8	-18		
281	1.4050	8	-18		
282	1.4100	8	-17		
283	1.4150	8	-17		
284	1.4200	8	-16		
285	1.4250	7	-15		
286	1.4300	7	-14		
287	1.4350	7	-14		
288	1.4400	7	-13		
289	1.4450	6	-12		
290	1.4500	6	-11		
291	1.4550	6	-10		
292	1.4600	6	-9		
293	1.4650	6	-8		
294	1.4700	6	-7		
295	1.4750	5	-6		
296	1.4800	5	-5		
297	1.4850	4	-4		
298	1.4900	4	-3		
299	1.4950	4	-2		
300	1.5000	4	0		
301	1.5050	4	1		
302	1.5100	3	2		
303	1.5150	3	3		
304	1.5200	2	4		
305	1.5250	2	5		
306	1.5300	2	6		
307	1.5350	2	7		
308	1.5400	2	8		
309	1.5450	1	9		
310	1.5500	1	10		
311	1.5550	1	11		
312	1.5600	0	12		
313	1.5650	0	13		
314	1.5700	0	14		
315	1.5750	0	14		
316	1.5800	0	15		
317	1.5850	0	16		
318	1.5900	0	16		
319	1.5950	-1	17		
320	1.6000	-1	17		
321	1.6050	-1	18		
322	1.6100	-1	18		
323	1.6150	-1	18		
324	1.6200	-2	18		
325	1.6250	-2	18		
326	1.6300	-2	18		
327	1.6350	-2	18		
328	1.6400	-2	18		
329	1.6450	-2	18		
330	1.6500	-2	18		
331	1.6550	-2	18		
332	1.6600	-2	18		
333	1.6650	-2	17		
334	1.6700	-2	16		
335	1.6750	-1	16		
336	1.6800	-1	16		
337	1.6850	-1	15		
338	1.6900	-1	14		
339	1.6950	-1	14		
340	1.7000	-1	13		
341	1.7050	0	12		
342	1.7100	0	11		
343	1.7150	0	10		
344	1.7200	0	9		
345	1.7250	0	8		
346	1.7300	0	7		
347	1.7350	1	6		
348	1.7400	1	5		
349	1.7450	1	4		
350	1.7500	2	3		
351	1.7550	2	2		
352	1.7600	2	0		
353	1.7650	2	0		
354	1.7700	2	-2		
355	1.7750	3	-3		
356	1.7800	3	-4		
357	1.7850	3	-5		
358	1.7900	4	-6		
359	1.7950	4	-7		
360	1.8000	4	-8		
361	1.8050	4	-9		
362	1.8100	4	-10		
363	1.8150	5	-11		
364	1.8200	5	-12		
365	1.8250	5	-13		
366	1.8300	6	-14		
367	1.8350	6	-14		
368	1.8400	6	-15		
369	1.8450	6	-16		
370	1.8500	6	-17		
371	1.8550	6	-17		
372	1.8600	6	-18		
373	1.8650	7	-18		
374	1.8700	7	-19		
375	1.8750	7	-19		
376	1.8800	7	-19		
377	1.8850	7	-20		
378	1.8900	7	-20		
379	1.8950	8	-20		
380	1.9000	8	-20		
381	1.9050	8	-20		
382	1.9100	8	-20		
383	1.9150	8	-20		
384	1.9200	8	-19		
385	1.9250	8	-19		
386	1.9300	8	-19		
387	1.9350	7	-18		
388	1.9400	7	-18		
389	1.9450	7	-17		
390	1.9500	7	-16		
391	1.9550	7	-16		
392	1.9600	7	-15		
393	1.9650	7	-14		
394	1.9700	6	-14		
395	1.9750	6	-13		
396	1.9800	6	-12		
397	1.9850	6	-11		
398	1.9900	6	-10		
399	1.9950	6	-9		
400	2.0000	6	-8		
401	2.0050	5	-7		
402	2.0100	5	-6		
403	2.0150	5	-4		
404	2.0200	4	-4		
405	2.0250	4	-2		
406	2.0300	4	-1		
407	2.0350	4	0		
408	2.0400	4	1		
409	2.0450	3	2		
410	2.0500	3	3		
411	2.0550	3	4		
412	2.0600	2	6		
413	2.0650	2	7		
414	2.0700	2	8		
415	2.0750	2	9		
416	2.0800	2	10		
417	2.0850	2	11		
418	2.0900	1	12		
419	2.0950	1	12		
420	2.1000	1	13		
421	2.1050	0	14		
422	2.1100	0	15		
423	2.1150	0	15		
424	2.1200	0	16		
425	2.1250	0	16		
426	2.1300	0	17		
427	2.1350	0	17		
428	2.1400	0	18		
429	2.1450	0	18		
430	2.1500	0	18		
431	2.1550	0	18		
432	2.1600	-1	18		
433	2.1650	-1	18		
434	2.1700	-1	18		
435	2.1750	-1	18		
436	2.1800	-1	18		
437	2.1850	-1	18		
438	2.1900	-1	18		
439	2.1950	0	18		
440	2.2000	0	17		
441	2.2050	0	16		
442	2.2100	0	16		
443	2.2150	0	16		
444	2.2200	0	15		
445	2.2250	0	14		
446	2.2300	0	13		
447	2.2350	0	12		
448	2.2400	0	12		
449	2.2450	0	11		
450	2.2500	1	10		
451	2.2550	1	9		
452	2.2600	1	8		
453	2.2650	2	7		
454	2.2700	2	6		
455	2.2750	2	5		
456	2.2800	2	4		
457	2.2850	2	2		
458	2.2900	2	2		
459	2.2950	3	0		
460	2.3000	3	-1		
461	2.3050	4	-2		
462	2.3100	4	-3		
463	2.3150	4	-4		
464	2.3200	4	-6		
465	2.3250	4	-6		
466	2.3300	4	-8		
467	2.3350	5	-8		
468	2.3400	5	-10		
469	2.3450	5	-10		
470	2.3500	6	-12		
471	2.3550	6	-12		
472	2.3600	6	-13		
473	2.3650	6	-14		
474	2.3700	6	-15		
475	2.3750	6	-16		
476	2.3800	7	-16		
477	2.3850	7	-17		
478	2.3900	7	-18		
479	2.3950	7	-18		
480	2.4000	7	-18		
481	2.4050	7	-19		
482	2.4100	8	-19		
483	2.4150	8	-20		
484	2.4200	8	-20		
485	2.4250	8	-20		
486	2.4300	8	-20		
487	2.4350	8	-20		
488	2.4400	8	-20		
489	2.4450	8	-20		
490	2.4500	8	-20		
491	2.4550	8	-19		
492	2.4600	8	-19		
493	2.4650	8	-18		
494	2.4700	7	-18		
495	2.4750	7	-18		
496	2.4800	7	-17		
497	2.4850	7	-16		
498	2.4900	7	-16		
499	2.4950	7	-15		
500	2.5000	6	-14		
501	2.5050	6	-13		
502	2.5100	6	-12		
503	2.5150	6	-12		
504	2.5200	6	-11		
505	2.5250	6	-10		
506	2.5300	5	-9		
507	2.5350	5	-8		
508	2.5400	5	-6		
509	2.5450	4	-6		
510	2.5500	4	-4		
511	2.5550	4	-3		
512	2.5600	4	-2		
513	2.5650	4	-1		
514	2.5700	3	0		
515	2.5750	3	1		
516	2.5800	2	2		
517	2.5850	2	4		
518	2.5900	2	5		
519	2.5950	2	6		
520	2.6000	2	7		
521	2.6050	1	8		
522	2.6100	1	9		
523	2.6150	1	10		
524	2.6200	0	11		
525	2.6250	0	12		
526	2.6300	0	13		
527	2.6350	0	14		
528	2.6400	0	14		
529	2.6450	0	15		
530	2.6500	0	16		
531	2.6550	-1	16		
532	2.6600	-1	16		
533	2.6650	-1	17		
534	2.6700	-1	18		
535	2.6750	-1	18		
536	2.6800	-2	18		
537	2.6850	-2	18		
538	2.6900	-2	18		
539	2.6950	-2	18		
540	2.7000	-2	18		
541	2.7050	-2	18		
542	2.7100	-2	18		
543	2.7150	-2	18		
544	2.7200	-2	18		
545	2.7250	-2	18		
546	2.7300	-2	17		
547	2.7350	-2	17		
548	2.7400	-2	16		
549	2.7450	-1	16		
550	2.7500	-1	15		
551	2.7550	-1	14		
552	2.7600	-1	14		
553	2.7650	0	13		
554	2.7700	0	12		
555	2.7750	0	12		
556	2.7800	0	10		
557	2.7850	0	10		
558	2.7900	0	8		
559	2.7950	0	8		
560	2.8000	1	6		
561	2.8050	1	6		
562	2.8100	1	4		
563	2.8150	2	3		
564	2.8200	2	2		
565	2.8250	2	1		
566	2.8300	2	0		
567	2.8350	2	-1		
568	2.8400	3	-2		
569	2.8450	3	-4		
570	2.8500	4	-5		
571	2.8550	4	-6		
572	2.8600	4	-7		
573	2.8650	4	-8		
574	2.8700	4	-9		
575	2.8750	5	-10		
576	2.8800	5	-11		
577	2.8850	5	-12		
578	2.8900	6	-13		
579	2.8950	6	-14		
580	2.9000	6	-14		
581	2.9050	6	-15		
582	2.9100	6	-16		
583	2.9150	7	-16		
584	2.9200	7	-17		
585	2.9250	7	-18		
586	2.9300	7	-18		
587	2.9350	7	-18		
588	2.9400	8	-19		
589	2.9450	8	-19		
590	2.9500	8	-20		
591	2.9550	8	-20		
592	2.9600	8	-20		
593	2.9650	8	-20		
594	2.9700	8	-20		
595	2.9750	8	-20		
596	2.9800	8	-20		
597	2.9850	8	-20		
598	2.9900	8	-19		
599	2.9950	8	-19		
600	3.0000	8	-18		
601	3.0050	8	-18		
602	3.0100	8	-18		
603	3.0150	8	-17		
604	3.0200	8	-16		
605	3.0250	8	-16		
606	3.0300	7	-15		
607	3.0350	7	-14		
608	3.0400	7	-13		
609	3.0450	7	-12		
610	3.0500	6	-11		
611	3.0550	6	-10		
612	3.0600	6	-10		
613	3.0650	6	-8		
614	3.0700	6	-7		
615	3.0750	6	-6		
616	3.0800	5	-5		
617	3.0850	5	-4		
618	3.0900	5	-3		
619	3.0950	4	-2		
620	3.1000	4	-1		
621	3.1050	4	0		
622	3.1100	4	2		
623	3.1150	4	3		
624	3.1200	3	4		
625	3.1250	3	5		
626	3.1300	3	6		
627	3.1350	2	7		
628	3.1400	2	8		
629	3.1450	2	9		
630	3.1500	2	10		
631	3.1550	2	11		
632	3.1600	1	12		
633	3.1650	1	13		
634	3.1700	1	14		
635	3.1750	1	14		
636	3.1800	0	15		
637	3.1850	0	16		
638	3.1900	0	16		
639	3.1950	0	17		
640	3.2000	0	17		
641	3.2050	0	18		
642	3.2100	0	18		
643	3.2150	0	18		
644	3.2200	0	18		
645	3.2250	-1	18		
646	3.2300	-1	18		
647	3.2350	-1	18		
648	3.2400	-1	18		
649	3.2450	-1	18		
650	3.2500	-1	18		
651	3.2550	-1	18		
652	3.2600	-1	18		
653	3.2650	-1	17		
654	3.2700	0	17		
655	3.2750	0	16		
656	3.2800	0	16		
657	3.2850	0	15		
658	3.2900	0	14		
659	3.2950	0	14		
660	3.3000	0	13		
661	3.3050	0	12		
662	3.3100	0	11		
663	3.3150	0	10		
664	3.3200	0	9		
665	3.3250	1	8		
666	3.3300	1	7		
667	3.3350	1	6		
668	3.3400	2	5		
669	3.3450	2	4		
670	3.3500	2	3		
671	3.3550	2	2		
672	3.3600	2	1		
673	3.3650	2	0		
674	3.3700	3	-2		
675	3.3750	3	-2		
676	3.3800	4	-4		
677	3.3850	4	-5		
678	3.3900	4	-6		
679	3.3950	4	-7		
680	3.4000	4	-8		
681	3.4050	4	-9		
682	3.4100	5	-10		
683	3.4150	5	-11		
684	3.4200	5	-12		
685	3.4250	6	-13		
686	3.4300	6	-14		
687	3.4350	6	-14		
688	3.4400	6	-15		
689	3.4450	6	-16		
690	3.4500	6	-17		
691	3.4550	6	-17		
692	3.4600	6	-18		
693	3.4650	7	-18		
694	3.4700	7	-19		
695	3.4750	7	-19		
696	3.4800	7	-19		
697	3.4850	7	-20		
698	3.4900	7	-20		
699	3.4950	7	-20		
700	3.5000	7	-20		
701	3.5050	7	-20		
702	3.5100	7	-20		
703	3.5150	7	-20		
704	3.5200	7	-19		
705	3.5250	7	-19		
706	3.5300	7	-19		
707	3.5350	7	-18		
708	3.5400	7	-18		
709	3.5450	7	-17		
710	3.5500	7	-17		
711	3.5550	6	-16		
712	3.5600	6	-15		
713	3.5650	6	-14		
714	3.5700	6	-14		
715	3.5750	6	-13		
716	3.5800	6	-12		
717	3.5850	6	-11		
718	3.5900	6	-10		
719	3.5950	5	-9		
720	3.6000	5	-8		
721	3.6050	5	-7		
722	3.6100	4	-6		
723	3.6150	4	-5		
724	3.6200	4	-4		
725	3.6250	4	-2		
726	3.6300	4	-2		
727	3.6350	3	0		
728	3.6400	3	1		
729	3.6450	3	2		
730	3.6500	2	3		
731	3.6550	2	4		
732	3.6600	2	5		
733	3.6650	2	6		
734	3.6700	2	8		
735	3.6750	1	8		
736	3.6800	1	10		
737	3.6850	1	10		
738	3.6900	0	12		
739	3.6950	0	12		
740	3.7000	0	13		
741	3.7050	0	14		
742	3.7100	0	14		
743	3.7150	0	15		
744	3.7200	0	16		
745	3.7250	-1	16		
746	3.7300	-1	17		
747	3.7350	-1	17		
748	3.7400	-1	18		
749	3.7450	-1	18		
750	3.7500	-1	18		
751	3.7550	-1	18		
752	3.7600	-1	18		
753	3.7650	-1	18		
754	3.7700	-1	18		
755	3.7750	-1	18		
756	3.7800	-1	18		
757	3.7850	-1	18		
758	3.7900	-1	18		
759	3.7950	-1	18		
760	3.8000	-1	17		
761	3.8050	-1	16		
762	3.8100	-1	16		
763	3.8150	-1	16		
764	3.8200	0	15		
765	3.8250	0	14		
766	3.8300	0	14		
767	3.8350	0	13		
768	3.8400	0	12		
769	3.8450	0	11		
770	3.8500	0	10		
771	3.8550	1	9		
772	3.8600	1	8		
773	3.8650	1	7		
774	3.8700	2	6		
775	3.8750	2	5		
776	3.8800	2	4		
777	3.8850	2	3		
778	3.8900	2	2		
779	3.8950	3	0		
780	3.9000	3	-1		
781	3.9050	3	-2		
782	3.9100	4	-3		
783	3.9150	4	-4		
784	3.9200	4	-5		
785	3.9250	4	-6		
786	3.9300	4	-7		
787	3.9350	5	-8		
788	3.9400	5	-10		
789	3.9450	6	-10		
790	3.9500	6	-11		
791	3.9550	6	-12		
792	3.9600	6	-13		
793	3.9650	6	-14		
794	3.9700	6	-14		
795	3.9750	7	-15		
796	3.9800	7	-16		
797	3.9850	7	-17		
798	3.9900	7	-17		
799	3.9950	8	-18		
800	4.0000	8	-18		
801	4.0050	8	-19		
802	4.0100	8	-19		
803	4.0150	8	-20		
804	4.0200	8	-20		
805	4.0250	8	-20		
806	4.0300	8	-20		
807	4.0350	8	-20		
808	4.0400	8	-20		
809	4.0450	8	-20		
810	4.0500	8	-20		
811	4.0550	8	-19		
812	4.0600	8	-19		
813	4.0650	8	-18		
814	4.0700	8	-18		
815	4.0750	8	-18		
816	4.0800	8	-17		
817	4.0850	8	-16		
818	4.0900	8	-16		
819	4.0950	8	-15		
820	4.1000	7	-14		
821	4.1050	7	-14		
822	4.1100	7	-13		
823	4.1150	6	-12		
824	4.1200	6	-11		
825	4.1250	6	-10		
826	4.1300	6	-9		
827	4.1350	6	-8		
828	4.1400	6	-7		
829	4.1450	5	-6		
830	4.1500	5	-4		
831	4.1550	5	-4		
832	4.1600	4	-2		
833	4.1650	4	-1		
834	4.1700	4	0		
835	4.1750	4	1		
836	4.1800	4	2		
837	4.1850	3	3		
838	4.1900	3	4		
839	4.1950	2	6		
840	4.2000	2	7		
841	4.2050	2	8		
842	4.2100	2	9		
843	4.2150	2	10		
844	4.2200	1	11		
845	4.2250	1	12		
846	4.2300	1	12		
847	4.2350	0	13		
848	4.2400	0	14		
849	4.2450	0	15		
850	4.2500	0	16		
851	4.2550	0	16		
852	4.2600	0	16		
853	4.2650	0	17		
854	4.2700	0	18		
855	4.2750	-1	18		
856	4.2800	-1	18		
857	4.2850	-1	18		
858	4.2900	-1	18		
859	4.2950	-1	18		
860	4.3000	-1	18		
861	4.3050	-1	18		
862	4.3100	-1	18		
863	4.3150	-1	18		
864	4.3200	-1	18		
865	4.3250	-1	18		
866	4.3300	-1	17		
867	4.3350	-1	17		
868	4.3400	-1	16		
869	4.3450	-1	16		
870	4.3500	-1	15		
871	4.3550	-1	15		
872	4.3600	-1	14		
873	4.3650	0	13		
874	4.3700	0	12		
875	4.3750	0	12		
876	4.3800	0	11		
877	4.3850	0	10		
878	4.3900	0	9		
879	4.3950	0	8		
880	4.4000	1	7		
881	4.4050	1	6		
882	4.4100	1	4		
883	4.4150	2	4		
884	4.4200	2	2		
885	4.4250	2	1		
886	4.4300	2	0		
887	4.4350	2	-1		
888	4.4400	2	-2		
889	4.4450	3	-3		
890	4.4500	3	-4		
891	4.4550	4	-6		
892	4.4600	4	-6		
893	4.4650	4	-8		
894	4.4700	4	-9		
895	4.4750	4	-10		
896	4.4800	4	-11		
897	4.4850	5	-12		
898	4.4900	5	-12		
899	4.4950	5	-13		
900	4.5000	6	-14		
901	4.5050	6	-15		
902	4.5100	6	-16		
903	4.5150	6	-16		
904	4.5200	6	-17		
905	4.5250	6	-18		
906	4.5300	6	-18		
907	4.5350	7	-18		
908	4.5400	7	-19		
909	4.5450	7	-19		
910	4.5500	7	-20		
911	4.5550	7	-20		
912	4.5600	7	-20		
913	4.5650	7	-20		
914	4.5700	7	-20		
915	4.5750	7	-20		
916	4.5800	7	-20		
917	4.5850	7	-20		
918	4.5900	7	-19		
919	4.5950	7	-19		
920	4.6000	7	-18		
921	4.6050	7	-18		
922	4.6100	7	-18		
923	4.6150	7	-17		
924	4.6200	7	-16		
925	4.6250	7	-16		
926	4.6300	6	-15		
927	4.6350	6	-14		
928	4.6400	6	-13		
929	4.6450	6	-12		
930	4.6500	6	-12		
931	4.6550	6	-10		
932	4.6600	6	-10		
933	4.6650	6	-8		
934	4.6700	5	-8		
935	4.6750	5	-6		
936	4.6800	5	-5		
937	4.6850	4	-4		
938	4.6900	4	-3		
939	4.6950	4	-2		
940	4.7000	4	-1		
941	4.7050	4	0		
942	4.7100	3	2		
943	4.7150	3	3		
944	4.7200	3	4		
945	4.7250	2	5		
946	4.7300	2	6		
947	4.7350	2	7		
948	4.7400	2	8		
949	4.7450	2	9		
950	4.7500	2	10		
951	4.7550	1	11		
952	4.7600	1	12		
953	4.7650	1	13		
954	4.7700	0	14		
955	4.7750	0	14		
956	4.7800	0	15		
957	4.7850	0	16		
958	4.7900	0	16		
959	4.7950	0	16		
960	4.8000	0	17		
961	4.8050	0	18		
962	4.8100	0	18		
963	4.8150	-1	18		
964	4.8200	-1	18		
965	4.8250	-1	18		
966	4.8300	-1	18		
967	4.8350	-1	18		
968	4.8400	-1	18		
969	4.8450	-1	18		
970	4.8500	-1	18		
971	4.8550	-1	18		
972	4.8600	-1	18		
973	4.8650	-1	17		
974	4.8700	0	17		
975	4.8750	0	16		
976	4.8800	0	16		
977	4.8850	0	15		
978	4.8900	0	14		
979	4.8950	0	14		
980	4.9000	0	13		
981	4.9050	0	12		
982	4.9100	0	11		
983	4.9150	1	10		
984	4.9200	1	10		
985	4.9250	1	8		
986	4.9300	2	8		
987	4.9350	2	6		
988	4.9400	2	6		
989	4.9450	2	4		
990	4.9500	2	3		
991	4.9550	2	2		
992	4.9600	3	1		
993	4.9650	3	0		
994	4.9700	3	-1		
995	4.9750	4	-2		
996	4.9800	4	-4		
997	4.9850	4	-4		
998	4.9900	4	-6		
999	4.9950	4	-7		
1000	5.0000	5	-8		
1001	5.0050	5	-9		
1002	5.0100	6	-10		
1003	5.0150	6	-11		
1004	5.0200	6	-12		
1005	5.0250	6	-13		
1006	5.0300	6	-14		
1007	5.0350	6	-14		
1008	5.0400	6	-15		
1009	5.0450	7	-16		
1010	5.0500	7	-16		
1011	5.0550	7	-17		
1012	5.0600	7	-18		
1013	5.0650	8	-18		
1014	5.0700	8	-18		
1015	5.0750	8	-19		
1016	5.0800	8	-19		
1017	5.0850	8	-20		
1018	5.0900	8	-20		
1019	5.0950	8	-20		
1020	5.1000	8	-20		
1021	5.1050	8	-20		
1022	5.1100	8	-20		
1023	5.1150	8	-20		
1024	5.1200	8	-19		
1025	5.1250	8	-19		
1026	5.1300	8	-19		
1027	5.1350	8	-18		
1028	5.1400	8	-18		
1029	5.1450	8	-18		
1030	5.1500	8	-17		
1031	5.1550	7	-16		
1032	5.1600	7	-16		
1033	5.1650	7	-15		
1034	5.1700	7	-14		
1035	5.1750	6	-13		
1036	5.1800	6	-12		
1037	5.1850	6	-11		
1038	5.1900	6	-10		
1039	5.1950	6	-9		
1040	5.2000	6	-8		
1041	5.2050	5	-7		
1042	5.2100	5	-6		
1043	5.2150	5	-5		
1044	5.2200	4	-4		
1045	5.2250	4	-3		
1046	5.2300	4	-2		
1047	5.2350	4	0		
1048	5.2400	4	0		
1049	5.2450	3	2		
1050	5.2500	3	3		
1051	5.2550	2	4		
1052	5.2600	2	5		
1053	5.2650	2	6		
1054	5.2700	2	7		
1055	5.2750	2	8		
1056	5.2800	1	9		
1057	5.2850	1	10		
1058	5.2900	1	11		
1059	5.2950	0	12		
1060	5.3000	0	13		
1061	5.3050	0	14		
1062	5.3100	0	14		
1063	5.3150	0	15		
1064	5.3200	0	16		
1065	5.3250	0	16		
1066	5.3300	-1	17		
1067	5.3350	-1	17		
1068	5.3400	-1	18		
1069	5.3450	-1	18		
1070	5.3500	-1	18		
1071	5.3550	-2	18		
1072	5.3600	-2	18		
1073	5.3650	-2	18		
1074	5.3700	-2	18		
1075	5.3750	-2	18		
1076	5.3800	-2	18		
1077	5.3850	-2	18		
1078	5.3900	-2	18		
1079	5.3950	-2	18		
1080	5.4000	-2	17		
1081	5.4050	-2	17		
1082	5.4100	-1	16		
1083	5.4150	-1	16		
1084	5.4200	-1	15		
1085	5.4250	-1	14		
1086	5.4300	-1	14		
1087	5.4350	0	13		
1088	5.4400	0	12		
1089	5.4450	0	11		
1090	5.4500	0	10		
1091	5.4550	0	9		
1092	5.4600	0	8		
1093	5.4650	0	7		
1094	5.4700	1	6		
1095	5.4750	1	5		
1096	5.4800	1	4		
1097	5.4850	2	3		
1098	5.4900	2	2		
1099	5.4950	2	1		
1100	5.5000	2	0		
1101	5.5050	2	-2		
1102	5.5100	3	-3		
1103	5.5150	3	-4		
1104	5.5200	4	-5		
1105	5.5250	4	-6		
1106	5.5300	4	-7		
1107	5.5350	4	-8		
1108	5.5400	4	-9		
1109	5.5450	5	-10		
1110	5.5500	5	-11		
1111	5.5550	5	-12		
1112	5.5600	6	-13		
1113	5.5650	6	-14		
1114	5.5700	6	-14		
1115	5.5750	6	-15		
1116	5.5800	6	-16		
1117	5.5850	6	-16		
1118	5.5900	6	-17		
1119	5.5950	7	-18		
1120	5.6000	7	-18		
1121	5.6050	7	-19		
1122	5.6100	7	-19		
1123	5.6150	7	-19		
1124	5.6200	8	-20		
1125	5.6250	8	-20		
1126	5.6300	8	-20		
1127	5.6350	8	-20		
1128	5.6400	8	-20		
1129	5.6450	8	-20		
1130	5.6500	8	-20		
1131	5.6550	8	-19		
1132	5.6600	8	-19		
1133	5.6650	8	-19		
1134	5.6700	8	-18		
1135	5.6750	8	-18		
1136	5.6800	8	-17		
1137	5.6850	7	-16		
1138	5.6900	7	-16		
1139	5.6950	7	-15		
1140	5.7000	7	-14		
1141	5.7050	7	-14		
1142	5.7100	6	-13		
1143	5.7150	6	-12		
1144	5.7200	6	-11		
1145	5.7250	6	-10		
1146	5.7300	6	-9		
1147	5.7350	6	-8		
1148	5.7400	6	-7		
1149	5.7450	5	-6		
1150	5.7500	5	-5		
1151	5.7550	5	-4		
1152	5.7600	4	-2		
1153	5.7650	4	-1		
1154	5.7700	4	0		
1155	5.7750	4	1		
1156	5.7800	4	2		
1157	5.7850	3	3		
1158	5.7900	3	4		
1159	5.7950	3	5		
1160	5.8000	2	6		
1161	5.8050	2	8		
1162	5.8100	2	8		
1163	5.8150	2	10		
1164	5.8200	2	10		
1165	5.8250	1	12		
1166	5.8300	1	12		
1167	5.8350	1	13		
1168	5.8400	1	14		
1169	5.8450	0	14		
1170	5.8500	0	15		
1171	5.8550	0	16		
1172	5.8600	0	16		
1173	5.8650	0	17		
1174	5.8700	0	17		
1175	5.8750	0	18		
1176	5.8800	0	18		
1177	5.8850	0	18		
1178	5.8900	0	18		
1179	5.8950	-1	18		
1180	5.9000	-1	18		
1181	5.9050	-1	18		
1182	5.9100	-1	18		
1183	5.9150	-1	18		
1184	5.9200	-1	18		
1185	5.9250	-1	18		
1186	5.9300	-1	18		
1187	5.9350	0	17		
1188	5.9400	0	16		
1189	5.9450	0	16		
1190	5.9500	0	16		
1191	5.9550	0	15		
1192	5.9600	0	14		
1193	5.9650	0	13		
1194	5.9700	0	12		
1195	5.9750	0	12		
1196	5.9800	0	11		
1197	5.9850	1	10		
1198	5.9900	1	9		
1199	5.9950	1	8		
1200	6.0000	1	7		
1201	6.0050	2	6		
1202	6.0100	2	5		
1203	6.0150	2	4		
1204	6.0200	2	2		
1205	6.0250	2	2		
1206	6.0300	3	0		
1207	6.0350	3	-1		
1208	6.0400	3	-2		
1209	6.0450	4	-3		
1210	6.0500	4	-4		
1211	6.0550	4	-5		
1212	6.0600	4	-6		
1213	6.0650	4	-8		
1214	6.0700	5	-8		
1215	6.0750	5	-10		
1216	6.0800	5	-10		
1217	6.0850	6	-12		
1218	6.0900	6	-12		
1219	6.0950	6	-13		
1220	6.1000	6	-14		
1221	6.1050	6	-15		
1222	6.1100	6	-16		
1223	6.1150	6	-16		
1224	6.1200	7	-17		
1225	6.1250	7	-18		
1226	6.1300	7	-18		
1227	6.1350	7	-18		
1228	6.1400	7	-19		
1229	6.1450	7	-19		
1230	6.1500	8	-19		
1231	6.1550	8	-20		
1232	6.1600	8	-20		
1233	6.1650	8	-20		
1234	6.1700	8	-20		
1235	6.1750	8	-20		
1236	6.1800	8	-20		
1237	6.1850	8	-20		
1238	6.1900	8	-19		
1239	6.1950	8	-19		
1240	6.2000	8	-18		
1241	6.2050	7	-18		
1242	6.2100	7	-18		
1243	6.2150	7	-17		
1244	6.2200	7	-16		
1245	6.2250	7	-16		
1246	6.2300	6	-15		
1247	6.2350	6	-14		
1248	6.2400	6	-14		
1249	6.2450	6	-12		
1250	6.2500	6	-12		
1251	6.2550	6	-11		
1252	6.2600	6	-10		
1253	6.2650	5	-9		
1254	6.2700	5	-8		
1255	6.2750	5	-7		
1256	6.2800	4	-6		
1257	6.2850	4	-4		
1258	6.2900	4	-3		
1259	6.2950	4	-2		
1260	6.3000	4	-1		
1261	6.3050	3	0		
1262	6.3100	3	1		
1263	6.3150	2	2		
1264	6.3200	2	4		
1265	6.3250	2	5		
1266	6.3300	2	6		
1267	6.3350	2	7		
1268	6.3400	2	8		
1269	6.3450	1	9		
1270	6.3500	1	10		
1271	6.3550	0	11		
1272	6.3600	0	12		
1273	6.3650	0	12		
1274	6.3700	0	13		
1275	6.3750	0	14		
1276	6.3800	0	15		
1277	6.3850	0	15		
1278	6.3900	-1	16		
1279	6.3950	-1	16		
1280	6.4000	-1	17		
1281	6.4050	-1	18		
1282	6.4100	-1	18		
1283	6.4150	-2	18		
1284	6.4200	-2	18		
1285	6.4250	-2	18		
1286	6.4300	-2	18		
1287	6.4350	-2	18		
1288	6.4400	-2	18		
1289	6.4450	-2	18		
1290	6.4500	-2	18		
1291	6.4550	-2	18		
1292	6.4600	-2	18		
1293	6.4650	-2	17		
1294	6.4700	-2	17		
1295	6.4750	-1	16		
1296	6.4800	-1	16		
1297	6.4850	-1	15		
1298	6.4900	-1	14		
1299	6.4950	-1	14		
1300	6.5000	0	13		
1301	6.5050	0	12		
1302	6.5100	0	12		
1303	6.5150	0	10		
1304	6.5200	0	10		
1305	6.5250	0	9		
1306	6.5300	0	8		
1307	6.5350	1	6		
1308	6.5400	1	6		
1309	6.5450	2	4		
1310	6.5500	2	4		
1311	6.5550	2	2		
1312	6.5600	2	1		
1313	6.5650	2	0		
1314	6.5700	3	-1		
1315	6.5750	3	-2		
1316	6.5800	3	-3		
1317	6.5850	4	-4		
1318	6.5900	4	-6		
1319	6.5950	4	-6		
1320	6.6000	4	-8		
1321	6.6050	4	-9		
1322	6.6100	5	-10		
1323	6.6150	5	-11		
1324	6.6200	6	-12		
1325	6.6250	6	-12		
1326	6.6300	6	-14		
1327	6.6350	6	-14		
1328	6.6400	6	-15		
1329	6.6450	6	-16		
1330	6.6500	7	-16		
1331	6.6550	7	-17		
1332	6.6600	7	-18		
1333	6.6650	7	-18		
1334	6.6700	7	-18		
1335	6.6750	8	-19		
1336	6.6800	8	-19		
1337	6.6850	8	-20		
1338	6.6900	8	-20		
1339	6.6950	8	-20		
1340	6.7000	8	-20		
1341	6.7050	8	-20		
1342	6.7100	8	-20		
1343	6.7150	8	-20		
1344	6.7200	8	-20		
1345	6.7250	8	-19		
1346	6.7300	8	-19		
1347	6.7350	8	-18		
1348	6.7400	8	-18		
1349	6.7450	8	-18		
1350	6.7500	8	-17		
1351	6.7550	8	-16		
1352	6.7600	8	-16		
1353	6.7650	7	-15		
1354	6.7700	7	-14		
1355	6.7750	7	-13		
1356	6.7800	7	-12		
1357	6.7850	6	-12		
1358	6.7900	6	-10		
1359	6.7950	6	-10		
1360	6.8000	6	-8		
1361	6.8050	6	-8		
1362	6.8100	6	-6		
1363	6.8150	5	-5		
1364	6.8200	5	-4		
1365	6.8250	5	-3		
1366	6.8300	4	-2		
1367	6.8350	4	-1		
1368	6.8400	4	0		
1369	6.8450	4	2		
1370	6.8500	4	3		
1371	6.8550	3	4		
1372	6.8600	3	5		
1373	6.8650	2	6		
1374	6.8700	2	7		
1375	6.8750	2	8		
1376	6.8800	2	9		
1377	6.8850	2	10		
1378	6.8900	2	11		
1379	6.8950	1	12		
1380	6.9000	1	13		
1381	6.9050	1	14		
1382	6.9100	0	14		
1383	6.9150	0	15		
1384	6.9200	0	16		
1385	6.9250	0	16		
1386	6.9300	0	16		
1387	6.9350	0	17		
1388	6.9400	0	18		
1389	6.9450	0	18		
1390	6.9500	0	18		
1391	6.9550	-1	18		
1392	6.9600	-1	18		
1393	6.9650	-1	18		
1394	6.9700	-1	18		
1395	6.9750	-1	18		
1396	6.9800	-1	18		
1397	6.9850	-1	18		
1398	6.9900	-1	18		
1399	6.9950	-1	18		
1400	7.0000	-1	17		
1401	7.0050	-1	17		
1402	7.0100	-1	16		
1403	7.0150	0	16		
1404	7.0200	0	15		
1405	7.0250	0	14		
1406	7.0300	0	14		
1407	7.0350	0	13		
1408	7.0400	0	12		
1409	7.0450	0	11		
1410	7.0500	0	10		
1411	7.0550	0	10		
1412	7.0600	1	8		
1413	7.0650	1	8		
1414	7.0700	1	6		
1415	7.0750	2	5		
1416	7.0800	2	4		
1417	7.0850	2	3		
1418	7.0900	2	2		
1419	7.0950	2	1		
1420	7.1000	2	0		
1421	7.1050	3	-2		
1422	7.1100	3	-2		
1423	7.1150	3	-4		
1424	7.1200	4	-5		
1425	7.1250	4	-6		
1426	7.1300	4	-7		
1427	7.1350	4	-8		
1428	7.1400	4	-9		
1429	7.1450	5	-10		
1430	7.1500	5	-11		
1431	7.1550	5	-12		
1432	7.1600	6	-13		
1433	7.1650	6	-14		
1434	7.1700	6	-14		
1435	7.1750	6	-15		
1436	7.1800	6	-16		
1437	7.1850	6	-16		
1438	7.1900	6	-17		
1439	7.1950	6	-18		
1440	7.2000	7	-18		
1441	7.2050	7	-18		
1442	7.2100	7	-19		
1443	7.2150	7	-19		
1444	7.2200	7	-20		
1445	7.2250	7	-20		
1446	7.2300	7	-20		
1447	7.2350	7	-20		
1448	7.2400	7	-20		
1449	7.2450	7	-20		
1450	7.2500	7	-20		
1451	7.2550	7	-20		
1452	7.2600	7	-19		
1453	7.2650	7	-19		
1454	7.2700	7	-18		
1455	7.2750	7	-18		
1456	7.2800	7	-17		
1457	7.2850	7	-17		
1458	7.2900	7	-16		
1459	7.2950	6	-16		
1460	7.3000	6	-15		
1461	7.3050	6	-14		
1462	7.3100	6	-13		
1463	7.3150	6	-12		
1464	7.3200	6	-11		
1465	7.3250	6	-10		
1466	7.3300	5	-9		
1467	7.3350	5	-8		
1468	7.3400	5	-7		
1469	7.3450	4	-6		
1470	7.3500	4	-5		
1471	7.3550	4	-4		
1472	7.3600	4	-3		
1473	7.3650	4	-2		
1474	7.3700	3	0		
1475	7.3750	3	1		
1476	7.3800	3	2		
1477	7.3850	2	3		
1478	7.3900	2	4		
1479	7.3950	2	5		
1480	7.4000	2	6		
1481	7.4050	2	7		
1482	7.4100	2	8		
1483	7.4150	1	9		
1484	7.4200	1	10		
1485	7.4250	1	11		
1486	7.4300	0	12		
1487	7.4350	0	13		
1488	7.4400	0	14		
1489	7.4450	0	14		
1490	7.4500	0	15		
1491	7.4550	0	16		
1492	7.4600	0	16		
1493	7.4650	-1	17		
1494	7.4700	-1	17		
1495	7.4750	-1	18		
1496	7.4800	-1	18		
1497	7.4850	-1	18		
1498	7.4900	-1	18		
1499	7.4950	-1	18		
1500	7.5000	-1	18		
1501	7.5050	-1	18		
1502	7.5100	-1	18		
1503	7.5150	-1	18		
1504	7.5200	-1	18		
1505	7.5250	-1	18		
1506	7.5300	-1	18		
1507	7.5350	-1	17		
1508	7.5400	-1	17		
1509	7.5450	-1	16		
1510	7.5500	-1	16		
1511	7.5550	0	15		
1512	7.5600	0	14		
1513	7.5650	0	14		
1514	7.5700	0	13		
1515	7.5750	0	12		
1516	7.5800	0	11		
1517	7.5850	0	10		
1518	7.5900	0	9		
1519	7.5950	1	8		
1520	7.6000	1	7		
1521	7.6050	2	6		
1522	7.6100	2	5		
1523	7.6150	2	4		
1524	7.6200	2	3		
1525	7.6250	2	2		
1526	7.6300	2	0		
1527	7.6350	3	0		
1528	7.6400	3	-2		
1529	7.6450	4	-3		
1530	7.6500	4	-4		
1531	7.6550	4	-5		
1532	7.6600	4	-6		
1533	7.6650	4	-7		
1534	7.6700	5	-8		
1535	7.6750	5	-9		
1536	7.6800	5	-10		
1537	7.6850	6	-11		
1538	7.6900	6	-12		
1539	7.6950	6	-13		
1540	7.7000	6	-14		
1541	7.7050	6	-14		
1542	7.7100	6	-15		
1543	7.7150	7	-16		
1544	7.7200	7	-17		
1545	7.7250	7	-17		
1546	7.7300	7	-18		
1547	7.7350	8	-18		
1548	7.7400	8	-19		
1549	7.7450	8	-19		
1550	7.7500	8	-19		
1551	7.7550	8	-20		
1552	7.7600	8	-20		
1553	7.7650	8	-20		
1554	7.7700	8	-20		
1555	7.7750	8	-20		
1556	7.7800	8	-20		
1557	7.7850	8	-20		
1558	7.7900	8	-19		
1559	7.7950	8	-19		
1560	7.8000	8	-19		
1561	7.8050	8	-18		
1562	7.8100	8	-18		
1563	7.8150	8	-17		
1564	7.8200	8	-16		
1565	7.8250	8	-16		
1566	7.8300	7	-15		
1567	7.8350	7	-14		
1568	7.8400	7	-14		
1569	7.8450	7	-13		
1570	7.8500	6	-12		
1571	7.8550	6	-11		
1572	7.8600	6	-10		
1573	7.8650	6	-9		
1574	7.8700	6	-8		
1575	7.8750	6	-7		
1576	7.8800	5	-6		
1577	7.8850	5	-5		
1578	7.8900	5	-4		
1579	7.8950	4	-2		
1580	7.9000	4	-1		
1581	7.9050	4	0		
1582	7.9100	4	1		
1583	7.9150	3	2		
1584	7.9200	3	3		
1585	7.9250	3	4		
1586	7.9300	2	6		
1587	7.9350	2	6		
1588	7.9400	2	8		
1589	7.9450	2	8		
1590	7.9500	2	10		
1591	7.9550	1	10		
1592	7.9600	1	12		
1593	7.9650	1	12		
1594	7.9700	0	13		
1595	7.9750	0	14		
1596	7.9800	0	14		
1597	7.9850	0	15		
1598	7.9900	0	16		
1599	7.9950	0	16		
1600	8.0000	0	17		
1601	8.0050	-1	18		
1602	8.0100	-1	18		
1603	8.0150	-1	18		
1604	8.0200	-1	18		
1605	8.0250	-1	18		
1606	8.0300	-1	18		
1607	8.0350	-1	18		
1608	8.0400	-1	18		
1609	8.0450	-1	18		
1610	8.0500	-1	18		
1611	8.0550	-1	18		
1612	8.0600	-1	18		
1613	8.0650	-1	18		
1614	8.0700	-1	17		
1615	8.0750	-1	16		
1616	8.0800	-1	16		
1617	8.0850	-1	16		
1618	8.0900	-1	15		
1619	8.0950	0	14		
1620	8.1000	0	13		
1621	8.1050	0	12		
1622	8.1100	0	12		
1623	8.1150	0	11		
1624	8.1200	0	10		
1625	8.1250	0	9		
1626	8.1300	0	8		
1627	8.1350	1	7		
1628	8.1400	1	6		
1629	8.1450	1	5		
1630	8.1500	2	4		
1631	8.1550	2	2		
1632	8.1600	2	2		
1633	8.1650	2	0		
1634	8.1700	2	-1		
1635	8.1750	3	-2		
1636	8.1800	3	-3		
1637	8.1850	3	-4		
1638	8.1900	4	-5		
1639	8.1950	4	-6		
1640	8.2000	4	-8		
1641	8.2050	4	-8		
1642	8.2100	4	-10		
1643	8.2150	5	-10		
1644	8.2200	5	-12		
1645	8.2250	5	-12		
1646	8.2300	6	-13		
1647	8.2350	6	-14		
1648	8.2400	6	-15		
1649	8.2450	6	-16		
1650	8.2500	6	-16		
1651	8.2550	6	-17		
1652	8.2600	6	-18		
1653	8.2650	6	-18		
1654	8.2700	7	-18		
1655	8.2750	7	-19		
1656	8.2800	7	-19		
1657	8.2850	7	-20		
1658	8.2900	7	-20		
1659	8.2950	7	-20		
1660	8.3000	7	-20		
1661	8.3050	8	-20		
1662	8.3100	8	-20		
1663	8.3150	8	-20		
1664	8.3200	8	-20		
1665	8.3250	8	-19		
1666	8.3300	7	-19		
1667	8.3350	7	-18		
1668	8.3400	7	-18		
1669	8.3450	7	-18		
1670	8.3500	7	-17		
1671	8.3550	7	-16		
1672	8.3600	7	-16		
1673	8.3650	6	-15		
1674	8.3700	6	-14		
1675	8.3750	6	-14		
1676	8.3800	6	-12		
1677	8.3850	6	-12		
1678	8.3900	6	-11		
1679	8.3950	6	-10		
1680	8.4000	6	-9		
1681	8.4050	5	-8		
1682	8.4100	5	-6		
1683	8.4150	5	-6		
1684	8.4200	4	-4		
1685	8.4250	4	-3		
1686	8.4300	4	-2		
1687	8.4350	4	-1		
1688	8.4400	4	0		
1689	8.4450	3	1		
1690	8.4500	3	2		
1691	8.4550	3	4		
1692	8.4600	2	5		
1693	8.4650	2	6		
1694	8.4700	2	7		
1695	8.4750	2	8		
1696	8.4800	2	9		
1697	8.4850	1	10		
1698	8.4900	1	11		
1699	8.4950	1	12		
1700	8.5000	1	12		
1701	8.5050	0	14		
1702	8.5100	0	14		
1703	8.5150	0	15		
1704	8.5200	0	16		
1705	8.5250	0	16		
1706	8.5300	0	16		
1707	8.5350	0	17		
1708	8.5400	0	18		
1709	8.5450	-1	18		
1710	8.5500	-1	18		
1711	8.5550	-1	18		
1712	8.5600	-1	18		
1713	8.5650	-1	18		
1714	8.5700	-1	18		
1715	8.5750	-1	18		
1716	8.5800	-1	18		
1717	8.5850	-1	18		
1718	8.5900	-1	18		
1719	8.5950	-1	18		
1720	8.6000	-1	17		
1721	8.6050	-1	17		
1722	8.6100	-1	16		
1723	8.6150	0	16		
1724	8.6200	0	15		
1725	8.6250	0	14		
1726	8.6300	0	14		
1727	8.6350	0	13		
1728	8.6400	0	12		
1729	8.6450	0	12		
1730	8.6500	0	10		
1731	8.6550	1	10		
1732	8.6600	1	9		
1733	8.6650	1	8		
1734	8.6700	2	6		
1735	8.6750	2	6		
1736	8.6800	2	4		
1737	8.6850	2	4		
1738	8.6900	2	2		
1739	8.6950	2	1		
1740	8.7000	3	0		
1741	8.7050	3	-1		
1742	8.7100	4	-2		
1743	8.7150	4	-4		
1744	8.7200	4	-4		
1745	8.7250	4	-6		
1746	8.7300	4	-7		
1747	8.7350	5	-8		
1748	8.7400	5	-9		
1749	8.7450	5	-10		
1750	8.7500	6	-11		
1751	8.7550	6	-12		
1752	8.7600	6	-12		
1753	8.7650	6	-14		
1754	8.7700	6	-14		
1755	8.7750	6	-15		
1756	8.7800	7	-16		
1757	8.7850	7	-16		
1758	8.7900	7	-17		
1759	8.7950	7	-18		
1760	8.8000	7	-18		
1761	8.8050	8	-18		
1762	8.8100	8	-19		
1763	8.8150	8	-19		
1764	8.8200	8	-20		
1765	8.8250	8	-20		
1766	8.8300	8	-20		
1767	8.8350	8	-20		
1768	8.8400	8	-20		
1769	8.8450	8	-20		
1770	8.8500	8	-20		
1771	8.8550	8	-20		
1772	8.8600	8	-19		
1773	8.8650	8	-19		
1774	8.8700	8	-18		
1775	8.8750	8	-18		
1776	8.8800	8	-18		
1777	8.8850	8	-17		
1778	8.8900	7	-16		
1779	8.8950	7	-16		
1780	8.9000	7	-15		
1781	8.9050	7	-14		
1782	8.9100	6	-13		
1783	8.9150	6	-12		
1784	8.9200	6	-12		
1785	8.9250	6	-10		
1786	8.9300	6	-10		
1787	8.9350	6	-8		
1788	8.9400	5	-8		
1789	8.9450	5	-6		
1790	8.9500	5	-5		
1791	8.9550	4	-4		
1792	8.9600	4	-3		
1793	8.9650	4	-2		
1794	8.9700	4	-1		
1795	8.9750	4	0		
1796	8.9800	3	2		
1797	8.9850	3	3		
1798	8.9900	2	4		
1799	8.9950	2	5		
1800	9.0000	2	6		
1801	9.0050	2	7		
1802	9.0100	2	8		
1803	9.0150	2	9		
1804	9.0200	1	10		
1805	9.0250	1	11		
1806	9.0300	0	12		
1807	9.0350	0	13		
1808	9.0400	0	14		
1809	9.0450	0	14		
1810	9.0500	0	15		
1811	9.0550	0	16		
1812	9.0600	0	16		
1813	9.0650	-1	17		
1814	9.0700	-1	17		
1815	9.0750	-1	18		
1816	9.0800	-1	18		
1817	9.0850	-1	18		
1818	9.0900	-1	18		
1819	9.0950	-2	18		
1820	9.1000	-2	18		
1821	9.1050	-2	18		
1822	9.1100	-2	18		
1823	9.1150	-2	18		
1824	9.1200	-2	18		
1825	9.1250	-2	18		
1826	9.1300	-2	18		
1827	9.1350	-2	17		
1828	9.1400	-1	17		
1829	9.1450	-1	16		
1830	9.1500	-1	16		
1831	9.1550	-1	15		
1832	9.1600	-1	14		
1833	9.1650	-1	14		
1834	9.1700	0	13		
1835	9.1750	0	12		
1836	9.1800	0	11		
1837	9.1850	0	10		
1838	9.1900	0	9		
1839	9.1950	0	8		
1840	9.2000	0	7		
1841	9.2050	1	6		
1842	9.2100	1	5		
1843	9.2150	1	4		
1844	9.2200	2	3		
1845	9.2250	2	2		
1846	9.2300	2	1		
1847	9.2350	2	0		
1848	9.2400	2	-2		
1849	9.2450	3	-3		
1850	9.2500	3	-4		
1851	9.2550	3	-5		
1852	9.2600	4	-6		
1853	9.2650	4	-7		
1854	9.2700	4	-8		
1855	9.2750	4	-9		
1856	9.2800	4	-10		
1857	9.2850	5	-11		
1858	9.2900	5	-12		
1859	9.2950	6	-13		
1860	9.3000	6	-14		
1861	9.3050	6	-14		
1862	9.3100	6	-15		
1863	9.3150	6	-16		
1864	9.3200	6	-16		
1865	9.3250	6	-17		
1866	9.3300	7	-18		
1867	9.3350	7	-18		
1868	9.3400	7	-18		
1869	9.3450	7	-19		
1870	9.3500	7	-19		
1871	9.3550	7	-20		
1872	9.3600	8	-20		
1873	9.3650	8	-20		
1874	9.3700	8	-20		
1875	9.3750	8	-20		
1876	9.3800	8	-20		
1877	9.3850	8	-20		
1878	9.3900	8	-20		
1879	9.3950	8	-19		
1880	9.4000	8	-19		
1881	9.4050	8	-18		
1882	9.4100	8	-18		
1883	9.4150	7	-17		
1884	9.4200	7	-17		
1885	9.4250	7	-16		
1886	9.4300	7	-15		
1887	9.4350	7	-14		
1888	9.4400	7	-14		
1889	9.4450	6	-13		
1890	9.4500	6	-12		
1891	9.4550	6	-11		
1892	9.4600	6	-10		
1893	9.4650	6	-9		
1894	9.4700	6	-8		
1895	9.4750	5	-7		
1896	9.4800	5	-6		
1897	9.4850	5	-5		
1898	9.4900	4	-4		
1899	9.4950	4	-3		
1900	9.5000	4	-2		
1901	9.5050	4	0		
1902	9.5100	4	1		
1903	9.5150	4	2		
1904	9.5200	3	3		
1905	9.5250	3	4		
1906	9.5300	2	5		
1907	9.5350	2	6		
1908	9.5400	2	8		
1909	9.5450	2	8		
1910	9.5500	2	10		
1911	9.5550	2	10		
1912	9.5600	1	11		
1913	9.5650	1	12		
1914	9.5700	1	13		
1915	9.5750	0	14		
1916	9.5800	0	14		
1917	9.5850	0	15		
1918	9.5900	0	16		
1919	9.5950	0	16		
1920	9.6000	0	17		
1921	9.6050	0	17		
1922	9.6100	0	18		
1923	9.6150	0	18		
1924	9.6200	0	18		
1925	9.6250	-1	18		
1926	9.6300	-1	18		
1927	9.6350	-1	18		
1928	9.6400	-1	18		
1929	9.6450	-1	18		
1930	9.6500	-1	18		
1931	9.6550	-1	18		
1932	9.6600	-1	18		
1933	9.6650	-1	18		
1934	9.6700	-1	17		
1935	9.6750	0	16		
1936	9.6800	0	16		
1937	9.6850	0	16		
1938	9.6900	0	15		
1939	9.6950	0	14		
1940	9.7000	0	14		
1941	9.7050	0	12		
1942	9.7100	0	12		
1943	9.7150	0	11		
1944	9.7200	0	10		
1945	9.7250	1	9		
1946	9.7300	1	8		
1947	9.7350	1	7		
1948	9.7400	2	6		
1949	9.7450	2	5		
1950	9.7500	2	4		
1951	9.7550	2	3		
1952	9.7600	2	2		
1953	9.7650	2	0		
1954	9.7700	3	0		
1955	9.7750	3	-2		
1956	9.7800	4	-3		
1957	9.7850	4	-4		
1958	9.7900	4	-5		
1959	9.7950	4	-6		
1960	9.8000	4	-7		
1961	9.8050	4	-8		
1962	9.8100	5	-10		
1963	9.8150	5	-10		
1964	9.8200	5	-11		
1965	9.8250	6	-12		
1966	9.8300	6	-13		
1967	9.8350	6	-14		
1968	9.8400	6	-15		
1969	9.8450	6	-16		
1970	9.8500	6	-16		
1971	9.8550	7	-17		
1972	9.8600	7	-17		
1973	9.8650	7	-18		
1974	9.8700	7	-18		
1975	9.8750	7	-19		
1976	9.8800	7	-19		
1977	9.8850	8	-19		
1978	9.8900	8	-20		
1979	9.8950	8	-20		
1980	9.9000	8	-20		
1981	9.9050	8	-20		
1982	9.9100	8	-20		
1983	9.9150	8	-20		
1984	9.9200	8	-20		
1985	9.9250	8	-19		
1986	9.9300	8	-19		
1987	9.9350	8	-19		
1988	9.9400	7	-18		
1989	9.9450	7	-18		
1990	9.9500	7	-17		
1991	9.9550	7	-16		
1992	9.9600	7	-16		
1993	9.9650	7	-15		
1994	9.9700	6	-14		
1995	9.9750	6	-14		
1996	9.9800	6	-13		
1997	9.9850	6	-12		
1998	9.9900	6	-11		
1999	9.9950	6	-10		
2000	10.0000	5	-9		
