#	time(s)	count A	count B	count C	count D
1	0.0050	-71	-6		
2	0.0100	-67	-5		
3	0.0150	-64	-4		
4	0.0200	-60	-4		
5	0.0250	-56	-3		
6	0.0300	-52	-2		
7	0.0350	-48	-2		
8	0.0400	-43	-1		
9	0.0450	-39	0		
10	0.0500	-35	0		
11	0.0550	-30	1		
12	0.0600	-26	1		
13	0.0650	-22	2		
14	0.0700	-18	2		
15	0.0750	-13	3		
16	0.0800	-9	4		
17	0.0850	-4	4		
18	0.0900	0	5		
19	0.0950	4	6		
20	0.1000	9	6		
21	0.1050	14	7		
22	0.1100	18	8		
23	0.1150	22	8		
24	0.1200	26	9		
25	0.1250	31	9		
26	0.1300	35	10		
27	0.1350	40	10		
28	0.1400	44	11		
29	0.1450	48	12		
30	0.1500	52	12		
31	0.1550	56	12		
32	0.1600	60	13		
33	0.1650	64	13		
34	0.1700	68	14		
35	0.1750	72	14		
36	0.1800	76	14		
37	0.1850	80	15		
38	0.1900	83	15		
39	0.1950	86	16		
40	0.2000	90	16		
41	0.2050	94	16		
42	0.2100	97	17		
43	0.2150	100	17		
44	0.2200	103	17		
45	0.2250	106	18		
46	0.2300	108	18		
47	0.2350	111	18		
48	0.2400	114	18		
49	0.2450	116	18		
50	0.2500	118	18		
51	0.2550	121	18		
52	0.2600	123	19		
53	0.2650	125	19		
54	0.2700	126	19		
55	0.2750	126	19		
56	0.2800	126	19		
57	0.2850	126	19		
58	0.2900	126	19		
59	0.2950	126	19		
60	0.3000	126	19		
61	0.3050	126	19		
62	0.3100	126	18		
63	0.3150	126	18		
64	0.3200	126	18		
65	0.3250	126	18		
66	0.3300	126	18		
67	0.3350	126	18		
68	0.3400	126	18		
69	0.3450	126	17		
70	0.3500	126	17		
71	0.3550	126	17		
72	0.3600	126	16		
73	0.3650	126	16		
74	0.3700	126	16		
75	0.3750	126	16		
76	0.3800	126	15		
77	0.3850	126	15		
78	0.3900	126	14		
79	0.3950	126	14		
80	0.4000	124	14		
81	0.4050	122	13		
82	0.4100	120	13		
83	0.4150	118	12		
84	0.4200	115	12		
85	0.4250	113	11		
86	0.4300	110	11		
87	0.4350	108	10		
88	0.4400	105	10		
89	0.4450	102	9		
90	0.4500	99	8		
91	0.4550	96	8		
92	0.4600	93	8		
93	0.4650	90	7		
94	0.4700	86	6		
95	0.4750	83	6		
96	0.4800	80	5		
97	0.4850	76	4		
98	0.4900	72	4		
99	0.4950	68	3		
100	0.5000	64	2		
101	0.5050	60	2		
102	0.5100	56	1		
103	0.5150	52	0		
104	0.5200	48	0		
105	0.5250	44	-1		
106	0.5300	40	-1		
107	0.5350	36	-2		
108	0.5400	32	-2		
109	0.5450	28	-3		
110	0.5500	23	-4		
111	0.5550	19	-4		
112	0.5600	15	-5		
113	0.5650	10	-6		
114	0.5700	6	-6		
115	0.5750	2	-7		
116	0.5800	-2	-8		
117	0.5850	-7	-8		
118	0.5900	-11	-9		
119	0.5950	-16	-9		
120	0.6000	-20	-10		
121	0.6050	-24	-10		
122	0.6100	-28	-11		
123	0.6150	-33	-12		
124	0.6200	-37	-12		
125	0.6250	-41	-12		
126	0.6300	-45	-13		
127	0.6350	-49	-14		
128	0.6400	-53	-14		
129	0.6450	-57	-14		
130	0.6500	-60	-15		
131	0.6550	-64	-15		
132	0.6600	-68	-16		
133	0.6650	-72	-16		
134	0.6700	-75	-16		
135	0.6750	-78	-17		
136	0.6800	-82	-17		
137	0.6850	-85	-18		
138	0.6900	-88	-18		
139	0.6950	-91	-18		
140	0.7000	-94	-18		
141	0.7050	-97	-18		
142	0.7100	-100	-19		
143	0.7150	-102	-19		
144	0.7200	-105	-19		
145	0.7250	-108	-19		
146	0.7300	-110	-20		
147	0.7350	-110	-20		
148	0.7400	-110	-20		
149	0.7450	-110	-20		
150	0.7500	-110	-20		
151	0.7550	-110	-20		
152	0.7600	-110	-20		
153	0.7650	-110	-20		
154	0.7700	-110	-20		
155	0.7750	-110	-20		
156	0.7800	-110	-20		
157	0.7850	-110	-20		
158	0.7900	-110	-20		
159	0.7950	-110	-20		
160	0.8000	-110	-20		
161	0.8050	-110	-19		
162	0.8100	-110	-19		
163	0.8150	-110	-19		
164	0.8200	-110	-19		
165	0.8250	-110	-18		
166	0.8300	-110	-18		
167	0.8350	-110	-18		
168	0.8400	-110	-18		
169	0.8450	-110	-17		
170	0.8500	-110	-17		
171	0.8550	-110	-16		
172	0.8600	-110	-16		
173	0.8650	-110	-16		
174	0.8700	-110	-16		
175	0.8750	-110	-15		
176	0.8800	-110	-15		
177	0.8850	-110	-14		
178	0.8900	-110	-14		
179	0.8950	-109	-13		
180	0.9000	-106	-13		
181	0.9050	-104	-12		
182	0.9100	-102	-12		
183	0.9150	-99	-11		
184	0.9200	-96	-11		
185	0.9250	-93	-10		
186	0.9300	-90	-10		
187	0.9350	-87	-9		
188	0.9400	-84	-8		
189	0.9450	-80	-8		
190	0.9500	-77	-7		
191	0.9550	-74	-6		
192	0.9600	-70	-6		
193	0.9650	-67	-5		
194	0.9700	-63	-5		
195	0.9750	-60	-4		
196	0.9800	-56	-4		
197	0.9850	-52	-3		
198	0.9900	-48	-2		
199	0.9950	-44	-2		
200	1.0000	-40	-1		
201	1.0050	-35	0		
202	1.0100	-31	0		
203	1.0150	-27	1		
204	1.0200	-23	2		
205	1.0250	-18	2		
206	1.0300	-14	3		
207	1.0350	-10	4		
208	1.0400	-6	4		
209	1.0450	-2	5		
210	1.0500	3	6		
211	1.0550	7	6		
212	1.0600	11	7		
213	1.0650	16	7		
214	1.0700	20	8		
215	1.0750	24	8		
216	1.0800	28	9		
217	1.0850	32	10		
218	1.0900	36	10		
219	1.0950	41	11		
220	1.1000	45	11		
221	1.1050	49	12		
222	1.1100	53	12		
223	1.1150	57	13		
224	1.1200	61	13		
225	1.1250	65	14		
226	1.1300	68	14		
227	1.1350	72	14		
228	1.1400	76	15		
229	1.1450	80	15		
230	1.1500	83	16		
231	1.1550	86	16		
232	1.1600	90	16		
233	1.1650	92	16		
234	1.1700	96	17		
235	1.1750	98	17		
236	1.1800	102	18		
237	1.1850	104	18		
238	1.1900	107	18		
239	1.1950	110	18		
240	1.2000	112	18		
241	1.2050	114	18		
242	1.2100	116	18		
243	1.2150	119	18		
244	1.2200	120	19		
245	1.2250	122	19		
246	1.2300	124	19		
247	1.2350	126	19		
248	1.2400	126	19		
249	1.2450	126	19		
250	1.2500	126	19		
251	1.2550	126	19		
252	1.2600	126	19		
253	1.2650	126	19		
254	1.2700	126	18		
255	1.2750	126	18		
256	1.2800	126	18		
257	1.2850	126	18		
258	1.2900	126	18		
259	1.2950	126	18		
260	1.3000	126	18		
261	1.3050	126	17		
262	1.3100	126	17		
263	1.3150	126	16		
264	1.3200	126	16		
265	1.3250	126	16		
266	1.3300	126	16		
267	1.3350	126	15		
268	1.3400	126	15		
269	1.3450	125	14		
270	1.3500	123	14		
271	1.3550	122	14		
272	1.3600	120	13		
273	1.3650	118	13		
274	1.3700	116	12		
275	1.3750	114	12		
276	1.3800	112	12		
277	1.3850	109	11		
278	1.3900	106	10		
279	1.3950	104	10		
280	1.4000	101	9		
281	1.4050	98	9		
282	1.4100	95	8		
283	1.4150	92	8		
284	1.4200	89	7		
285	1.4250	86	6		
286	1.4300	82	6		
287	1.4350	79	5		
288	1.4400	76	4		
289	1.4450	72	4		
290	1.4500	68	3		
291	1.4550	65	3		
292	1.4600	61	2		
293	1.4650	57	2		
294	1.4700	53	1		
295	1.4750	49	0		
296	1.4800	46	0		
297	1.4850	42	-1		
298	1.4900	38	-2		
299	1.4950	33	-2		
300	1.5000	29	-3		
301	1.5050	25	-4		
302	1.5100	20	-4		
303	1.5150	16	-5		
304	1.5200	12	-6		
305	1.5250	8	-6		
306	1.5300	4	-7		
307	1.5350	0	-7		
308	1.5400	-5	-8		
309	1.5450	-9	-8		
310	1.5500	-13	-9		
311	1.5550	-17	-10		
312	1.5600	-22	-10		
313	1.5650	-26	-11		
314	1.5700	-30	-11		
315	1.5750	-34	-12		
316	1.5800	-38	-12		
317	1.5850	-42	-13		
318	1.5900	-46	-13		
319	1.5950	-50	-14		
320	1.6000	-53	-14		
321	1.6050	-57	-15		
322	1.6100	-61	-15		
323	1.6150	-64	-16		
324	1.6200	-68	-16		
325	1.6250	-72	-16		
326	1.6300	-75	-17		
327	1.6350	-78	-17		
328	1.6400	-81	-17		
329	1.6450	-84	-18		
330	1.6500	-88	-18		
331	1.6550	-90	-18		
332	1.6600	-93	-18		
333	1.6650	-96	-19		
334	1.6700	-98	-19		
335	1.6750	-101	-19		
336	1.6800	-104	-19		
337	1.6850	-106	-20		
338	1.6900	-108	-20		
339	1.6950	-110	-20		
340	1.7000	-110	-20		
341	1.7050	-110	-20		
342	1.7100	-110	-20		
343	1.7150	-110	-20		
344	1.7200	-110	-20		
345	1.7250	-110	-20		
346	1.7300	-110	-20		
347	1.7350	-110	-20		
348	1.7400	-110	-20		
349	1.7450	-110	-20		
350	1.7500	-110	-20		
351	1.7550	-110	-20		
352	1.7600	-110	-19		
353	1.7650	-110	-19		
354	1.7700	-110	-19		
355	1.7750	-110	-19		
356	1.7800	-110	-18		
357	1.7850	-110	-18		
358	1.7900	-110	-18		
359	1.7950	-110	-18		
360	1.8000	-110	-18		
361	1.8050	-110	-17		
362	1.8100	-110	-17		
363	1.8150	-110	-16		
364	1.8200	-110	-16		
365	1.8250	-110	-16		
366	1.8300	-110	-15		
367	1.8350	-110	-15		
368	1.8400	-110	-14		
369	1.8450	-109	-14		
370	1.8500	-107	-13		
371	1.8550	-105	-13		
372	1.8600	-103	-12		
373	1.8650	-100	-12		
374	1.8700	-98	-11		
375	1.8750	-95	-11		
376	1.8800	-92	-10		
377	1.8850	-90	-10		
378	1.8900	-87	-9		
379	1.8950	-84	-8		
380	1.9000	-80	-8		
381	1.9050	-77	-7		
382	1.9100	-74	-7		
383	1.9150	-70	-6		
384	1.9200	-67	-6		
385	1.9250	-63	-5		
386	1.9300	-60	-4		
387	1.9350	-56	-4		
388	1.9400	-52	-3		
389	1.9450	-48	-2		
390	1.9500	-44	-2		
391	1.9550	-41	-1		
392	1.9600	-37	0		
393	1.9650	-33	0		
394	1.9700	-29	1		
395	1.9750	-24	2		
396	1.9800	-20	2		
397	1.9850	-16	3		
398	1.9900	-12	4		
399	1.9950	-8	4		
400	2.0000	-4	5		
401	2.0050	0	5		
402	2.0100	5	6		
403	2.0150	9	6		
404	2.0200	13	7		
405	2.0250	17	8		
406	2.0300	22	8		
407	2.0350	26	9		
408	2.0400	30	10		
409	2.0450	34	10		
410	2.0500	38	10		
411	2.0550	42	11		
412	2.0600	46	12		
413	2.0650	50	12		
414	2.0700	54	12		
415	2.0750	57	13		
416	2.0800	61	14		
417	2.0850	65	14		
418	2.0900	68	14		
419	2.0950	72	15		
420	2.1000	76	15		
421	2.1050	79	16		
422	2.1100	82	16		
423	2.1150	86	16		
424	2.1200	89	16		
425	2.1250	92	17		
426	2.1300	95	17		
427	2.1350	98	17		
428	2.1400	100	18		
429	2.1450	103	18		
430	2.1500	106	18		
431	2.1550	108	18		
432	2.1600	110	18		
433	2.1650	113	18		
434	2.1700	115	18		
435	2.1750	117	19		
436	2.1800	118	19		
437	2.1850	120	19		
438	2.1900	122	19		
439	2.1950	124	19		
440	2.2000	125	19		
441	2.2050	126	19		
442	2.2100	126	19		
443	2.2150	126	19		
444	2.2200	126	19		
445	2.2250	126	18		
446	2.2300	126	18		
447	2.2350	126	18		
448	2.2400	126	18		
449	2.2450	126	18		
450	2.2500	126	18		
451	2.2550	126	18		
452	2.2600	126	17		
453	2.2650	126	17		
454	2.2700	126	17		
455	2.2750	126	16		
456	2.2800	126	16		
457	2.2850	126	16		
458	2.2900	126	16		
459	2.2950	124	15		
460	2.3000	123	15		
461	2.3050	122	14		
462	2.3100	120	14		
463	2.3150	118	14		
464	2.3200	116	13		
465	2.3250	114	12		
466	2.3300	112	12		
467	2.3350	110	12		
468	2.3400	108	11		
469	2.3450	106	10		
470	2.3500	103	10		
471	2.3550	100	10		
472	2.3600	98	9		
473	2.3650	95	8		
474	2.3700	92	8		
475	2.3750	89	7		
476	2.3800	86	6		
477	2.3850	83	6		
478	2.3900	80	6		
479	2.3950	76	5		
480	2.4000	73	4		
481	2.4050	69	4		
482	2.4100	65	3		
483	2.4150	62	2		
484	2.4200	58	2		
485	2.4250	54	1		
486	2.4300	50	0		
487	2.4350	46	0		
488	2.4400	43	-1		
489	2.4450	39	-2		
490	2.4500	35	-2		
491	2.4550	31	-3		
492	2.4600	27	-4		
493	2.4650	22	-4		
494	2.4700	18	-4		
495	2.4750	14	-5		
496	2.4800	10	-6		
497	2.4850	6	-6		
498	2.4900	2	-7		
499	2.4950	-2	-8		
500	2.5000	-6	-8		
501	2.5050	-10	-9		
502	2.5100	-14	-10		
503	2.5150	-19	-10		
504	2.5200	-23	-10		
505	2.5250	-27	-11		
506	2.5300	-31	-12		
507	2.5350	-35	-12		
508	2.5400	-38	-12		
509	2.5450	-42	-13		
510	2.5500	-46	-14		
511	2.5550	-50	-14		
512	2.5600	-54	-14		
513	2.5650	-58	-15		
514	2.5700	-61	-15		
515	2.5750	-64	-16		
516	2.5800	-68	-16		
517	2.5850	-71	-16		
518	2.5900	-74	-17		
519	2.5950	-78	-17		
520	2.6000	-81	-18		
521	2.6050	-84	-18		
522	2.6100	-87	-18		
523	2.6150	-90	-18		
524	2.6200	-92	-18		
525	2.6250	-95	-19		
526	2.6300	-98	-19		
527	2.6350	-100	-19		
528	2.6400	-102	-19		
529	2.6450	-104	-20		
530	2.6500	-106	-20		
531	2.6550	-108	-20		
532	2.6600	-110	-20		
533	2.6650	-110	-20		
534	2.6700	-110	-20		
535	2.6750	-110	-20		
536	2.6800	-110	-20		
537	2.6850	-110	-20		
538	2.6900	-110	-20		
539	2.6950	-110	-20		
540	2.7000	-110	-20		
541	2.7050	-110	-20		
542	2.7100	-110	-20		
543	2.7150	-110	-19		
544	2.7200	-110	-19		
545	2.7250	-110	-19		
546	2.7300	-110	-19		
547	2.7350	-110	-18		
548	2.7400	-110	-18		
549	2.7450	-110	-18		
550	2.7500	-110	-18		
551	2.7550	-110	-18		
552	2.7600	-110	-17		
553	2.7650	-110	-17		
554	2.7700	-110	-16		
555	2.7750	-110	-16		
556	2.7800	-110	-16		
557	2.7850	-110	-15		
558	2.7900	-110	-15		
559	2.7950	-110	-14		
560	2.8000	-108	-14		
561	2.8050	-106	-14		
562	2.8100	-104	-13		
563	2.8150	-102	-12		
564	2.8200	-100	-12		
565	2.8250	-97	-12		
566	2.8300	-95	-11		
567	2.8350	-92	-10		
568	2.8400	-90	-10		
569	2.8450	-86	-9		
570	2.8500	-84	-9		
571	2.8550	-80	-8		
572	2.8600	-78	-8		
573	2.8650	-74	-7		
574	2.8700	-71	-6		
575	2.8750	-68	-6		
576	2.8800	-64	-5		
577	2.8850	-61	-4		
578	2.8900	-57	-4		
579	2.8950	-54	-3		
580	2.9000	-50	-2		
581	2.9050	-46	-2		
582	2.9100	-42	-1		
583	2.9150	-38	0		
584	2.9200	-34	0		
585	2.9250	-30	1		
586	2.9300	-26	1		
587	2.9350	-22	2		
588	2.9400	-18	2		
589	2.9450	-14	3		
590	2.9500	-10	4		
591	2.9550	-6	4		
592	2.9600	-2	5		
593	2.9650	2	6		
594	2.9700	6	6		
595	2.9750	10	7		
596	2.9800	14	8		
597	2.9850	18	8		
598	2.9900	22	9		
599	2.9950	26	9		
600	3.0000	30	10		
601	3.0050	35	10		
602	3.0100	39	11		
603	3.0150	42	12		
604	3.0200	46	12		
605	3.0250	50	12		
606	3.0300	54	13		
607	3.0350	58	13		
608	3.0400	62	14		
609	3.0450	65	14		
610	3.0500	68	14		
611	3.0550	72	15		
612	3.0600	76	15		
613	3.0650	79	16		
614	3.0700	82	16		
615	3.0750	85	16		
616	3.0800	88	17		
617	3.0850	91	17		
618	3.0900	94	17		
619	3.0950	97	18		
620	3.1000	100	18		
621	3.1050	102	18		
622	3.1100	104	18		
623	3.1150	107	18		
624	3.1200	109	18		
625	3.1250	112	18		
626	3.1300	114	18		
627	3.1350	115	19		
628	3.1400	117	19		
629	3.1450	119	19		
630	3.1500	120	19		
631	3.1550	122	19		
632	3.1600	123	19		
633	3.1650	124	19		
634	3.1700	125	19		
635	3.1750	126	19		
636	3.1800	126	18		
637	3.1850	126	18		
638	3.1900	126	18		
639	3.1950	126	18		
640	3.2000	126	18		
641	3.2050	126	18		
642	3.2100	126	18		
643	3.2150	126	17		
644	3.2200	126	17		
645	3.2250	126	17		
646	3.2300	126	16		
647	3.2350	126	16		
648	3.2400	125	16		
649	3.2450	124	16		
650	3.2500	123	15		
651	3.2550	122	15		
652	3.2600	120	14		
653	3.2650	119	14		
654	3.2700	118	14		
655	3.2750	116	13		
656	3.2800	114	13		
657	3.2850	112	12		
658	3.2900	110	12		
659	3.2950	108	11		
660	3.3000	106	11		
661	3.3050	103	10		
662	3.3100	100	10		
663	3.3150	98	9		
664	3.3200	95	8		
665	3.3250	92	8		
666	3.3300	90	7		
667	3.3350	86	7		
668	3.3400	84	6		
669	3.3450	80	6		
670	3.3500	77	5		
671	3.3550	74	4		
672	3.3600	70	4		
673	3.3650	67	3		
674	3.3700	64	2		
675	3.3750	60	2		
676	3.3800	56	1		
677	3.3850	52	0		
678	3.3900	49	0		
679	3.3950	45	-1		
680	3.4000	41	-1		
681	3.4050	37	-2		
682	3.4100	33	-2		
683	3.4150	29	-3		
684	3.4200	25	-4		
685	3.4250	21	-4		
686	3.4300	17	-5		
687	3.4350	13	-6		
688	3.4400	9	-6		
689	3.4450	5	-7		
690	3.4500	1	-8		
691	3.4550	-3	-8		
692	3.4600	-7	-9		
693	3.4650	-11	-9		
694	3.4700	-15	-10		
695	3.4750	-19	-10		
696	3.4800	-23	-11		
697	3.4850	-27	-12		
698	3.4900	-31	-12		
699	3.4950	-35	-12		
700	3.5000	-39	-13		
701	3.5050	-43	-13		
702	3.5100	-46	-14		
703	3.5150	-50	-14		
704	3.5200	-54	-15		
705	3.5250	-58	-15		
706	3.5300	-61	-16		
707	3.5350	-64	-16		
708	3.5400	-68	-16		
709	3.5450	-71	-17		
710	3.5500	-74	-17		
711	3.5550	-77	-17		
712	3.5600	-80	-18		
713	3.5650	-83	-18		
714	3.5700	-86	-18		
715	3.5750	-89	-18		
716	3.5800	-92	-19		
717	3.5850	-94	-19		
718	3.5900	-96	-19		
719	3.5950	-99	-19		
720	3.6000	-101	-20		
721	3.6050	-103	-20		
722	3.6100	-105	-20		
723	3.6150	-107	-20		
724	3.6200	-109	-20		
725	3.6250	-110	-20		
726	3.6300	-110	-20		
727	3.6350	-110	-20		
728	3.6400	-110	-20		
729	3.6450	-110	-20		
730	3.6500	-110	-20		
731	3.6550	-110	-20		
732	3.6600	-110	-20		
733	3.6650	-110	-20		
734	3.6700	-110	-20		
735	3.6750	-110	-19		
736	3.6800	-110	-19		
737	3.6850	-110	-19		
738	3.6900	-110	-19		
739	3.6950	-110	-18		
740	3.7000	-110	-18		
741	3.7050	-110	-18		
742	3.7100	-110	-18		
743	3.7150	-110	-17		
744	3.7200	-110	-17		
745	3.7250	-110	-16		
746	3.7300	-110	-16		
747	3.7350	-110	-16		
748	3.7400	-110	-16		
749	3.7450	-110	-15		
750	3.7500	-110	-14		
751	3.7550	-108	-14		
752	3.7600	-106	-14		
753	3.7650	-104	-13		
754	3.7700	-102	-13		
755	3.7750	-100	-12		
756	3.7800	-98	-12		
757	3.7850	-95	-11		
758	3.7900	-93	-10		
759	3.7950	-90	-10		
760	3.8000	-88	-10		
761	3.8050	-84	-9		
762	3.8100	-82	-8		
763	3.8150	-78	-8		
764	3.8200	-76	-7		
765	3.8250	-72	-6		
766	3.8300	-69	-6		
767	3.8350	-66	-5		
768	3.8400	-62	-5		
769	3.8450	-59	-4		
770	3.8500	-55	-4		
771	3.8550	-52	-3		
772	3.8600	-48	-2		
773	3.8650	-44	-2		
774	3.8700	-41	-1		
775	3.8750	-37	0		
776	3.8800	-33	0		
777	3.8850	-29	1		
778	3.8900	-25	2		
779	3.8950	-21	2		
780	3.9000	-18	3		
781	3.9050	-13	4		
782	3.9100	-9	4		
783	3.9150	-5	5		
784	3.9200	-1	6		
785	3.9250	3	6		
786	3.9300	7	7		
787	3.9350	11	7		
788	3.9400	15	8		
789	3.9450	19	8		
790	3.9500	23	9		
791	3.9550	27	10		
792	3.9600	31	10		
793	3.9650	35	11		
794	3.9700	39	11		
795	3.9750	43	12		
796	3.9800	46	12		
797	3.9850	50	13		
798	3.9900	54	13		
799	3.9950	58	14		
800	4.0000	61	14		
801	4.0050	65	14		
802	4.0100	68	15		
803	4.0150	72	15		
804	4.0200	75	16		
805	4.0250	78	16		
806	4.0300	82	16		
807	4.0350	84	16		
808	4.0400	88	17		
809	4.0450	90	17		
810	4.0500	94	17		
811	4.0550	96	18		
812	4.0600	98	18		
813	4.0650	101	18		
814	4.0700	104	18		
815	4.0750	106	18		
816	4.0800	108	18		
817	4.0850	110	18		
818	4.0900	112	19		
819	4.0950	114	19		
820	4.1000	116	19		
821	4.1050	118	19		
822	4.1100	119	19		
823	4.1150	120	19		
824	4.1200	122	19		
825	4.1250	122	19		
826	4.1300	124	19		
827	4.1350	124	18		
828	4.1400	125	18		
829	4.1450	126	18		
830	4.1500	126	18		
831	4.1550	126	18		
832	4.1600	126	18		
833	4.1650	126	18		
834	4.1700	126	18		
835	4.1750	126	17		
836	4.1800	126	17		
837	4.1850	125	16		
838	4.1900	125	16		
839	4.1950	124	16		
840	4.2000	123	16		
841	4.2050	122	15		
842	4.2100	121	15		
843	4.2150	120	14		
844	4.2200	118	14		
845	4.2250	117	14		
846	4.2300	115	13		
847	4.2350	114	13		
848	4.2400	112	12		
849	4.2450	110	12		
850	4.2500	108	11		
851	4.2550	106	11		
852	4.2600	104	10		
853	4.2650	101	10		
854	4.2700	98	9		
855	4.2750	96	9		
856	4.2800	94	8		
857	4.2850	90	8		
858	4.2900	88	7		
859	4.2950	85	6		
860	4.3000	82	6		
861	4.3050	78	5		
862	4.3100	75	4		
863	4.3150	72	4		
864	4.3200	68	3		
865	4.3250	65	3		
866	4.3300	62	2		
867	4.3350	58	2		
868	4.3400	54	1		
869	4.3450	51	0		
870	4.3500	47	0		
871	4.3550	44	-1		
872	4.3600	40	-2		
873	4.3650	36	-2		
874	4.3700	32	-3		
875	4.3750	28	-4		
876	4.3800	24	-4		
877	4.3850	20	-5		
878	4.3900	16	-6		
879	4.3950	12	-6		
880	4.4000	8	-7		
881	4.4050	4	-7		
882	4.4100	0	-8		
883	4.4150	-4	-8		
884	4.4200	-8	-9		
885	4.4250	-12	-10		
886	4.4300	-16	-10		
887	4.4350	-20	-11		
888	4.4400	-24	-11		
889	4.4450	-28	-12		
890	4.4500	-32	-12		
891	4.4550	-35	-13		
892	4.4600	-39	-13		
893	4.4650	-42	-14		
894	4.4700	-46	-14		
895	4.4750	-50	-14		
896	4.4800	-54	-15		
897	4.4850	-57	-16		
898	4.4900	-60	-16		
899	4.4950	-64	-16		
900	4.5000	-67	-16		
901	4.5050	-70	-17		
902	4.5100	-74	-17		
903	4.5150	-77	-18		
904	4.5200	-80	-18		
905	4.5250	-82	-18		
906	4.5300	-86	-18		
907	4.5350	-88	-18		
908	4.5400	-90	-19		
909	4.5450	-93	-19		
910	4.5500	-96	-19		
911	4.5550	-98	-19		
912	4.5600	-100	-20		
913	4.5650	-102	-20		
914	4.5700	-104	-20		
915	4.5750	-106	-20		
916	4.5800	-108	-20		
917	4.5850	-109	-20		
918	4.5900	-110	-20		
919	4.5950	-110	-20		
920	4.6000	-110	-20		
921	4.6050	-110	-20		
922	4.6100	-110	-20		
923	4.6150	-110	-20		
924	4.6200	-110	-20		
925	4.6250	-110	-20		
926	4.6300	-110	-19		
927	4.6350	-110	-19		
928	4.6400	-110	-19		
929	4.6450	-110	-19		
930	4.6500	-110	-18		
931	4.6550	-110	-18		
932	4.6600	-110	-18		
933	4.6650	-110	-18		
934	4.6700	-110	-17		
935	4.6750	-110	-17		
936	4.6800	-110	-17		
937	4.6850	-110	-16		
938	4.6900	-110	-16		
939	4.6950	-110	-16		
940	4.7000	-110	-15		
941	4.7050	-109	-15		
942	4.7100	-108	-14		
943	4.7150	-106	-14		
944	4.7200	-104	-13		
945	4.7250	-102	-13		
946	4.7300	-100	-12		
947	4.7350	-98	-12		
948	4.7400	-96	-11		
949	4.7450	-94	-11		
950	4.7500	-91	-10		
951	4.7550	-88	-10		
952	4.7600	-86	-9		
953	4.7650	-83	-8		
954	4.7700	-80	-8		
955	4.7750	-77	-7		
956	4.7800	-74	-7		
957	4.7850	-71	-6		
958	4.7900	-68	-6		
959	4.7950	-64	-5		
960	4.8000	-61	-4		
961	4.8050	-58	-4		
962	4.8100	-54	-3		
963	4.8150	-50	-2		
964	4.8200	-47	-2		
965	4.8250	-43	-1		
966	4.8300	-40	0		
967	4.8350	-36	0		
968	4.8400	-32	1		
969	4.8450	-28	2		
970	4.8500	-24	2		
971	4.8550	-20	3		
972	4.8600	-16	4		
973	4.8650	-12	4		
974	4.8700	-8	5		
975	4.8750	-4	5		
976	4.8800	0	6		
977	4.8850	4	6		
978	4.8900	8	7		
979	4.8950	12	8		
980	4.9000	16	8		
981	4.9050	20	9		
982	4.9100	24	10		
983	4.9150	28	10		
984	4.9200	32	10		
985	4.9250	36	11		
986	4.9300	39	12		
987	4.9350	43	12		
988	4.9400	47	12		
989	4.9450	50	13		
990	4.9500	54	14		
991	4.9550	58	14		
992	4.9600	61	14		
993	4.9650	64	15		
994	4.9700	68	15		
995	4.9750	72	15		
996	4.9800	75	16		
997	4.9850	78	16		
998	4.9900	81	16		
999	4.9950	84	17		
1000	5.0000	87	17		
1001	5.0050	90	17		
1002	5.0100	93	18		
1003	5.0150	96	18		
1004	5.0200	98	18		
1005	5.0250	100	18		
1006	5.0300	103	18		
1007	5.0350	105	18		
1008	5.0400	107	18		
1009	5.0450	109	18		
1010	5.0500	111	19		
1011	5.0550	113	19		
1012	5.0600	115	19		
1013	5.0650	116	19		
1014	5.0700	118	19		
1015	5.0750	119	19		
1016	5.0800	120	19		
1017	5.0850	121	19		
1018	5.0900	122	19		
1019	5.0950	123	18		
1020	5.1000	124	18		
1021	5.1050	124	18		
1022	5.1100	125	18		
1023	5.1150	125	18		
1024	5.1200	125	18		
1025	5.1250	125	18		
1026	5.1300	125	17		
1027	5.1350	125	17		
1028	5.1400	124	17		
1029	5.1450	124	16		
1030	5.1500	123	16		
1031	5.1550	122	16		
1032	5.1600	122	16		
1033	5.1650	121	15		
1034	5.1700	120	15		
1035	5.1750	118	14		
1036	5.1800	117	14		
1037	5.1850	116	14		
1038	5.1900	114	13		
1039	5.1950	112	12		
1040	5.2000	110	12		
1041	5.2050	108	12		
1042	5.2100	106	11		
1043	5.2150	104	10		
1044	5.2200	102	10		
1045	5.2250	100	10		
1046	5.2300	97	9		
1047	5.2350	94	8		
1048	5.2400	92	8		
1049	5.2450	89	7		
1050	5.2500	86	6		
1051	5.2550	84	6		
1052	5.2600	80	5		
1053	5.2650	78	5		
1054	5.2700	74	4		
1055	5.2750	71	4		
1056	5.2800	68	3		
1057	5.2850	64	2		
1058	5.2900	61	2		
1059	5.2950	57	1		
1060	5.3000	54	0		
1061	5.3050	50	0		
1062	5.3100	46	-1		
1063	5.3150	42	-2		
1064	5.3200	38	-2		
1065	5.3250	35	-3		
1066	5.3300	31	-4		
1067	5.3350	27	-4		
1068	5.3400	23	-5		
1069	5.3450	19	-5		
1070	5.3500	16	-6		
1071	5.3550	12	-6		
1072	5.3600	8	-7		
1073	5.3650	4	-8		
1074	5.3700	0	-8		
1075	5.3750	-4	-9		
1076	5.3800	-8	-10		
1077	5.3850	-12	-10		
1078	5.3900	-16	-10		
1079	5.3950	-20	-11		
1080	5.4000	-24	-12		
1081	5.4050	-28	-12		
1082	5.4100	-32	-12		
1083	5.4150	-36	-13		
1084	5.4200	-39	-14		
1085	5.4250	-43	-14		
1086	5.4300	-46	-14		
1087	5.4350	-50	-15		
1088	5.4400	-54	-15		
1089	5.4450	-57	-16		
1090	5.4500	-60	-16		
1091	5.4550	-64	-16		
1092	5.4600	-67	-17		
1093	5.4650	-70	-17		
1094	5.4700	-74	-18		
1095	5.4750	-76	-18		
1096	5.4800	-80	-18		
1097	5.4850	-82	-18		
1098	5.4900	-85	-18		
1099	5.4950	-88	-19		
1100	5.5000	-90	-19		
1101	5.5050	-93	-19		
1102	5.5100	-95	-19		
1103	5.5150	-98	-20		
1104	5.5200	-100	-20		
1105	5.5250	-102	-20		
1106	5.5300	-104	-20		
1107	5.5350	-105	-20		
1108	5.5400	-107	-20		
1109	5.5450	-108	-20		
1110	5.5500	-110	-20		
1111	5.5550	-110	-20		
1112	5.5600	-110	-20		
1113	5.5650	-110	-20		
1114	5.5700	-110	-20		
1115	5.5750	-110	-20		
1116	5.5800	-110	-20		
1117	5.5850	-110	-19		
1118	5.5900	-110	-19		
1119	5.5950	-110	-19		
1120	5.6000	-110	-19		
1121	5.6050	-110	-18		
1122	5.6100	-110	-18		
1123	5.6150	-110	-18		
1124	5.6200	-110	-18		
1125	5.6250	-110	-18		
1126	5.6300	-110	-17		
1127	5.6350	-110	-17		
1128	5.6400	-110	-16		
1129	5.6450	-110	-16		
1130	5.6500	-110	-16		
1131	5.6550	-110	-15		
1132	5.6600	-110	-15		
1133	5.6650	-108	-14		
1134	5.6700	-106	-14		
1135	5.6750	-105	-14		
1136	5.6800	-103	-13		
1137	5.6850	-101	-12		
1138	5.6900	-99	-12		
1139	5.6950	-97	-12		
1140	5.7000	-95	-11		
1141	5.7050	-92	-10		
1142	5.7100	-90	-10		
1143	5.7150	-87	-9		
1144	5.7200	-84	-9		
1145	5.7250	-82	-8		
1146	5.7300	-79	-8		
1147	5.7350	-76	-7		
1148	5.7400	-73	-6		
1149	5.7450	-70	-6		
1150	5.7500	-66	-5		
1151	5.7550	-63	-4		
1152	5.7600	-60	-4		
1153	5.7650	-56	-3		
1154	5.7700	-53	-2		
1155	5.7750	-50	-2		
1156	5.7800	-46	-1		
1157	5.7850	-42	-1		
1158	5.7900	-38	0		
1159	5.7950	-35	1		
1160	5.8000	-31	1		
1161	5.8050	-27	2		
1162	5.8100	-23	2		
1163	5.8150	-19	3		
1164	5.8200	-16	4		
1165	5.8250	-12	4		
1166	5.8300	-8	5		
1167	5.8350	-4	6		
1168	5.8400	0	6		
1169	5.8450	4	7		
1170	5.8500	8	8		
1171	5.8550	12	8		
1172	5.8600	16	9		
1173	5.8650	20	9		
1174	5.8700	24	10		
1175	5.8750	28	10		
1176	5.8800	32	11		
1177	5.8850	36	11		
1178	5.8900	40	12		
1179	5.8950	43	12		
1180	5.9000	47	13		
1181	5.9050	51	13		
1182	5.9100	54	14		
1183	5.9150	58	14		
1184	5.9200	62	14		
1185	5.9250	65	15		
1186	5.9300	68	15		
1187	5.9350	72	16		
1188	5.9400	75	16		
1189	5.9450	78	16		
1190	5.9500	81	16		
1191	5.9550	84	17		
1192	5.9600	87	17		
1193	5.9650	90	18		
1194	5.9700	92	18		
1195	5.9750	95	18		
1196	5.9800	98	18		
1197	5.9850	100	18		
1198	5.9900	102	18		
1199	5.9950	105	18		
1200	6.0000	107	18		
1201	6.0050	109	19		
1202	6.0100	111	19		
1203	6.0150	113	19		
1204	6.0200	114	19		
1205	6.0250	116	19		
1206	6.0300	117	19		
1207	6.0350	118	19		
1208	6.0400	120	19		
1209	6.0450	121	19		
1210	6.0500	122	18		
1211	6.0550	122	18		
1212	6.0600	123	18		
1213	6.0650	124	18		
1214	6.0700	124	18		
1215	6.0750	124	18		
1216	6.0800	124	18		
1217	6.0850	124	17		
1218	6.0900	124	17		
1219	6.0950	124	17		
1220	6.1000	124	16		
1221	6.1050	123	16		
1222	6.1100	122	16		
1223	6.1150	122	16		
1224	6.1200	121	15		
1225	6.1250	120	15		
1226	6.1300	119	14		
1227	6.1350	118	14		
1228	6.1400	116	14		
1229	6.1450	115	13		
1230	6.1500	113	13		
1231	6.1550	112	12		
1232	6.1600	110	12		
1233	6.1650	108	11		
1234	6.1700	106	11		
1235	6.1750	104	10		
1236	6.1800	101	10		
1237	6.1850	99	9		
1238	6.1900	96	8		
1239	6.1950	94	8		
1240	6.2000	91	8		
1241	6.2050	88	7		
1242	6.2100	85	6		
1243	6.2150	82	6		
1244	6.2200	80	5		
1245	6.2250	76	4		
1246	6.2300	73	4		
1247	6.2350	70	3		
1248	6.2400	66	2		
1249	6.2450	63	2		
1250	6.2500	60	1		
1251	6.2550	56	0		
1252	6.2600	53	0		
1253	6.2650	49	-1		
1254	6.2700	46	-1		
1255	6.2750	42	-2		
1256	6.2800	38	-2		
1257	6.2850	34	-3		
1258	6.2900	30	-4		
1259	6.2950	26	-4		
1260	6.3000	23	-5		
1261	6.3050	18	-6		
1262	6.3100	14	-6		
1263	6.3150	10	-7		
1264	6.3200	7	-8		
1265	6.3250	3	-8		
1266	6.3300	-1	-9		
1267	6.3350	-5	-9		
1268	6.3400	-9	-10		
1269	6.3450	-13	-10		
1270	6.3500	-17	-11		
1271	6.3550	-21	-12		
1272	6.3600	-24	-12		
1273	6.3650	-28	-12		
1274	6.3700	-32	-13		
1275	6.3750	-36	-13		
1276	6.3800	-40	-14		
1277	6.3850	-43	-14		
1278	6.3900	-47	-15		
1279	6.3950	-50	-15		
1280	6.4000	-54	-16		
1281	6.4050	-58	-16		
1282	6.4100	-61	-16		
1283	6.4150	-64	-17		
1284	6.4200	-68	-17		
1285	6.4250	-70	-17		
1286	6.4300	-74	-18		
1287	6.4350	-76	-18		
1288	6.4400	-80	-18		
1289	6.4450	-82	-18		
1290	6.4500	-85	-19		
1291	6.4550	-88	-19		
1292	6.4600	-90	-19		
1293	6.4650	-93	-19		
1294	6.4700	-95	-20		
1295	6.4750	-97	-20		
1296	6.4800	-100	-20		
1297	6.4850	-101	-20		
1298	6.4900	-103	-20		
1299	6.4950	-105	-20		
1300	6.5000	-106	-20		
1301	6.5050	-108	-20		
1302	6.5100	-110	-20		
1303	6.5150	-110	-20		
1304	6.5200	-110	-20		
1305	6.5250	-110	-20		
1306	6.5300	-110	-20		
1307	6.5350	-110	-20		
1308	6.5400	-110	-20		
1309	6.5450	-110	-19		
1310	6.5500	-110	-19		
1311	6.5550	-110	-19		
1312	6.5600	-110	-19		
1313	6.5650	-110	-18		
1314	6.5700	-110	-18		
1315	6.5750	-110	-18		
1316	6.5800	-110	-18		
1317	6.5850	-110	-17		
1318	6.5900	-110	-17		
1319	6.5950	-110	-16		
1320	6.6000	-110	-16		
1321	6.6050	-110	-16		
1322	6.6100	-110	-16		
1323	6.6150	-110	-15		
1324	6.6200	-109	-14		
1325	6.6250	-108	-14		
1326	6.6300	-106	-14		
1327	6.6350	-104	-13		
1328	6.6400	-102	-13		
1329	6.6450	-100	-12		
1330	6.6500	-98	-12		
1331	6.6550	-96	-11		
1332	6.6600	-94	-11		
1333	6.6650	-92	-10		
1334	6.6700	-89	-10		
1335	6.6750	-86	-9		
1336	6.6800	-84	-8		
1337	6.6850	-81	-8		
1338	6.6900	-78	-7		
1339	6.6950	-75	-6		
1340	6.7000	-72	-6		
1341	6.7050	-69	-5		
1342	6.7100	-66	-5		
1343	6.7150	-62	-4		
1344	6.7200	-59	-4		
1345	6.7250	-56	-3		
1346	6.7300	-52	-2		
1347	6.7350	-49	-2		
1348	6.7400	-45	-1		
1349	6.7450	-42	0		
1350	6.7500	-38	0		
1351	6.7550	-34	1		
1352	6.7600	-30	2		
1353	6.7650	-26	2		
1354	6.7700	-22	3		
1355	6.7750	-19	4		
1356	6.7800	-15	4		
1357	6.7850	-11	5		
1358	6.7900	-7	6		
1359	6.7950	-3	6		
1360	6.8000	1	7		
1361	6.8050	5	7		
1362	6.8100	9	8		
1363	6.8150	13	8		
1364	6.8200	17	9		
1365	6.8250	21	10		
1366	6.8300	24	10		
1367	6.8350	28	11		
1368	6.8400	32	11		
1369	6.8450	36	12		
1370	6.8500	40	12		
1371	6.8550	44	13		
1372	6.8600	48	13		
1373	6.8650	51	14		
1374	6.8700	55	14		
1375	6.8750	58	14		
1376	6.8800	62	15		
1377	6.8850	65	15		
1378	6.8900	68	16		
1379	6.8950	72	16		
1380	6.9000	75	16		
1381	6.9050	78	16		
1382	6.9100	82	17		
1383	6.9150	84	17		
1384	6.9200	88	17		
1385	6.9250	90	18		
1386	6.9300	93	18		
1387	6.9350	96	18		
1388	6.9400	98	18		
1389	6.9450	100	18		
1390	6.9500	103	18		
1391	6.9550	105	18		
1392	6.9600	107	19		
1393	6.9650	109	19		
1394	6.9700	111	19		
1395	6.9750	112	19		
1396	6.9800	114	19		
1397	6.9850	116	19		
1398	6.9900	117	19		
1399	6.9950	118	19		
1400	7.0000	120	19		
1401	7.0050	121	18		
1402	7.0100	122	18		
1403	7.0150	122	18		
1404	7.0200	123	18		
1405	7.0250	124	18		
1406	7.0300	124	18		
1407	7.0350	124	18		
1408	7.0400	124	18		
1409	7.0450	124	17		
1410	7.0500	124	17		
1411	7.0550	124	16		
1412	7.0600	124	16		
1413	7.0650	123	16		
1414	7.0700	122	16		
1415	7.0750	122	15		
1416	7.0800	120	15		
1417	7.0850	120	14		
1418	7.0900	118	14		
1419	7.0950	117	14		
1420	7.1000	116	13		
1421	7.1050	114	13		
1422	7.1100	112	12		
1423	7.1150	111	12		
1424	7.1200	109	11		
1425	7.1250	107	11		
1426	7.1300	105	10		
1427	7.1350	103	10		
1428	7.1400	100	9		
1429	7.1450	98	9		
1430	7.1500	96	8		
1431	7.1550	93	8		
1432	7.1600	90	7		
1433	7.1650	88	6		
1434	7.1700	85	6		
1435	7.1750	82	5		
1436	7.1800	79	4		
1437	7.1850	76	4		
1438	7.1900	73	4		
1439	7.1950	70	3		
1440	7.2000	66	2		
1441	7.2050	62	2		
1442	7.2100	59	1		
1443	7.2150	56	0		
1444	7.2200	52	0		
1445	7.2250	48	-1		
1446	7.2300	45	-2		
1447	7.2350	41	-2		
1448	7.2400	37	-3		
1449	7.2450	34	-4		
1450	7.2500	30	-4		
1451	7.2550	26	-5		
1452	7.2600	22	-6		
1453	7.2650	18	-6		
1454	7.2700	14	-7		
1455	7.2750	10	-7		
1456	7.2800	6	-8		
1457	7.2850	2	-8		
1458	7.2900	-2	-9		
1459	7.2950	-6	-10		
1460	7.3000	-10	-10		
1461	7.3050	-14	-11		
1462	7.3100	-18	-11		
1463	7.3150	-22	-12		
1464	7.3200	-25	-12		
1465	7.3250	-29	-13		
1466	7.3300	-33	-13		
1467	7.3350	-36	-14		
1468	7.3400	-40	-14		
1469	7.3450	-44	-14		
1470	7.3500	-48	-15		
1471	7.3550	-51	-16		
1472	7.3600	-54	-16		
1473	7.3650	-58	-16		
1474	7.3700	-61	-16		
1475	7.3750	-64	-17		
1476	7.3800	-68	-17		
1477	7.3850	-71	-18		
1478	7.3900	-74	-18		
1479	7.3950	-77	-18		
1480	7.4000	-80	-18		
1481	7.4050	-83	-18		
1482	7.4100	-86	-19		
1483	7.4150	-88	-19		
1484	7.4200	-90	-19		
1485	7.4250	-93	-19		
1486	7.4300	-96	-20		
1487	7.4350	-98	-20		
1488	7.4400	-100	-20		
1489	7.4450	-102	-20		
1490	7.4500	-104	-20		
1491	7.4550	-105	-20		
1492	7.4600	-107	-20		
1493	7.4650	-108	-20		
1494	7.4700	-110	-20		
1495	7.4750	-110	-20		
1496	7.4800	-110	-20		
1497	7.4850	-110	-20		
1498	7.4900	-110	-20		
1499	7.4950	-110	-20		
1500	7.5000	-110	-19		
1501	7.5050	-110	-19		
1502	7.5100	-110	-19		
1503	7.5150	-110	-19		
1504	7.5200	-110	-18		
1505	7.5250	-110	-18		
1506	7.5300	-110	-18		
1507	7.5350	-110	-18		
1508	7.5400	-110	-17		
1509	7.5450	-110	-17		
1510	7.5500	-110	-17		
1511	7.5550	-110	-16		
1512	7.5600	-110	-16		
1513	7.5650	-110	-16		
1514	7.5700	-110	-15		
1515	7.5750	-110	-15		
1516	7.5800	-109	-14		
1517	7.5850	-107	-14		
1518	7.5900	-106	-14		
1519	7.5950	-104	-13		
1520	7.6000	-102	-12		
1521	7.6050	-100	-12		
1522	7.6100	-98	-11		
1523	7.6150	-96	-11		
1524	7.6200	-94	-10		
1525	7.6250	-91	-10		
1526	7.6300	-88	-9		
1527	7.6350	-86	-8		
1528	7.6400	-83	-8		
1529	7.6450	-80	-8		
1530	7.6500	-78	-7		
1531	7.6550	-74	-6		
1532	7.6600	-72	-6		
1533	7.6650	-68	-5		
1534	7.6700	-65	-4		
1535	7.6750	-62	-4		
1536	7.6800	-59	-3		
1537	7.6850	-55	-2		
1538	7.6900	-52	-2		
1539	7.6950	-48	-1		
1540	7.7000	-45	0		
1541	7.7050	-41	0		
1542	7.7100	-37	1		
1543	7.7150	-33	2		
1544	7.7200	-30	2		
1545	7.7250	-26	3		
1546	7.7300	-22	4		
1547	7.7350	-18	4		
1548	7.7400	-14	5		
1549	7.7450	-10	5		
1550	7.7500	-6	6		
1551	7.7550	-2	6		
1552	7.7600	2	7		
1553	7.7650	6	8		
1554	7.7700	10	8		
1555	7.7750	14	9		
1556	7.7800	17	9		
1557	7.7850	21	10		
1558	7.7900	25	10		
1559	7.7950	29	11		
1560	7.8000	33	12		
1561	7.8050	37	12		
1562	7.8100	41	12		
1563	7.8150	44	13		
1564	7.8200	48	14		
1565	7.8250	52	14		
1566	7.8300	56	14		
1567	7.8350	59	15		
1568	7.8400	62	15		
1569	7.8450	66	15		
1570	7.8500	69	16		
1571	7.8550	72	16		
1572	7.8600	76	16		
1573	7.8650	79	17		
1574	7.8700	82	17		
1575	7.8750	85	17		
1576	7.8800	88	18		
1577	7.8850	90	18		
1578	7.8900	93	18		
1579	7.8950	96	18		
1580	7.9000	98	18		
1581	7.9050	101	18		
1582	7.9100	103	18		
1583	7.9150	106	18		
1584	7.9200	108	19		
1585	7.9250	110	19		
1586	7.9300	111	19		
1587	7.9350	113	19		
1588	7.9400	115	19		
1589	7.9450	116	19		
1590	7.9500	118	19		
1591	7.9550	119	19		
1592	7.9600	120	18		
1593	7.9650	121	18		
1594	7.9700	122	18		
1595	7.9750	122	18		
1596	7.9800	123	18		
1597	7.9850	124	18		
1598	7.9900	124	18		
1599	7.9950	124	18		
1600	8.0000	124	17		
1601	8.0050	124	17		
1602	8.0100	124	17		
1603	8.0150	124	16		
1604	8.0200	123	16		
1605	8.0250	123	16		
1606	8.0300	122	15		
1607	8.0350	121	15		
1608	8.0400	120	14		
1609	8.0450	120	14		
1610	8.0500	118	14		
1611	8.0550	117	14		
1612	8.0600	116	13		
1613	8.0650	114	12		
1614	8.0700	112	12		
1615	8.0750	111	12		
1616	8.0800	109	11		
1617	8.0850	107	10		
1618	8.0900	105	10		
1619	8.0950	102	10		
1620	8.1000	100	9		
1621	8.1050	98	8		
1622	8.1100	95	8		
1623	8.1150	93	7		
1624	8.1200	90	6		
1625	8.1250	87	6		
1626	8.1300	84	6		
1627	8.1350	82	5		
1628	8.1400	78	4		
1629	8.1450	75	4		
1630	8.1500	72	3		
1631	8.1550	69	2		
1632	8.1600	66	2		
1633	8.1650	62	1		
1634	8.1700	58	0		
1635	8.1750	55	0		
1636	8.1800	52	-1		
1637	8.1850	48	-2		
1638	8.1900	44	-2		
1639	8.1950	40	-3		
1640	8.2000	37	-3		
1641	8.2050	32	-4		
1642	8.2100	29	-4		
1643	8.2150	25	-5		
1644	8.2200	21	-6		
1645	8.2250	17	-6		
1646	8.2300	13	-7		
1647	8.2350	9	-8		
1648	8.2400	6	-8		
1649	8.2450	2	-9		
1650	8.2500	-2	-10		
1651	8.2550	-6	-10		
1652	8.2600	-10	-10		
1653	8.2650	-14	-11		
1654	8.2700	-18	-12		
1655	8.2750	-22	-12		
1656	8.2800	-26	-12		
1657	8.2850	-30	-13		
1658	8.2900	-34	-14		
1659	8.2950	-37	-14		
1660	8.3000	-41	-14		
1661	8.3050	-45	-15		
1662	8.3100	-48	-15		
1663	8.3150	-52	-16		
1664	8.3200	-56	-16		
1665	8.3250	-59	-16		
1666	8.3300	-62	-17		
1667	8.3350	-66	-17		
1668	8.3400	-68	-18		
1669	8.3450	-72	-18		
1670	8.3500	-75	-18		
1671	8.3550	-78	-18		
1672	8.3600	-80	-18		
1673	8.3650	-84	-19		
1674	8.3700	-86	-19		
1675	8.3750	-89	-19		
1676	8.3800	-91	-19		
1677	8.3850	-94	-20		
1678	8.3900	-96	-20		
1679	8.3950	-98	-20		
1680	8.4000	-100	-20		
1681	8.4050	-102	-20		
1682	8.4100	-104	-20		
1683	8.4150	-106	-20		
1684	8.4200	-108	-20		
1685	8.4250	-109	-20		
1686	8.4300	-110	-20		
1687	8.4350	-110	-20		
1688	8.4400	-110	-20		
1689	8.4450	-110	-20		
1690	8.4500	-110	-20		
1691	8.4550	-110	-19		
1692	8.4600	-110	-19		
1693	8.4650	-110	-19		
1694	8.4700	-110	-19		
1695	8.4750	-110	-18		
1696	8.4800	-110	-18		
1697	8.4850	-110	-18		
1698	8.4900	-110	-18		
1699	8.4950	-110	-18		
1700	8.5000	-110	-17		
1701	8.5050	-110	-17		
1702	8.5100	-110	-16		
1703	8.5150	-110	-16		
1704	8.5200	-110	-16		
1705	8.5250	-110	-15		
1706	8.5300	-110	-15		
1707	8.5350	-110	-14		
1708	8.5400	-109	-14		
1709	8.5450	-107	-14		
1710	8.5500	-106	-13		
1711	8.5550	-104	-12		
1712	8.5600	-102	-12		
1713	8.5650	-100	-12		
1714	8.5700	-98	-11		
1715	8.5750	-96	-10		
1716	8.5800	-94	-10		
1717	8.5850	-91	-10		
1718	8.5900	-88	-9		
1719	8.5950	-86	-8		
1720	8.6000	-83	-8		
1721	8.6050	-80	-7		
1722	8.6100	-77	-6		
1723	8.6150	-74	-6		
1724	8.6200	-71	-5		
1725	8.6250	-68	-4		
1726	8.6300	-65	-4		
1727	8.6350	-62	-3		
1728	8.6400	-58	-3		
1729	8.6450	-54	-2		
1730	8.6500	-51	-1		
1731	8.6550	-48	-1		
1732	8.6600	-44	0		
1733	8.6650	-40	0		
1734	8.6700	-36	1		
1735	8.6750	-33	2		
1736	8.6800	-29	2		
1737	8.6850	-25	3		
1738	8.6900	-21	4		
1739	8.6950	-18	4		
1740	8.7000	-14	5		
1741	8.7050	-9	6		
1742	8.7100	-5	6		
1743	8.7150	-2	7		
1744	8.7200	2	8		
1745	8.7250	6	8		
1746	8.7300	10	8		
1747	8.7350	14	9		
1748	8.7400	18	10		
1749	8.7450	22	10		
1750	8.7500	26	11		
1751	8.7550	30	11		
1752	8.7600	34	12		
1753	8.7650	38	12		
1754	8.7700	42	13		
1755	8.7750	45	13		
1756	8.7800	49	14		
1757	8.7850	52	14		
1758	8.7900	56	14		
1759	8.7950	60	15		
1760	8.8000	63	15		
1761	8.8050	67	16		
1762	8.8100	70	16		
1763	8.8150	74	16		
1764	8.8200	77	16		
1765	8.8250	80	17		
1766	8.8300	83	17		
1767	8.8350	86	18		
1768	8.8400	89	18		
1769	8.8450	92	18		
1770	8.8500	94	18		
1771	8.8550	97	18		
1772	8.8600	99	18		
1773	8.8650	102	18		
1774	8.8700	104	18		
1775	8.8750	106	19		
1776	8.8800	108	19		
1777	8.8850	110	19		
1778	8.8900	112	19		
1779	8.8950	114	19		
1780	8.9000	116	19		
1781	8.9050	117	19		
1782	8.9100	118	19		
1783	8.9150	120	19		
1784	8.9200	120	18		
1785	8.9250	122	18		
1786	8.9300	122	18		
1787	8.9350	123	18		
1788	8.9400	124	18		
1789	8.9450	124	18		
1790	8.9500	124	18		
1791	8.9550	125	17		
1792	8.9600	125	17		
1793	8.9650	125	17		
1794	8.9700	124	16		
1795	8.9750	124	16		
1796	8.9800	124	16		
1797	8.9850	123	16		
1798	8.9900	122	15		
1799	8.9950	122	15		
1800	9.0000	121	14		
1801	9.0050	120	14		
1802	9.0100	118	14		
1803	9.0150	117	13		
1804	9.0200	116	13		
1805	9.0250	114	12		
1806	9.0300	112	12		
1807	9.0350	111	11		
1808	9.0400	109	11		
1809	9.0450	107	10		
1810	9.0500	105	10		
1811	9.0550	102	9		
1812	9.0600	100	8		
1813	9.0650	98	8		
1814	9.0700	95	8		
1815	9.0750	92	7		
1816	9.0800	90	6		
1817	9.0850	87	6		
1818	9.0900	84	5		
1819	9.0950	81	4		
1820	9.1000	78	4		
1821	9.1050	75	3		
1822	9.1100	72	2		
1823	9.1150	68	2		
1824	9.1200	65	1		
1825	9.1250	62	1		
1826	9.1300	58	0		
1827	9.1350	54	0		
1828	9.1400	51	-1		
1829	9.1450	47	-2		
1830	9.1500	44	-2		
1831	9.1550	40	-3		
1832	9.1600	36	-4		
1833	9.1650	32	-4		
1834	9.1700	28	-5		
1835	9.1750	24	-6		
1836	9.1800	20	-6		
1837	9.1850	16	-7		
1838	9.1900	12	-8		
1839	9.1950	9	-8		
1840	9.2000	5	-8		
1841	9.2050	0	-9		
1842	9.2100	-4	-10		
1843	9.2150	-8	-10		
1844	9.2200	-11	-11		
1845	9.2250	-15	-11		
1846	9.2300	-19	-12		
1847	9.2350	-23	-12		
1848	9.2400	-27	-13		
1849	9.2450	-31	-13		
1850	9.2500	-34	-14		
1851	9.2550	-38	-14		
1852	9.2600	-42	-15		
1853	9.2650	-46	-15		
1854	9.2700	-49	-16		
1855	9.2750	-53	-16		
1856	9.2800	-56	-16		
1857	9.2850	-60	-17		
1858	9.2900	-63	-17		
1859	9.2950	-66	-17		
1860	9.3000	-70	-18		
1861	9.3050	-73	-18		
1862	9.3100	-76	-18		
1863	9.3150	-79	-18		
1864	9.3200	-82	-19		
1865	9.3250	-84	-19		
1866	9.3300	-87	-19		
1867	9.3350	-90	-19		
1868	9.3400	-92	-20		
1869	9.3450	-95	-20		
1870	9.3500	-97	-20		
1871	9.3550	-99	-20		
1872	9.3600	-101	-20		
1873	9.3650	-103	-20		
1874	9.3700	-105	-20		
1875	9.3750	-107	-20		
1876	9.3800	-108	-20		
1877	9.3850	-110	-20		
1878	9.3900	-110	-20		
1879	9.3950	-110	-20		
1880	9.4000	-110	-20		
1881	9.4050	-110	-20		
1882	9.4100	-110	-20		
1883	9.4150	-110	-19		
1884	9.4200	-110	-19		
1885	9.4250	-110	-19		
1886	9.4300	-110	-19		
1887	9.4350	-110	-18		
1888	9.4400	-110	-18		
1889	9.4450	-110	-18		
1890	9.4500	-110	-18		
1891	9.4550	-110	-17		
1892	9.4600	-110	-17		
1893	9.4650	-110	-16		
1894	9.4700	-110	-16		
1895	9.4750	-110	-16		
1896	9.4800	-110	-16		
1897	9.4850	-110	-15		
1898	9.4900	-110	-14		
1899	9.4950	-110	-14		
1900	9.5000	-109	-14		
1901	9.5050	-108	-13		
1902	9.5100	-106	-13		
1903	9.5150	-104	-12		
1904	9.5200	-102	-12		
1905	9.5250	-100	-11		
1906	9.5300	-98	-11		
1907	9.5350	-96	-10		
1908	9.5400	-93	-10		
1909	9.5450	-91	-9		
1910	9.5500	-88	-8		
1911	9.5550	-86	-8		
1912	9.5600	-83	-7		
1913	9.5650	-80	-6		
1914	9.5700	-77	-6		
1915	9.5750	-74	-6		
1916	9.5800	-71	-5		
1917	9.5850	-68	-4		
1918	9.5900	-64	-4		
1919	9.5950	-61	-3		
1920	9.6000	-58	-2		
1921	9.6050	-54	-2		
1922	9.6100	-50	-1		
1923	9.6150	-47	0		
1924	9.6200	-43	0		
1925	9.6250	-40	1		
1926	9.6300	-36	2		
1927	9.6350	-32	2		
1928	9.6400	-28	3		
1929	9.6450	-24	4		
1930	9.6500	-20	4		
1931	9.6550	-16	5		
1932	9.6600	-12	6		
1933	9.6650	-8	6		
1934	9.6700	-4	6		
1935	9.6750	0	7		
1936	9.6800	4	8		
1937	9.6850	8	8		
1938	9.6900	12	9		
1939	9.6950	16	10		
1940	9.7000	19	10		
1941	9.7050	24	10		
1942	9.7100	28	11		
1943	9.7150	32	12		
1944	9.7200	35	12		
1945	9.7250	39	13		
1946	9.7300	43	13		
1947	9.7350	46	14		
1948	9.7400	50	14		
1949	9.7450	54	14		
1950	9.7500	58	15		
1951	9.7550	61	15		
1952	9.7600	65	16		
1953	9.7650	68	16		
1954	9.7700	72	16		
1955	9.7750	75	16		
1956	9.7800	78	17		
1957	9.7850	81	17		
1958	9.7900	84	17		
1959	9.7950	87	18		
1960	9.8000	90	18		
1961	9.8050	93	18		
1962	9.8100	96	18		
1963	9.8150	98	18		
1964	9.8200	101	18		
1965	9.8250	103	18		
1966	9.8300	105	19		
1967	9.8350	108	19		
1968	9.8400	110	19		
1969	9.8450	112	19		
1970	9.8500	113	19		
1971	9.8550	115	19		
1972	9.8600	116	19		
1973	9.8650	118	19		
1974	9.8700	120	19		
1975	9.8750	120	18		
1976	9.8800	122	18		
1977	9.8850	122	18		
1978	9.8900	124	18		
1979	9.8950	124	18		
1980	9.9000	124	18		
1981	9.9050	125	18		
1982	9.9100	126	18		
1983	9.9150	126	17		
1984	9.9200	126	17		
1985	9.9250	126	16		
1986	9.9300	125	16		
1987	9.9350	125	16		
1988	9.9400	124	16		
1989	9.9450	124	15		
1990	9.9500	123	15		
1991	9.9550	122	14		
1992	9.9600	121	14		
1993	9.9650	120	14		
1994	9.9700	119	13		
1995	9.9750	118	13		
1996	9.9800	116	12		
1997	9.9850	114	12		
1998	9.9900	113	12		
1999	9.9950	111	11		
2000	10.0000	109	10		
