#	time(s)	count A	count B	count C	count D
1	0.0050	-50	17		
2	0.0100	-50	17		
3	0.0150	-51	18		
4	0.0200	-51	18		
5	0.0250	-51	18		
6	0.0300	-51	18		
7	0.0350	-51	18		
8	0.0400	-51	18		
9	0.0450	-51	18		
10	0.0500	-51	18		
11	0.0550	-50	18		
12	0.0600	-50	18		
13	0.0650	-50	18		
14	0.0700	-49	18		
15	0.0750	-49	18		
16	0.0800	-48	18		
17	0.0850	-48	18		
18	0.0900	-46	18		
19	0.0950	-46	17		
20	0.1000	-45	17		
21	0.1050	-44	17		
22	0.1100	-43	16		
23	0.1150	-42	16		
24	0.1200	-40	16		
25	0.1250	-40	16		
26	0.1300	-38	15		
27	0.1350	-37	15		
28	0.1400	-36	14		
29	0.1450	-34	14		
30	0.1500	-32	14		
31	0.1550	-31	13		
32	0.1600	-30	12		
33	0.1650	-28	12		
34	0.1700	-26	12		
35	0.1750	-24	11		
36	0.1800	-23	10		
37	0.1850	-21	10		
38	0.1900	-20	9		
39	0.1950	-18	9		
40	0.2000	-16	8		
41	0.2050	-14	8		
42	0.2100	-12	7		
43	0.2150	-10	6		
44	0.2200	-8	6		
45	0.2250	-6	5		
46	0.2300	-4	4		
47	0.2350	-2	4		
48	0.2400	0	3		
49	0.2450	2	2		
50	0.2500	4	2		
51	0.2550	6	1		
52	0.2600	8	0		
53	0.2650	10	0		
54	0.2700	12	-1		
55	0.2750	14	-2		
56	0.2800	16	-2		
57	0.2850	18	-3		
58	0.2900	20	-4		
59	0.2950	22	-4		
60	0.3000	24	-5		
61	0.3050	26	-6		
62	0.3100	27	-6		
63	0.3150	29	-7		
64	0.3200	31	-8		
65	0.3250	32	-8		
66	0.3300	34	-9		
67	0.3350	36	-10		
68	0.3400	38	-10		
69	0.3450	39	-11		
70	0.3500	40	-11		
71	0.3550	42	-12		
72	0.3600	43	-12		
73	0.3650	44	-13		
74	0.3700	46	-13		
75	0.3750	47	-14		
76	0.3800	48	-14		
77	0.3850	50	-15		
78	0.3900	50	-15		
79	0.3950	52	-16		
80	0.4000	52	-16		
81	0.4050	54	-16		
82	0.4100	54	-17		
83	0.4150	55	-17		
84	0.4200	56	-18		
85	0.4250	56	-18		
86	0.4300	57	-18		
87	0.4350	57	-18		
88	0.4400	58	-18		
89	0.4450	58	-18		
90	0.4500	58	-19		
91	0.4550	58	-19		
92	0.4600	58	-19		
93	0.4650	58	-19		
94	0.4700	58	-19		
95	0.4750	58	-19		
96	0.4800	58	-19		
97	0.4850	58	-19		
98	0.4900	58	-19		
99	0.4950	57	-19		
100	0.5000	57	-19		
101	0.5050	56	-19		
102	0.5100	56	-19		
103	0.5150	55	-19		
104	0.5200	54	-19		
105	0.5250	53	-18		
106	0.5300	52	-18		
107	0.5350	52	-18		
108	0.5400	50	-18		
109	0.5450	50	-18		
110	0.5500	48	-17		
111	0.5550	47	-17		
112	0.5600	46	-16		
113	0.5650	44	-16		
114	0.5700	43	-16		
115	0.5750	42	-15		
116	0.5800	40	-15		
117	0.5850	39	-14		
118	0.5900	37	-14		
119	0.5950	36	-14		
120	0.6000	34	-13		
121	0.6050	32	-12		
122	0.6100	30	-12		
123	0.6150	29	-11		
124	0.6200	27	-11		
125	0.6250	25	-10		
126	0.6300	23	-10		
127	0.6350	22	-9		
128	0.6400	20	-8		
129	0.6450	18	-8		
130	0.6500	16	-7		
131	0.6550	14	-6		
132	0.6600	12	-6		
133	0.6650	10	-5		
134	0.6700	8	-4		
135	0.6750	6	-4		
136	0.6800	4	-3		
137	0.6850	2	-2		
138	0.6900	0	-2		
139	0.6950	-2	-1		
140	0.7000	-4	0		
141	0.7050	-6	0		
142	0.7100	-8	1		
143	0.7150	-10	2		
144	0.7200	-12	2		
145	0.7250	-14	3		
146	0.7300	-16	4		
147	0.7350	-18	4		
148	0.7400	-20	5		
149	0.7450	-22	6		
150	0.7500	-24	6		
151	0.7550	-25	7		
152	0.7600	-27	8		
153	0.7650	-28	8		
154	0.7700	-30	9		
155	0.7750	-32	10		
156	0.7800	-34	10		
157	0.7850	-35	10		
158	0.7900	-36	11		
159	0.7950	-38	12		
160	0.8000	-39	12		
161	0.8050	-40	13		
162	0.8100	-42	13		
163	0.8150	-43	14		
164	0.8200	-44	14		
165	0.8250	-45	14		
166	0.8300	-46	15		
167	0.8350	-47	15		
168	0.8400	-48	16		
169	0.8450	-48	16		
170	0.8500	-49	16		
171	0.8550	-50	16		
172	0.8600	-50	17		
173	0.8650	-51	17		
174	0.8700	-52	17		
175	0.8750	-52	18		
176	0.8800	-52	18		
177	0.8850	-52	18		
178	0.8900	-52	18		
179	0.8950	-52	18		
180	0.9000	-52	18		
181	0.9050	-52	18		
182	0.9100	-52	18		
183	0.9150	-52	18		
184	0.9200	-52	18		
185	0.9250	-52	18		
186	0.9300	-51	18		
187	0.9350	-50	18		
188	0.9400	-50	18		
189	0.9450	-49	18		
190	0.9500	-48	18		
191	0.9550	-48	17		
192	0.9600	-47	17		
193	0.9650	-46	17		
194	0.9700	-45	16		
195	0.9750	-44	16		
196	0.9800	-43	16		
197	0.9850	-42	16		
198	0.9900	-40	15		
199	0.9950	-39	15		
200	1.0000	-38	14		
201	1.0050	-36	14		
202	1.0100	-35	14		
203	1.0150	-33	13		
204	1.0200	-32	13		
205	1.0250	-30	12		
206	1.0300	-28	12		
207	1.0350	-26	11		
208	1.0400	-25	11		
209	1.0450	-23	10		
210	1.0500	-22	10		
211	1.0550	-20	9		
212	1.0600	-18	8		
213	1.0650	-16	8		
214	1.0700	-14	7		
215	1.0750	-12	6		
216	1.0800	-10	6		
217	1.0850	-8	5		
218	1.0900	-6	4		
219	1.0950	-4	4		
220	1.1000	-2	3		
221	1.1050	0	2		
222	1.1100	2	2		
223	1.1150	4	1		
224	1.1200	6	0		
225	1.1250	8	0		
226	1.1300	10	-1		
227	1.1350	12	-2		
228	1.1400	14	-2		
229	1.1450	16	-3		
230	1.1500	18	-4		
231	1.1550	20	-4		
232	1.1600	22	-5		
233	1.1650	24	-6		
234	1.1700	26	-6		
235	1.1750	28	-7		
236	1.1800	30	-8		
237	1.1850	32	-8		
238	1.1900	33	-9		
239	1.1950	35	-9		
240	1.2000	36	-10		
241	1.2050	38	-10		
242	1.2100	40	-11		
243	1.2150	42	-12		
244	1.2200	43	-12		
245	1.2250	44	-12		
246	1.2300	46	-13		
247	1.2350	47	-14		
248	1.2400	48	-14		
249	1.2450	50	-14		
250	1.2500	50	-15		
251	1.2550	52	-16		
252	1.2600	53	-16		
253	1.2650	54	-16		
254	1.2700	54	-16		
255	1.2750	56	-17		
256	1.2800	56	-17		
257	1.2850	57	-18		
258	1.2900	58	-18		
259	1.2950	58	-18		
260	1.3000	58	-18		
261	1.3050	59	-18		
262	1.3100	59	-19		
263	1.3150	60	-19		
264	1.3200	60	-19		
265	1.3250	60	-19		
266	1.3300	60	-19		
267	1.3350	60	-19		
268	1.3400	60	-19		
269	1.3450	59	-19		
270	1.3500	59	-19		
271	1.3550	59	-19		
272	1.3600	58	-19		
273	1.3650	58	-19		
274	1.3700	57	-19		
275	1.3750	56	-19		
276	1.3800	56	-19		
277	1.3850	55	-18		
278	1.3900	54	-18		
279	1.3950	54	-18		
280	1.4000	52	-18		
281	1.4050	51	-18		
282	1.4100	50	-17		
283	1.4150	49	-17		
284	1.4200	48	-17		
285	1.4250	46	-16		
286	1.4300	45	-16		
287	1.4350	44	-16		
288	1.4400	42	-15		
289	1.4450	41	-15		
290	1.4500	40	-14		
291	1.4550	38	-14		
292	1.4600	36	-13		
293	1.4650	34	-13		
294	1.4700	33	-12		
295	1.4750	31	-12		
296	1.4800	29	-11		
297	1.4850	28	-10		
298	1.4900	26	-10		
299	1.4950	24	-9		
300	1.5000	22	-9		
301	1.5050	20	-8		
302	1.5100	18	-8		
303	1.5150	16	-7		
304	1.5200	14	-6		
305	1.5250	12	-6		
306	1.5300	10	-5		
307	1.5350	8	-4		
308	1.5400	6	-4		
309	1.5450	4	-3		
310	1.5500	2	-2		
311	1.5550	0	-2		
312	1.5600	-2	-1		
313	1.5650	-4	0		
314	1.5700	-6	1		
315	1.5750	-9	1		
316	1.5800	-11	2		
317	1.5850	-13	3		
318	1.5900	-14	4		
319	1.5950	-16	4		
320	1.6000	-18	5		
321	1.6050	-20	6		
322	1.6100	-22	6		
323	1.6150	-24	7		
324	1.6200	-26	7		
325	1.6250	-28	8		
326	1.6300	-29	8		
327	1.6350	-31	9		
328	1.6400	-32	10		
329	1.6450	-34	10		
330	1.6500	-36	11		
331	1.6550	-37	11		
332	1.6600	-38	12		
333	1.6650	-40	12		
334	1.6700	-41	13		
335	1.6750	-42	13		
336	1.6800	-44	14		
337	1.6850	-45	14		
338	1.6900	-46	14		
339	1.6950	-47	15		
340	1.7000	-48	15		
341	1.7050	-48	16		
342	1.7100	-50	16		
343	1.7150	-50	16		
344	1.7200	-51	16		
345	1.7250	-52	17		
346	1.7300	-52	17		
347	1.7350	-52	17		
348	1.7400	-53	18		
349	1.7450	-53	18		
350	1.7500	-53	18		
351	1.7550	-54	18		
352	1.7600	-54	18		
353	1.7650	-54	18		
354	1.7700	-54	18		
355	1.7750	-53	18		
356	1.7800	-53	18		
357	1.7850	-52	18		
358	1.7900	-52	18		
359	1.7950	-52	18		
360	1.8000	-51	18		
361	1.8050	-50	18		
362	1.8100	-50	18		
363	1.8150	-49	17		
364	1.8200	-48	17		
365	1.8250	-48	17		
366	1.8300	-46	17		
367	1.8350	-46	16		
368	1.8400	-44	16		
369	1.8450	-44	16		
370	1.8500	-42	16		
371	1.8550	-41	15		
372	1.8600	-40	15		
373	1.8650	-38	14		
374	1.8700	-37	14		
375	1.8750	-35	14		
376	1.8800	-34	13		
377	1.8850	-32	12		
378	1.8900	-30	12		
379	1.8950	-29	12		
380	1.9000	-27	11		
381	1.9050	-25	10		
382	1.9100	-24	10		
383	1.9150	-22	9		
384	1.9200	-20	9		
385	1.9250	-18	8		
386	1.9300	-16	8		
387	1.9350	-14	7		
388	1.9400	-12	6		
389	1.9450	-10	6		
390	1.9500	-8	5		
391	1.9550	-6	4		
392	1.9600	-4	4		
393	1.9650	-2	3		
394	1.9700	0	2		
395	1.9750	2	2		
396	1.9800	4	1		
397	1.9850	6	0		
398	1.9900	8	0		
399	1.9950	10	-1		
400	2.0000	12	-2		
401	2.0050	14	-2		
402	2.0100	16	-3		
403	2.0150	18	-4		
404	2.0200	20	-4		
405	2.0250	22	-5		
406	2.0300	24	-6		
407	2.0350	26	-6		
408	2.0400	28	-7		
409	2.0450	30	-8		
410	2.0500	32	-8		
411	2.0550	34	-9		
412	2.0600	36	-10		
413	2.0650	37	-10		
414	2.0700	39	-11		
415	2.0750	40	-11		
416	2.0800	42	-12		
417	2.0850	44	-12		
418	2.0900	45	-13		
419	2.0950	46	-13		
420	2.1000	48	-14		
421	2.1050	49	-14		
422	2.1100	50	-15		
423	2.1150	51	-15		
424	2.1200	52	-16		
425	2.1250	54	-16		
426	2.1300	54	-16		
427	2.1350	55	-17		
428	2.1400	56	-17		
429	2.1450	57	-18		
430	2.1500	58	-18		
431	2.1550	58	-18		
432	2.1600	59	-18		
433	2.1650	59	-18		
434	2.1700	60	-18		
435	2.1750	60	-19		
436	2.1800	60	-19		
437	2.1850	60	-19		
438	2.1900	60	-19		
439	2.1950	60	-19		
440	2.2000	60	-19		
441	2.2050	60	-19		
442	2.2100	60	-19		
443	2.2150	60	-19		
444	2.2200	60	-19		
445	2.2250	59	-19		
446	2.2300	58	-19		
447	2.2350	58	-19		
448	2.2400	58	-19		
449	2.2450	57	-19		
450	2.2500	56	-18		
451	2.2550	55	-18		
452	2.2600	54	-18		
453	2.2650	53	-18		
454	2.2700	52	-18		
455	2.2750	51	-17		
456	2.2800	50	-17		
457	2.2850	48	-16		
458	2.2900	47	-16		
459	2.2950	46	-16		
460	2.3000	44	-15		
461	2.3050	43	-15		
462	2.3100	42	-14		
463	2.3150	40	-14		
464	2.3200	38	-14		
465	2.3250	37	-13		
466	2.3300	35	-12		
467	2.3350	33	-12		
468	2.3400	32	-11		
469	2.3450	30	-11		
470	2.3500	28	-10		
471	2.3550	26	-10		
472	2.3600	24	-9		
473	2.3650	22	-8		
474	2.3700	20	-8		
475	2.3750	18	-7		
476	2.3800	16	-6		
477	2.3850	14	-6		
478	2.3900	12	-5		
479	2.3950	10	-4		
480	2.4000	8	-4		
481	2.4050	6	-3		
482	2.4100	4	-2		
483	2.4150	2	-2		
484	2.4200	0	-1		
485	2.4250	-2	0		
486	2.4300	-4	0		
487	2.4350	-6	1		
488	2.4400	-9	2		
489	2.4450	-11	2		
490	2.4500	-13	3		
491	2.4550	-15	4		
492	2.4600	-16	4		
493	2.4650	-18	5		
494	2.4700	-20	6		
495	2.4750	-22	6		
496	2.4800	-24	7		
497	2.4850	-26	8		
498	2.4900	-28	8		
499	2.4950	-30	9		
500	2.5000	-31	10		
501	2.5050	-33	10		
502	2.5100	-34	10		
503	2.5150	-36	11		
504	2.5200	-38	12		
505	2.5250	-39	12		
506	2.5300	-40	13		
507	2.5350	-42	13		
508	2.5400	-43	14		
509	2.5450	-44	14		
510	2.5500	-45	14		
511	2.5550	-46	15		
512	2.5600	-47	15		
513	2.5650	-48	16		
514	2.5700	-49	16		
515	2.5750	-50	16		
516	2.5800	-50	16		
517	2.5850	-51	17		
518	2.5900	-52	17		
519	2.5950	-52	17		
520	2.6000	-53	18		
521	2.6050	-53	18		
522	2.6100	-54	18		
523	2.6150	-54	18		
524	2.6200	-54	18		
525	2.6250	-54	18		
526	2.6300	-54	18		
527	2.6350	-54	18		
528	2.6400	-54	18		
529	2.6450	-54	18		
530	2.6500	-53	18		
531	2.6550	-53	18		
532	2.6600	-52	18		
533	2.6650	-52	18		
534	2.6700	-51	18		
535	2.6750	-50	18		
536	2.6800	-50	17		
537	2.6850	-49	17		
538	2.6900	-48	17		
539	2.6950	-47	16		
540	2.7000	-46	16		
541	2.7050	-45	16		
542	2.7100	-44	16		
543	2.7150	-42	15		
544	2.7200	-41	15		
545	2.7250	-40	14		
546	2.7300	-38	14		
547	2.7350	-37	14		
548	2.7400	-36	13		
549	2.7450	-34	13		
550	2.7500	-32	12		
551	2.7550	-31	12		
552	2.7600	-29	11		
553	2.7650	-28	11		
554	2.7700	-26	10		
555	2.7750	-24	10		
556	2.7800	-22	9		
557	2.7850	-20	8		
558	2.7900	-18	8		
559	2.7950	-16	7		
560	2.8000	-14	6		
561	2.8050	-12	6		
562	2.8100	-10	5		
563	2.8150	-8	4		
564	2.8200	-6	4		
565	2.8250	-4	3		
566	2.8300	-2	2		
567	2.8350	0	2		
568	2.8400	2	1		
569	2.8450	4	0		
570	2.8500	6	0		
571	2.8550	8	-1		
572	2.8600	10	-2		
573	2.8650	12	-2		
574	2.8700	14	-3		
575	2.8750	16	-4		
576	2.8800	18	-4		
577	2.8850	20	-5		
578	2.8900	22	-6		
579	2.8950	24	-6		
580	2.9000	26	-7		
581	2.9050	28	-8		
582	2.9100	30	-8		
583	2.9150	32	-9		
584	2.9200	34	-9		
585	2.9250	36	-10		
586	2.9300	37	-10		
587	2.9350	39	-11		
588	2.9400	40	-12		
589	2.9450	42	-12		
590	2.9500	44	-12		
591	2.9550	45	-13		
592	2.9600	46	-14		
593	2.9650	48	-14		
594	2.9700	49	-14		
595	2.9750	50	-15		
596	2.9800	51	-16		
597	2.9850	52	-16		
598	2.9900	54	-16		
599	2.9950	54	-16		
600	3.0000	55	-17		
601	3.0050	56	-17		
602	3.0100	57	-18		
603	3.0150	58	-18		
604	3.0200	58	-18		
605	3.0250	59	-18		
606	3.0300	59	-18		
607	3.0350	60	-19		
608	3.0400	60	-19		
609	3.0450	60	-19		
610	3.0500	60	-19		
611	3.0550	60	-19		
612	3.0600	60	-19		
613	3.0650	60	-19		
614	3.0700	60	-19		
615	3.0750	60	-19		
616	3.0800	60	-19		
617	3.0850	60	-19		
618	3.0900	59	-19		
619	3.0950	59	-19		
620	3.1000	58	-19		
621	3.1050	58	-19		
622	3.1100	57	-18		
623	3.1150	56	-18		
624	3.1200	55	-18		
625	3.1250	54	-18		
626	3.1300	53	-18		
627	3.1350	52	-17		
628	3.1400	51	-17		
629	3.1450	50	-17		
630	3.1500	49	-16		
631	3.1550	48	-16		
632	3.1600	46	-16		
633	3.1650	45	-15		
634	3.1700	43	-15		
635	3.1750	42	-14		
636	3.1800	40	-14		
637	3.1850	38	-13		
638	3.1900	37	-13		
639	3.1950	35	-12		
640	3.2000	34	-12		
641	3.2050	32	-11		
642	3.2100	30	-10		
643	3.2150	28	-10		
644	3.2200	26	-9		
645	3.2250	24	-9		
646	3.2300	22	-8		
647	3.2350	20	-7		
648	3.2400	18	-7		
649	3.2450	16	-6		
650	3.2500	14	-6		
651	3.2550	12	-5		
652	3.2600	10	-4		
653	3.2650	8	-4		
654	3.2700	6	-3		
655	3.2750	4	-2		
656	3.2800	2	-1		
657	3.2850	0	-1		
658	3.2900	-2	0		
659	3.2950	-4	1		
660	3.3000	-6	1		
661	3.3050	-8	2		
662	3.3100	-10	3		
663	3.3150	-12	4		
664	3.3200	-14	4		
665	3.3250	-16	5		
666	3.3300	-18	6		
667	3.3350	-20	6		
668	3.3400	-22	7		
669	3.3450	-24	7		
670	3.3500	-26	8		
671	3.3550	-28	8		
672	3.3600	-29	9		
673	3.3650	-31	10		
674	3.3700	-32	10		
675	3.3750	-34	11		
676	3.3800	-36	11		
677	3.3850	-37	12		
678	3.3900	-38	12		
679	3.3950	-40	13		
680	3.4000	-41	13		
681	3.4050	-43	14		
682	3.4100	-44	14		
683	3.4150	-45	14		
684	3.4200	-46	15		
685	3.4250	-47	15		
686	3.4300	-48	16		
687	3.4350	-49	16		
688	3.4400	-50	16		
689	3.4450	-50	16		
690	3.4500	-51	17		
691	3.4550	-52	17		
692	3.4600	-52	17		
693	3.4650	-53	18		
694	3.4700	-53	18		
695	3.4750	-53	18		
696	3.4800	-54	18		
697	3.4850	-54	18		
698	3.4900	-54	18		
699	3.4950	-54	18		
700	3.5000	-54	18		
701	3.5050	-54	18		
702	3.5100	-54	18		
703	3.5150	-53	18		
704	3.5200	-52	18		
705	3.5250	-52	18		
706	3.5300	-52	18		
707	3.5350	-51	18		
708	3.5400	-50	17		
709	3.5450	-50	17		
710	3.5500	-49	17		
711	3.5550	-48	17		
712	3.5600	-47	16		
713	3.5650	-46	16		
714	3.5700	-45	16		
715	3.5750	-44	16		
716	3.5800	-42	15		
717	3.5850	-42	15		
718	3.5900	-40	14		
719	3.5950	-39	14		
720	3.6000	-37	14		
721	3.6050	-36	13		
722	3.6100	-34	12		
723	3.6150	-32	12		
724	3.6200	-31	12		
725	3.6250	-29	11		
726	3.6300	-28	10		
727	3.6350	-26	10		
728	3.6400	-24	9		
729	3.6450	-22	9		
730	3.6500	-20	8		
731	3.6550	-18	8		
732	3.6600	-16	7		
733	3.6650	-14	6		
734	3.6700	-12	6		
735	3.6750	-10	5		
736	3.6800	-8	4		
737	3.6850	-6	4		
738	3.6900	-4	3		
739	3.6950	-2	2		
740	3.7000	0	2		
741	3.7050	2	1		
742	3.7100	4	0		
743	3.7150	6	0		
744	3.7200	8	-1		
745	3.7250	10	-2		
746	3.7300	12	-2		
747	3.7350	14	-3		
748	3.7400	16	-4		
749	3.7450	18	-4		
750	3.7500	20	-5		
751	3.7550	22	-6		
752	3.7600	24	-6		
753	3.7650	26	-7		
754	3.7700	28	-8		
755	3.7750	30	-8		
756	3.7800	32	-9		
757	3.7850	34	-10		
758	3.7900	35	-10		
759	3.7950	37	-11		
760	3.8000	38	-11		
761	3.8050	40	-12		
762	3.8100	42	-12		
763	3.8150	43	-13		
764	3.8200	44	-13		
765	3.8250	46	-14		
766	3.8300	48	-14		
767	3.8350	49	-15		
768	3.8400	50	-15		
769	3.8450	51	-16		
770	3.8500	52	-16		
771	3.8550	53	-16		
772	3.8600	54	-17		
773	3.8650	55	-17		
774	3.8700	56	-18		
775	3.8750	56	-18		
776	3.8800	58	-18		
777	3.8850	58	-18		
778	3.8900	58	-18		
779	3.8950	59	-18		
780	3.9000	60	-19		
781	3.9050	60	-19		
782	3.9100	60	-19		
783	3.9150	60	-19		
784	3.9200	60	-19		
785	3.9250	60	-19		
786	3.9300	60	-19		
787	3.9350	60	-19		
788	3.9400	60	-19		
789	3.9450	60	-19		
790	3.9500	60	-19		
791	3.9550	59	-19		
792	3.9600	58	-19		
793	3.9650	58	-19		
794	3.9700	57	-19		
795	3.9750	56	-18		
796	3.9800	56	-18		
797	3.9850	55	-18		
798	3.9900	54	-18		
799	3.9950	53	-18		
800	4.0000	52	-17		
801	4.0050	51	-17		
802	4.0100	50	-16		
803	4.0150	48	-16		
804	4.0200	47	-16		
805	4.0250	46	-15		
806	4.0300	44	-15		
807	4.0350	43	-14		
808	4.0400	42	-14		
809	4.0450	40	-14		
810	4.0500	38	-13		
811	4.0550	37	-12		
812	4.0600	35	-12		
813	4.0650	34	-11		
814	4.0700	32	-11		
815	4.0750	30	-10		
816	4.0800	28	-10		
817	4.0850	26	-9		
818	4.0900	24	-8		
819	4.0950	22	-8		
820	4.1000	20	-7		
821	4.1050	18	-6		
822	4.1100	16	-6		
823	4.1150	14	-5		
824	4.1200	12	-4		
825	4.1250	10	-4		
826	4.1300	8	-3		
827	4.1350	6	-2		
828	4.1400	4	-2		
829	4.1450	2	-1		
830	4.1500	0	0		
831	4.1550	-2	0		
832	4.1600	-4	1		
833	4.1650	-6	2		
834	4.1700	-8	2		
835	4.1750	-10	3		
836	4.1800	-12	4		
837	4.1850	-14	4		
838	4.1900	-16	5		
839	4.1950	-18	6		
840	4.2000	-20	6		
841	4.2050	-22	7		
842	4.2100	-24	8		
843	4.2150	-26	8		
844	4.2200	-28	9		
845	4.2250	-29	10		
846	4.2300	-31	10		
847	4.2350	-32	10		
848	4.2400	-34	11		
849	4.2450	-36	12		
850	4.2500	-37	12		
851	4.2550	-38	13		
852	4.2600	-40	13		
853	4.2650	-41	14		
854	4.2700	-42	14		
855	4.2750	-44	14		
856	4.2800	-44	15		
857	4.2850	-46	15		
858	4.2900	-46	16		
859	4.2950	-48	16		
860	4.3000	-48	16		
861	4.3050	-49	16		
862	4.3100	-50	17		
863	4.3150	-50	17		
864	4.3200	-51	17		
865	4.3250	-52	18		
866	4.3300	-52	18		
867	4.3350	-52	18		
868	4.3400	-53	18		
869	4.3450	-53	18		
870	4.3500	-53	18		
871	4.3550	-53	18		
872	4.3600	-53	18		
873	4.3650	-53	18		
874	4.3700	-53	18		
875	4.3750	-53	18		
876	4.3800	-52	18		
877	4.3850	-52	18		
878	4.3900	-52	18		
879	4.3950	-51	18		
880	4.4000	-50	18		
881	4.4050	-50	17		
882	4.4100	-49	17		
883	4.4150	-48	17		
884	4.4200	-48	16		
885	4.4250	-46	16		
886	4.4300	-46	16		
887	4.4350	-44	16		
888	4.4400	-43	15		
889	4.4450	-42	15		
890	4.4500	-41	14		
891	4.4550	-40	14		
892	4.4600	-38	14		
893	4.4650	-37	13		
894	4.4700	-35	13		
895	4.4750	-34	12		
896	4.4800	-32	12		
897	4.4850	-30	11		
898	4.4900	-29	11		
899	4.4950	-27	10		
900	4.5000	-26	10		
901	4.5050	-24	9		
902	4.5100	-22	8		
903	4.5150	-20	8		
904	4.5200	-18	7		
905	4.5250	-16	6		
906	4.5300	-14	6		
907	4.5350	-12	5		
908	4.5400	-10	4		
909	4.5450	-8	4		
910	4.5500	-6	3		
911	4.5550	-4	2		
912	4.5600	-2	2		
913	4.5650	0	1		
914	4.5700	2	0		
915	4.5750	4	0		
916	4.5800	6	-1		
917	4.5850	8	-2		
918	4.5900	10	-2		
919	4.5950	12	-3		
920	4.6000	14	-4		
921	4.6050	16	-4		
922	4.6100	18	-5		
923	4.6150	20	-6		
924	4.6200	22	-6		
925	4.6250	24	-7		
926	4.6300	26	-8		
927	4.6350	28	-8		
928	4.6400	30	-9		
929	4.6450	32	-9		
930	4.6500	33	-10		
931	4.6550	35	-10		
932	4.6600	36	-11		
933	4.6650	38	-12		
934	4.6700	40	-12		
935	4.6750	42	-12		
936	4.6800	43	-13		
937	4.6850	44	-14		
938	4.6900	46	-14		
939	4.6950	47	-14		
940	4.7000	48	-15		
941	4.7050	50	-16		
942	4.7100	51	-16		
943	4.7150	52	-16		
944	4.7200	53	-16		
945	4.7250	54	-17		
946	4.7300	54	-17		
947	4.7350	56	-18		
948	4.7400	56	-18		
949	4.7450	57	-18		
950	4.7500	58	-18		
951	4.7550	58	-18		
952	4.7600	58	-19		
953	4.7650	59	-19		
954	4.7700	59	-19		
955	4.7750	60	-19		
956	4.7800	60	-19		
957	4.7850	60	-19		
958	4.7900	60	-19		
959	4.7950	60	-19		
960	4.8000	60	-19		
961	4.8050	59	-19		
962	4.8100	59	-19		
963	4.8150	59	-19		
964	4.8200	58	-19		
965	4.8250	58	-19		
966	4.8300	57	-19		
967	4.8350	56	-18		
968	4.8400	56	-18		
969	4.8450	55	-18		
970	4.8500	54	-18		
971	4.8550	53	-18		
972	4.8600	52	-17		
973	4.8650	52	-17		
974	4.8700	50	-17		
975	4.8750	49	-16		
976	4.8800	48	-16		
977	4.8850	46	-16		
978	4.8900	45	-15		
979	4.8950	44	-15		
980	4.9000	42	-14		
981	4.9050	41	-14		
982	4.9100	39	-13		
983	4.9150	38	-13		
984	4.9200	36	-12		
985	4.9250	34	-12		
986	4.9300	33	-11		
987	4.9350	31	-10		
988	4.9400	29	-10		
989	4.9450	28	-9		
990	4.9500	26	-9		
991	4.9550	24	-8		
992	4.9600	22	-7		
993	4.9650	20	-7		
994	4.9700	18	-6		
995	4.9750	16	-6		
996	4.9800	14	-5		
997	4.9850	12	-4		
998	4.9900	10	-4		
999	4.9950	8	-3		
1000	5.0000	6	-2		
1001	5.0050	4	-1		
1002	5.0100	2	0		
1003	5.0150	0	0		
1004	5.0200	-2	1		
1005	5.0250	-4	2		
1006	5.0300	-6	2		
1007	5.0350	-8	3		
1008	5.0400	-10	4		
1009	5.0450	-12	4		
1010	5.0500	-14	5		
1011	5.0550	-16	6		
1012	5.0600	-18	6		
1013	5.0650	-20	7		
1014	5.0700	-22	7		
1015	5.0750	-24	8		
1016	5.0800	-25	8		
1017	5.0850	-27	9		
1018	5.0900	-29	10		
1019	5.0950	-30	10		
1020	5.1000	-32	11		
1021	5.1050	-34	12		
1022	5.1100	-35	12		
1023	5.1150	-36	12		
1024	5.1200	-38	13		
1025	5.1250	-39	14		
1026	5.1300	-40	14		
1027	5.1350	-42	14		
1028	5.1400	-43	14		
1029	5.1450	-44	15		
1030	5.1500	-45	15		
1031	5.1550	-46	16		
1032	5.1600	-47	16		
1033	5.1650	-48	16		
1034	5.1700	-48	17		
1035	5.1750	-49	17		
1036	5.1800	-50	17		
1037	5.1850	-50	17		
1038	5.1900	-51	18		
1039	5.1950	-52	18		
1040	5.2000	-52	18		
1041	5.2050	-52	18		
1042	5.2100	-52	18		
1043	5.2150	-52	18		
1044	5.2200	-52	18		
1045	5.2250	-52	18		
1046	5.2300	-52	18		
1047	5.2350	-52	18		
1048	5.2400	-52	18		
1049	5.2450	-52	18		
1050	5.2500	-51	18		
1051	5.2550	-51	18		
1052	5.2600	-50	18		
1053	5.2650	-50	17		
1054	5.2700	-49	17		
1055	5.2750	-48	17		
1056	5.2800	-48	17		
1057	5.2850	-46	16		
1058	5.2900	-46	16		
1059	5.2950	-44	16		
1060	5.3000	-44	16		
1061	5.3050	-42	15		
1062	5.3100	-41	14		
1063	5.3150	-40	14		
1064	5.3200	-38	14		
1065	5.3250	-37	14		
1066	5.3300	-36	13		
1067	5.3350	-34	12		
1068	5.3400	-33	12		
1069	5.3450	-31	12		
1070	5.3500	-30	11		
1071	5.3550	-28	10		
1072	5.3600	-26	10		
1073	5.3650	-24	9		
1074	5.3700	-23	9		
1075	5.3750	-21	8		
1076	5.3800	-19	8		
1077	5.3850	-18	7		
1078	5.3900	-16	6		
1079	5.3950	-14	6		
1080	5.4000	-12	5		
1081	5.4050	-10	4		
1082	5.4100	-8	4		
1083	5.4150	-6	3		
1084	5.4200	-4	2		
1085	5.4250	-2	2		
1086	5.4300	0	1		
1087	5.4350	2	0		
1088	5.4400	4	0		
1089	5.4450	6	-1		
1090	5.4500	8	-2		
1091	5.4550	10	-2		
1092	5.4600	12	-3		
1093	5.4650	14	-4		
1094	5.4700	16	-4		
1095	5.4750	18	-5		
1096	5.4800	20	-6		
1097	5.4850	22	-6		
1098	5.4900	24	-7		
1099	5.4950	26	-8		
1100	5.5000	28	-8		
1101	5.5050	30	-9		
1102	5.5100	32	-10		
1103	5.5150	33	-10		
1104	5.5200	35	-11		
1105	5.5250	36	-12		
1106	5.5300	38	-12		
1107	5.5350	40	-12		
1108	5.5400	41	-13		
1109	5.5450	42	-14		
1110	5.5500	44	-14		
1111	5.5550	45	-14		
1112	5.5600	46	-15		
1113	5.5650	48	-15		
1114	5.5700	49	-16		
1115	5.5750	50	-16		
1116	5.5800	51	-16		
1117	5.5850	52	-17		
1118	5.5900	53	-17		
1119	5.5950	54	-18		
1120	5.6000	55	-18		
1121	5.6050	56	-18		
1122	5.6100	56	-18		
1123	5.6150	56	-18		
1124	5.6200	57	-19		
1125	5.6250	58	-19		
1126	5.6300	58	-19		
1127	5.6350	58	-19		
1128	5.6400	58	-19		
1129	5.6450	58	-19		
1130	5.6500	59	-19		
1131	5.6550	59	-19		
1132	5.6600	58	-19		
1133	5.6650	58	-19		
1134	5.6700	58	-19		
1135	5.6750	58	-19		
1136	5.6800	58	-19		
1137	5.6850	57	-19		
1138	5.6900	57	-19		
1139	5.6950	56	-19		
1140	5.7000	56	-18		
1141	5.7050	55	-18		
1142	5.7100	54	-18		
1143	5.7150	53	-18		
1144	5.7200	52	-18		
1145	5.7250	51	-17		
1146	5.7300	50	-17		
1147	5.7350	49	-16		
1148	5.7400	48	-16		
1149	5.7450	47	-16		
1150	5.7500	46	-15		
1151	5.7550	44	-15		
1152	5.7600	43	-14		
1153	5.7650	41	-14		
1154	5.7700	40	-14		
1155	5.7750	38	-13		
1156	5.7800	37	-12		
1157	5.7850	35	-12		
1158	5.7900	34	-11		
1159	5.7950	32	-11		
1160	5.8000	30	-10		
1161	5.8050	28	-10		
1162	5.8100	26	-9		
1163	5.8150	24	-8		
1164	5.8200	22	-8		
1165	5.8250	21	-7		
1166	5.8300	19	-6		
1167	5.8350	17	-6		
1168	5.8400	15	-5		
1169	5.8450	13	-4		
1170	5.8500	11	-4		
1171	5.8550	9	-3		
1172	5.8600	7	-2		
1173	5.8650	5	-2		
1174	5.8700	3	-1		
1175	5.8750	1	0		
1176	5.8800	-1	0		
1177	5.8850	-3	1		
1178	5.8900	-5	2		
1179	5.8950	-7	2		
1180	5.9000	-9	3		
1181	5.9050	-11	4		
1182	5.9100	-13	4		
1183	5.9150	-15	5		
1184	5.9200	-16	6		
1185	5.9250	-18	6		
1186	5.9300	-20	7		
1187	5.9350	-22	8		
1188	5.9400	-24	8		
1189	5.9450	-26	9		
1190	5.9500	-27	10		
1191	5.9550	-29	10		
1192	5.9600	-30	10		
1193	5.9650	-32	11		
1194	5.9700	-34	12		
1195	5.9750	-35	12		
1196	5.9800	-36	13		
1197	5.9850	-38	13		
1198	5.9900	-39	14		
1199	5.9950	-40	14		
1200	6.0000	-42	14		
1201	6.0050	-42	15		
1202	6.0100	-44	15		
1203	6.0150	-45	16		
1204	6.0200	-46	16		
1205	6.0250	-46	16		
1206	6.0300	-47	16		
1207	6.0350	-48	17		
1208	6.0400	-48	17		
1209	6.0450	-49	17		
1210	6.0500	-50	18		
1211	6.0550	-50	18		
1212	6.0600	-50	18		
1213	6.0650	-51	18		
1214	6.0700	-51	18		
1215	6.0750	-51	18		
1216	6.0800	-52	18		
1217	6.0850	-52	18		
1218	6.0900	-52	18		
1219	6.0950	-51	18		
1220	6.1000	-51	18		
1221	6.1050	-51	18		
1222	6.1100	-50	18		
1223	6.1150	-50	18		
1224	6.1200	-50	18		
1225	6.1250	-49	18		
1226	6.1300	-48	17		
1227	6.1350	-48	17		
1228	6.1400	-47	17		
1229	6.1450	-46	16		
1230	6.1500	-45	16		
1231	6.1550	-44	16		
1232	6.1600	-43	16		
1233	6.1650	-42	15		
1234	6.1700	-41	15		
1235	6.1750	-40	14		
1236	6.1800	-38	14		
1237	6.1850	-37	14		
1238	6.1900	-36	13		
1239	6.1950	-34	13		
1240	6.2000	-33	12		
1241	6.2050	-32	12		
1242	6.2100	-30	11		
1243	6.2150	-28	10		
1244	6.2200	-27	10		
1245	6.2250	-25	10		
1246	6.2300	-23	9		
1247	6.2350	-22	8		
1248	6.2400	-20	8		
1249	6.2450	-18	7		
1250	6.2500	-16	6		
1251	6.2550	-14	6		
1252	6.2600	-12	5		
1253	6.2650	-10	4		
1254	6.2700	-8	4		
1255	6.2750	-6	3		
1256	6.2800	-4	2		
1257	6.2850	-2	2		
1258	6.2900	0	1		
1259	6.2950	2	0		
1260	6.3000	4	0		
1261	6.3050	6	-1		
1262	6.3100	8	-2		
1263	6.3150	10	-2		
1264	6.3200	11	-3		
1265	6.3250	13	-4		
1266	6.3300	15	-4		
1267	6.3350	17	-5		
1268	6.3400	19	-6		
1269	6.3450	21	-6		
1270	6.3500	23	-7		
1271	6.3550	24	-8		
1272	6.3600	26	-8		
1273	6.3650	28	-9		
1274	6.3700	30	-9		
1275	6.3750	32	-10		
1276	6.3800	34	-10		
1277	6.3850	35	-11		
1278	6.3900	36	-12		
1279	6.3950	38	-12		
1280	6.4000	40	-12		
1281	6.4050	41	-13		
1282	6.4100	42	-14		
1283	6.4150	44	-14		
1284	6.4200	45	-14		
1285	6.4250	46	-15		
1286	6.4300	48	-16		
1287	6.4350	49	-16		
1288	6.4400	50	-16		
1289	6.4450	51	-16		
1290	6.4500	52	-17		
1291	6.4550	52	-17		
1292	6.4600	54	-18		
1293	6.4650	54	-18		
1294	6.4700	55	-18		
1295	6.4750	56	-18		
1296	6.4800	56	-18		
1297	6.4850	56	-19		
1298	6.4900	57	-19		
1299	6.4950	57	-19		
1300	6.5000	58	-19		
1301	6.5050	58	-19		
1302	6.5100	58	-19		
1303	6.5150	58	-19		
1304	6.5200	58	-19		
1305	6.5250	58	-19		
1306	6.5300	58	-19		
1307	6.5350	57	-19		
1308	6.5400	57	-19		
1309	6.5450	56	-19		
1310	6.5500	56	-19		
1311	6.5550	56	-19		
1312	6.5600	55	-18		
1313	6.5650	54	-18		
1314	6.5700	54	-18		
1315	6.5750	53	-18		
1316	6.5800	52	-18		
1317	6.5850	51	-17		
1318	6.5900	50	-17		
1319	6.5950	49	-17		
1320	6.6000	48	-16		
1321	6.6050	46	-16		
1322	6.6100	45	-16		
1323	6.6150	44	-15		
1324	6.6200	42	-15		
1325	6.6250	41	-14		
1326	6.6300	40	-14		
1327	6.6350	38	-13		
1328	6.6400	37	-13		
1329	6.6450	35	-12		
1330	6.6500	34	-12		
1331	6.6550	32	-11		
1332	6.6600	30	-10		
1333	6.6650	28	-10		
1334	6.6700	27	-9		
1335	6.6750	25	-9		
1336	6.6800	23	-8		
1337	6.6850	21	-8		
1338	6.6900	20	-7		
1339	6.6950	18	-6		
1340	6.7000	16	-6		
1341	6.7050	14	-5		
1342	6.7100	12	-4		
1343	6.7150	10	-4		
1344	6.7200	8	-3		
1345	6.7250	6	-2		
1346	6.7300	4	-1		
1347	6.7350	2	-1		
1348	6.7400	0	0		
1349	6.7450	-2	1		
1350	6.7500	-4	2		
1351	6.7550	-6	2		
1352	6.7600	-8	3		
1353	6.7650	-10	4		
1354	6.7700	-12	4		
1355	6.7750	-14	5		
1356	6.7800	-16	6		
1357	6.7850	-17	6		
1358	6.7900	-19	7		
1359	6.7950	-21	7		
1360	6.8000	-22	8		
1361	6.8050	-24	8		
1362	6.8100	-26	9		
1363	6.8150	-28	10		
1364	6.8200	-29	10		
1365	6.8250	-31	11		
1366	6.8300	-32	12		
1367	6.8350	-34	12		
1368	6.8400	-35	12		
1369	6.8450	-36	13		
1370	6.8500	-38	14		
1371	6.8550	-39	14		
1372	6.8600	-40	14		
1373	6.8650	-41	15		
1374	6.8700	-42	15		
1375	6.8750	-44	15		
1376	6.8800	-44	16		
1377	6.8850	-45	16		
1378	6.8900	-46	16		
1379	6.8950	-47	17		
1380	6.9000	-48	17		
1381	6.9050	-48	17		
1382	6.9100	-49	17		
1383	6.9150	-49	18		
1384	6.9200	-50	18		
1385	6.9250	-50	18		
1386	6.9300	-50	18		
1387	6.9350	-50	18		
1388	6.9400	-50	18		
1389	6.9450	-50	18		
1390	6.9500	-50	18		
1391	6.9550	-50	18		
1392	6.9600	-50	18		
1393	6.9650	-50	18		
1394	6.9700	-50	18		
1395	6.9750	-50	18		
1396	6.9800	-49	18		
1397	6.9850	-48	18		
1398	6.9900	-48	17		
1399	6.9950	-47	17		
1400	7.0000	-46	17		
1401	7.0050	-46	17		
1402	7.0100	-45	16		
1403	7.0150	-44	16		
1404	7.0200	-43	16		
1405	7.0250	-42	16		
1406	7.0300	-41	15		
1407	7.0350	-40	15		
1408	7.0400	-38	14		
1409	7.0450	-37	14		
1410	7.0500	-36	14		
1411	7.0550	-34	13		
1412	7.0600	-33	12		
1413	7.0650	-32	12		
1414	7.0700	-30	12		
1415	7.0750	-28	11		
1416	7.0800	-27	10		
1417	7.0850	-25	10		
1418	7.0900	-24	9		
1419	7.0950	-22	9		
1420	7.1000	-20	8		
1421	7.1050	-18	8		
1422	7.1100	-16	7		
1423	7.1150	-14	6		
1424	7.1200	-13	6		
1425	7.1250	-11	5		
1426	7.1300	-9	4		
1427	7.1350	-7	4		
1428	7.1400	-5	3		
1429	7.1450	-3	2		
1430	7.1500	-1	2		
1431	7.1550	1	1		
1432	7.1600	3	0		
1433	7.1650	4	0		
1434	7.1700	6	-1		
1435	7.1750	8	-2		
1436	7.1800	10	-2		
1437	7.1850	12	-3		
1438	7.1900	14	-4		
1439	7.1950	16	-4		
1440	7.2000	18	-5		
1441	7.2050	20	-6		
1442	7.2100	22	-6		
1443	7.2150	24	-7		
1444	7.2200	26	-8		
1445	7.2250	27	-8		
1446	7.2300	29	-9		
1447	7.2350	31	-10		
1448	7.2400	32	-10		
1449	7.2450	34	-11		
1450	7.2500	36	-11		
1451	7.2550	37	-12		
1452	7.2600	38	-12		
1453	7.2650	40	-13		
1454	7.2700	42	-13		
1455	7.2750	43	-14		
1456	7.2800	44	-14		
1457	7.2850	45	-15		
1458	7.2900	46	-15		
1459	7.2950	48	-16		
1460	7.3000	49	-16		
1461	7.3050	50	-16		
1462	7.3100	51	-17		
1463	7.3150	52	-17		
1464	7.3200	52	-18		
1465	7.3250	53	-18		
1466	7.3300	54	-18		
1467	7.3350	54	-18		
1468	7.3400	55	-18		
1469	7.3450	56	-19		
1470	7.3500	56	-19		
1471	7.3550	56	-19		
1472	7.3600	56	-19		
1473	7.3650	57	-19		
1474	7.3700	57	-19		
1475	7.3750	57	-19		
1476	7.3800	57	-19		
1477	7.3850	57	-19		
1478	7.3900	57	-19		
1479	7.3950	56	-19		
1480	7.4000	56	-19		
1481	7.4050	56	-19		
1482	7.4100	55	-19		
1483	7.4150	55	-19		
1484	7.4200	54	-19		
1485	7.4250	54	-18		
1486	7.4300	53	-18		
1487	7.4350	52	-18		
1488	7.4400	51	-18		
1489	7.4450	50	-18		
1490	7.4500	50	-17		
1491	7.4550	48	-17		
1492	7.4600	48	-16		
1493	7.4650	46	-16		
1494	7.4700	45	-16		
1495	7.4750	44	-15		
1496	7.4800	42	-15		
1497	7.4850	41	-14		
1498	7.4900	40	-14		
1499	7.4950	38	-14		
1500	7.5000	37	-13		
1501	7.5050	35	-12		
1502	7.5100	34	-12		
1503	7.5150	32	-11		
1504	7.5200	30	-11		
1505	7.5250	28	-10		
1506	7.5300	27	-10		
1507	7.5350	25	-9		
1508	7.5400	23	-8		
1509	7.5450	22	-8		
1510	7.5500	20	-7		
1511	7.5550	18	-6		
1512	7.5600	16	-6		
1513	7.5650	14	-5		
1514	7.5700	12	-4		
1515	7.5750	10	-4		
1516	7.5800	8	-3		
1517	7.5850	6	-2		
1518	7.5900	4	-2		
1519	7.5950	2	-1		
1520	7.6000	0	0		
1521	7.6050	-2	0		
1522	7.6100	-4	1		
1523	7.6150	-6	2		
1524	7.6200	-7	2		
1525	7.6250	-9	3		
1526	7.6300	-11	4		
1527	7.6350	-13	4		
1528	7.6400	-15	5		
1529	7.6450	-16	6		
1530	7.6500	-18	6		
1531	7.6550	-20	7		
1532	7.6600	-22	8		
1533	7.6650	-24	8		
1534	7.6700	-25	9		
1535	7.6750	-27	10		
1536	7.6800	-28	10		
1537	7.6850	-30	10		
1538	7.6900	-32	11		
1539	7.6950	-33	12		
1540	7.7000	-34	12		
1541	7.7050	-36	13		
1542	7.7100	-37	13		
1543	7.7150	-38	14		
1544	7.7200	-40	14		
1545	7.7250	-40	14		
1546	7.7300	-42	15		
1547	7.7350	-42	15		
1548	7.7400	-44	16		
1549	7.7450	-44	16		
1550	7.7500	-45	16		
1551	7.7550	-46	16		
1552	7.7600	-47	17		
1553	7.7650	-47	17		
1554	7.7700	-48	17		
1555	7.7750	-48	18		
1556	7.7800	-49	18		
1557	7.7850	-49	18		
1558	7.7900	-50	18		
1559	7.7950	-50	18		
1560	7.8000	-50	18		
1561	7.8050	-50	18		
1562	7.8100	-50	18		
1563	7.8150	-50	18		
1564	7.8200	-50	18		
1565	7.8250	-50	18		
1566	7.8300	-49	18		
1567	7.8350	-49	18		
1568	7.8400	-48	18		
1569	7.8450	-48	18		
1570	7.8500	-47	18		
1571	7.8550	-47	17		
1572	7.8600	-46	17		
1573	7.8650	-45	17		
1574	7.8700	-44	16		
1575	7.8750	-44	16		
1576	7.8800	-42	16		
1577	7.8850	-42	16		
1578	7.8900	-40	15		
1579	7.8950	-40	15		
1580	7.9000	-38	14		
1581	7.9050	-37	14		
1582	7.9100	-36	14		
1583	7.9150	-34	13		
1584	7.9200	-33	13		
1585	7.9250	-32	12		
1586	7.9300	-30	12		
1587	7.9350	-28	11		
1588	7.9400	-27	11		
1589	7.9450	-25	10		
1590	7.9500	-24	10		
1591	7.9550	-22	9		
1592	7.9600	-20	8		
1593	7.9650	-18	8		
1594	7.9700	-16	7		
1595	7.9750	-15	6		
1596	7.9800	-13	6		
1597	7.9850	-11	5		
1598	7.9900	-9	4		
1599	7.9950	-8	4		
1600	8.0000	-6	3		
1601	8.0050	-4	2		
1602	8.0100	-2	2		
1603	8.0150	0	1		
1604	8.0200	2	0		
1605	8.0250	4	0		
1606	8.0300	6	-1		
1607	8.0350	8	-2		
1608	8.0400	10	-2		
1609	8.0450	12	-3		
1610	8.0500	14	-4		
1611	8.0550	16	-4		
1612	8.0600	18	-5		
1613	8.0650	20	-6		
1614	8.0700	21	-6		
1615	8.0750	23	-7		
1616	8.0800	25	-8		
1617	8.0850	26	-8		
1618	8.0900	28	-9		
1619	8.0950	30	-9		
1620	8.1000	32	-10		
1621	8.1050	34	-10		
1622	8.1100	35	-11		
1623	8.1150	36	-12		
1624	8.1200	38	-12		
1625	8.1250	40	-13		
1626	8.1300	41	-13		
1627	8.1350	42	-14		
1628	8.1400	44	-14		
1629	8.1450	45	-14		
1630	8.1500	46	-15		
1631	8.1550	47	-16		
1632	8.1600	48	-16		
1633	8.1650	49	-16		
1634	8.1700	50	-16		
1635	8.1750	51	-17		
1636	8.1800	52	-17		
1637	8.1850	52	-18		
1638	8.1900	53	-18		
1639	8.1950	54	-18		
1640	8.2000	54	-18		
1641	8.2050	55	-18		
1642	8.2100	55	-19		
1643	8.2150	56	-19		
1644	8.2200	56	-19		
1645	8.2250	56	-19		
1646	8.2300	56	-19		
1647	8.2350	56	-19		
1648	8.2400	56	-19		
1649	8.2450	56	-19		
1650	8.2500	56	-19		
1651	8.2550	56	-19		
1652	8.2600	56	-19		
1653	8.2650	55	-19		
1654	8.2700	55	-19		
1655	8.2750	54	-19		
1656	8.2800	54	-19		
1657	8.2850	53	-18		
1658	8.2900	52	-18		
1659	8.2950	52	-18		
1660	8.3000	51	-18		
1661	8.3050	50	-18		
1662	8.3100	49	-17		
1663	8.3150	48	-17		
1664	8.3200	47	-17		
1665	8.3250	46	-16		
1666	8.3300	44	-16		
1667	8.3350	44	-16		
1668	8.3400	42	-15		
1669	8.3450	41	-14		
1670	8.3500	40	-14		
1671	8.3550	38	-14		
1672	8.3600	36	-13		
1673	8.3650	35	-13		
1674	8.3700	34	-12		
1675	8.3750	32	-12		
1676	8.3800	30	-11		
1677	8.3850	28	-10		
1678	8.3900	27	-10		
1679	8.3950	25	-9		
1680	8.4000	23	-9		
1681	8.4050	21	-8		
1682	8.4100	20	-7		
1683	8.4150	18	-7		
1684	8.4200	16	-6		
1685	8.4250	14	-6		
1686	8.4300	12	-5		
1687	8.4350	10	-4		
1688	8.4400	8	-4		
1689	8.4450	6	-3		
1690	8.4500	4	-2		
1691	8.4550	2	-1		
1692	8.4600	0	-1		
1693	8.4650	-2	0		
1694	8.4700	-3	1		
1695	8.4750	-5	1		
1696	8.4800	-7	2		
1697	8.4850	-9	3		
1698	8.4900	-11	4		
1699	8.4950	-13	4		
1700	8.5000	-14	5		
1701	8.5050	-16	6		
1702	8.5100	-18	6		
1703	8.5150	-20	7		
1704	8.5200	-22	7		
1705	8.5250	-24	8		
1706	8.5300	-25	8		
1707	8.5350	-26	9		
1708	8.5400	-28	10		
1709	8.5450	-30	10		
1710	8.5500	-31	11		
1711	8.5550	-32	12		
1712	8.5600	-34	12		
1713	8.5650	-35	12		
1714	8.5700	-36	13		
1715	8.5750	-38	14		
1716	8.5800	-39	14		
1717	8.5850	-40	14		
1718	8.5900	-41	15		
1719	8.5950	-42	15		
1720	8.6000	-43	15		
1721	8.6050	-44	16		
1722	8.6100	-45	16		
1723	8.6150	-46	16		
1724	8.6200	-46	17		
1725	8.6250	-47	17		
1726	8.6300	-48	17		
1727	8.6350	-48	17		
1728	8.6400	-48	18		
1729	8.6450	-49	18		
1730	8.6500	-49	18		
1731	8.6550	-49	18		
1732	8.6600	-50	18		
1733	8.6650	-50	18		
1734	8.6700	-50	18		
1735	8.6750	-50	18		
1736	8.6800	-49	18		
1737	8.6850	-49	18		
1738	8.6900	-49	18		
1739	8.6950	-48	18		
1740	8.7000	-48	18		
1741	8.7050	-48	18		
1742	8.7100	-47	18		
1743	8.7150	-46	17		
1744	8.7200	-46	17		
1745	8.7250	-45	17		
1746	8.7300	-44	17		
1747	8.7350	-43	16		
1748	8.7400	-42	16		
1749	8.7450	-41	16		
1750	8.7500	-40	16		
1751	8.7550	-39	15		
1752	8.7600	-38	14		
1753	8.7650	-37	14		
1754	8.7700	-36	14		
1755	8.7750	-34	14		
1756	8.7800	-33	13		
1757	8.7850	-31	12		
1758	8.7900	-30	12		
1759	8.7950	-28	12		
1760	8.8000	-27	11		
1761	8.8050	-25	10		
1762	8.8100	-23	10		
1763	8.8150	-22	9		
1764	8.8200	-20	8		
1765	8.8250	-18	8		
1766	8.8300	-16	8		
1767	8.8350	-14	7		
1768	8.8400	-13	6		
1769	8.8450	-11	6		
1770	8.8500	-9	5		
1771	8.8550	-7	4		
1772	8.8600	-6	4		
1773	8.8650	-4	3		
1774	8.8700	-2	2		
1775	8.8750	0	2		
1776	8.8800	2	1		
1777	8.8850	4	0		
1778	8.8900	6	0		
1779	8.8950	8	-1		
1780	8.9000	10	-2		
1781	8.9050	12	-2		
1782	8.9100	14	-3		
1783	8.9150	16	-4		
1784	8.9200	18	-4		
1785	8.9250	20	-5		
1786	8.9300	21	-6		
1787	8.9350	23	-6		
1788	8.9400	25	-7		
1789	8.9450	26	-8		
1790	8.9500	28	-8		
1791	8.9550	30	-9		
1792	8.9600	32	-10		
1793	8.9650	33	-10		
1794	8.9700	35	-11		
1795	8.9750	36	-11		
1796	8.9800	38	-12		
1797	8.9850	39	-12		
1798	8.9900	40	-13		
1799	8.9950	42	-13		
1800	9.0000	43	-14		
1801	9.0050	44	-14		
1802	9.0100	46	-15		
1803	9.0150	47	-15		
1804	9.0200	48	-16		
1805	9.0250	49	-16		
1806	9.0300	50	-16		
1807	9.0350	51	-17		
1808	9.0400	52	-17		
1809	9.0450	52	-18		
1810	9.0500	53	-18		
1811	9.0550	54	-18		
1812	9.0600	54	-18		
1813	9.0650	54	-18		
1814	9.0700	55	-19		
1815	9.0750	56	-19		
1816	9.0800	56	-19		
1817	9.0850	56	-19		
1818	9.0900	56	-19		
1819	9.0950	56	-19		
1820	9.1000	56	-19		
1821	9.1050	56	-19		
1822	9.1100	56	-19		
1823	9.1150	56	-19		
1824	9.1200	56	-19		
1825	9.1250	55	-19		
1826	9.1300	54	-19		
1827	9.1350	54	-19		
1828	9.1400	54	-19		
1829	9.1450	53	-19		
1830	9.1500	52	-18		
1831	9.1550	52	-18		
1832	9.1600	51	-18		
1833	9.1650	50	-18		
1834	9.1700	49	-18		
1835	9.1750	48	-17		
1836	9.1800	47	-17		
1837	9.1850	46	-16		
1838	9.1900	44	-16		
1839	9.1950	43	-16		
1840	9.2000	42	-15		
1841	9.2050	40	-15		
1842	9.2100	39	-14		
1843	9.2150	38	-14		
1844	9.2200	36	-14		
1845	9.2250	35	-13		
1846	9.2300	33	-12		
1847	9.2350	32	-12		
1848	9.2400	30	-11		
1849	9.2450	28	-11		
1850	9.2500	26	-10		
1851	9.2550	25	-10		
1852	9.2600	23	-9		
1853	9.2650	21	-8		
1854	9.2700	20	-8		
1855	9.2750	18	-7		
1856	9.2800	16	-6		
1857	9.2850	14	-6		
1858	9.2900	12	-5		
1859	9.2950	10	-4		
1860	9.3000	8	-4		
1861	9.3050	6	-3		
1862	9.3100	4	-2		
1863	9.3150	2	-2		
1864	9.3200	0	-1		
1865	9.3250	-2	0		
1866	9.3300	-4	0		
1867	9.3350	-5	1		
1868	9.3400	-7	2		
1869	9.3450	-9	2		
1870	9.3500	-11	3		
1871	9.3550	-13	4		
1872	9.3600	-15	4		
1873	9.3650	-16	5		
1874	9.3700	-18	6		
1875	9.3750	-20	6		
1876	9.3800	-22	7		
1877	9.3850	-24	8		
1878	9.3900	-25	8		
1879	9.3950	-26	9		
1880	9.4000	-28	10		
1881	9.4050	-30	10		
1882	9.4100	-31	10		
1883	9.4150	-33	11		
1884	9.4200	-34	12		
1885	9.4250	-36	12		
1886	9.4300	-37	13		
1887	9.4350	-38	13		
1888	9.4400	-39	14		
1889	9.4450	-40	14		
1890	9.4500	-41	14		
1891	9.4550	-42	15		
1892	9.4600	-43	15		
1893	9.4650	-44	16		
1894	9.4700	-45	16		
1895	9.4750	-46	16		
1896	9.4800	-46	16		
1897	9.4850	-47	17		
1898	9.4900	-48	17		
1899	9.4950	-48	17		
1900	9.5000	-48	18		
1901	9.5050	-49	18		
1902	9.5100	-49	18		
1903	9.5150	-49	18		
1904	9.5200	-50	18		
1905	9.5250	-50	18		
1906	9.5300	-50	18		
1907	9.5350	-50	18		
1908	9.5400	-50	18		
1909	9.5450	-49	18		
1910	9.5500	-49	18		
1911	9.5550	-48	18		
1912	9.5600	-48	18		
1913	9.5650	-48	18		
1914	9.5700	-47	18		
1915	9.5750	-46	18		
1916	9.5800	-46	17		
1917	9.5850	-45	17		
1918	9.5900	-44	17		
1919	9.5950	-43	16		
1920	9.6000	-42	16		
1921	9.6050	-41	16		
1922	9.6100	-40	16		
1923	9.6150	-39	15		
1924	9.6200	-38	15		
1925	9.6250	-36	14		
1926	9.6300	-36	14		
1927	9.6350	-34	14		
1928	9.6400	-33	13		
1929	9.6450	-31	13		
1930	9.6500	-30	12		
1931	9.6550	-28	12		
1932	9.6600	-26	11		
1933	9.6650	-25	10		
1934	9.6700	-24	10		
1935	9.6750	-22	10		
1936	9.6800	-20	9		
1937	9.6850	-18	8		
1938	9.6900	-16	8		
1939	9.6950	-15	7		
1940	9.7000	-13	6		
1941	9.7050	-11	6		
1942	9.7100	-9	5		
1943	9.7150	-7	4		
1944	9.7200	-5	4		
1945	9.7250	-3	3		
1946	9.7300	-2	2		
1947	9.7350	0	2		
1948	9.7400	2	1		
1949	9.7450	4	0		
1950	9.7500	6	0		
1951	9.7550	8	-1		
1952	9.7600	10	-2		
1953	9.7650	12	-2		
1954	9.7700	14	-3		
1955	9.7750	16	-4		
1956	9.7800	18	-4		
1957	9.7850	20	-5		
1958	9.7900	21	-6		
1959	9.7950	23	-6		
1960	9.8000	25	-7		
1961	9.8050	27	-8		
1962	9.8100	28	-8		
1963	9.8150	30	-9		
1964	9.8200	32	-9		
1965	9.8250	34	-10		
1966	9.8300	35	-10		
1967	9.8350	36	-11		
1968	9.8400	38	-12		
1969	9.8450	40	-12		
1970	9.8500	41	-13		
1971	9.8550	42	-13		
1972	9.8600	44	-14		
1973	9.8650	45	-14		
1974	9.8700	46	-14		
1975	9.8750	47	-15		
1976	9.8800	48	-16		
1977	9.8850	49	-16		
1978	9.8900	50	-16		
1979	9.8950	51	-16		
1980	9.9000	52	-17		
1981	9.9050	52	-17		
1982	9.9100	53	-18		
1983	9.9150	54	-18		
1984	9.9200	54	-18		
1985	9.9250	55	-18		
1986	9.9300	55	-18		
1987	9.9350	56	-19		
1988	9.9400	56	-19		
1989	9.9450	56	-19		
1990	9.9500	56	-19		
1991	9.9550	56	-19		
1992	9.9600	56	-19		
1993	9.9650	56	-19		
1994	9.9700	56	-19		
1995	9.9750	56	-19		
1996	9.9800	56	-19		
1997	9.9850	55	-19		
1998	9.9900	55	-19		
1999	9.9950	54	-19		
2000	10.0000	54	-19		
